0 0.055714285714285716 0.08188585607940446 0.03428571428571429 0.1488833746898263
0 0.08785714285714286 0.05831265508684864 0.03857142857142857 0.11662531017369727
0 0.14214285714285715 0.07196029776674938 0.041428571428571426 0.14392059553349876
0 0.1442857142857143 0.12779156327543426 0.04285714285714286 0.16129032258064516
0 0.2057142857142857 0.10421836228287841 0.02857142857142857 0.1687344913151365
0 0.19714285714285715 0.07692307692307693 0.02857142857142857 0.15384615384615385
0 0.13357142857142856 0.6265508684863523 0.03571428571428571 0.19106699751861042
0 0.32571428571428573 0.5955334987593052 0.045714285714285714 0.17866004962779156
0 0.44 0.5930521091811415 0.05142857142857143 0.20843672456575682
0 0.19785714285714287 0.9714640198511166 0.03857142857142857 0.05707196029776675
0 0.25357142857142856 0.9354838709677419 0.05285714285714286 0.12903225806451613
0 0.8928571428571429 0.17866004962779156 0.05142857142857143 0.1588089330024814
0 0.83 0.5186104218362283 0.06 0.16377171215880892
0 0.6735714285714286 0.49379652605459057 0.041428571428571426 0.13399503722084366
0 0.5528571428571428 0.7009925558312655 0.03428571428571429 0.11662531017369727
0 0.6042857142857143 0.6972704714640199 0.06571428571428571 0.228287841191067
0 0.7307142857142858 0.8833746898263027 0.07 0.22332506203473945
0 0.8114285714285714 0.7034739454094293 0.04285714285714286 0.1315136476426799
0 0.8385714285714285 0.7109181141439206 0.06857142857142857 0.21588089330024815
0 0.865 0.7741935483870968 0.047142857142857146 0.21836228287841192
