0 0.39 0.96724 0.08 0.31379
0 0.051 0.91724 0.102 0.29655
0 0.064 0.89138 0.096 0.3
0 0.262 0.87414 0.068 0.27931
0 0.457 0.7 0.054 0.25517
0 0.073 0.63276 0.058 0.12759
0 0.137 0.65862 0.05 0.13103
0 0.214 0.58966 0.04 0.21379
0 0.277 0.55172 0.038 0.22759
0 0.318 0.57931 0.048 0.2
0 0.318 0.53448 0.028 0.09655
0 0.631 0.53103 0.042 0.17241
0 0.673 0.52069 0.054 0.16552
0 0.858 0.54655 0.068 0.19655
0 0.95 0.6069 0.06 0.22759
0 0.819 0.51552 0.054 0.1
0 0.96 0.53966 0.044 0.18966
0 0.912 0.33276 0.032 0.13448
0 0.857 0.35517 0.034 0.06207
0 0.81 0.34483 0.04 0.06897
0 0.619 0.35517 0.03 0.10345
0 0.642 0.32759 0.02 0.09655
0 0.39 0.43793 0.048 0.15862
0 0.471 0.45172 0.054 0.10345
0 0.444 0.4569 0.032 0.07241
0 0.298 0.36207 0.036 0.13793
0 0.236 0.27931 0.024 0.13103
0 0.375 0.27931 0.022 0.09655
0 0.486 0.25517 0.024 0.11034
0 0.516 0.24828 0.028 0.06207
0 0.438 0.22586 0.02 0.07931
0 0.409 0.2069 0.026 0.09655
0 0.145 0.18966 0.014 0.07586
0 0.099 0.16724 0.014 0.06552
0 0.319 0.11552 0.018 0.08621
0 0.5 0.21552 0.02 0.08621
0 0.51 0.18276 0.012 0.06207
