0 0.836 0.93966 0.02 0.03793
0 0.867 0.9 0.022 0.04138
0 0.833 0.86552 0.022 0.04138
0 0.772 0.97241 0.02 0.05517
0 0.365 0.72069 0.018 0.06207
0 0.991 0.87241 0.022 0.04828
0 0.99 0.84655 0.028 0.05862
0 0.998 0.82586 0.02 0.07241
0 0.997 0.5931 0.014 0.03448
0 0.928 0.58621 0.012 0.02759
0 0.886 0.78793 0.024 0.03793
0 0.866 0.73276 0.02 0.04483
0 0.873 0.73621 0.018 0.03793
0 0.84 0.7 0.016 0.04138
0 0.82 0.83103 0.02 0.08276
0 0.828 0.78966 0.016 0.06897
0 0.801 0.74655 0.022 0.07241
0 0.858 0.6569 0.016 0.05172
0 0.863 0.61207 0.014 0.05172
0 0.888 0.59483 0.012 0.04483
0 0.847 0.61897 0.01 0.03793
