0 0.007857142857142858 0.2972636815920398 0.007142857142857143 0.03731343283582089
0 0.019285714285714285 0.2997512437810945 0.01 0.03731343283582089
0 0.04642857142857143 0.4552238805970149 0.01 0.03980099502487562
0 0.017857142857142856 0.4092039800995025 0.01 0.03731343283582089
0 0.2792857142857143 0.6592039800995025 0.012857142857142857 0.04975124378109453
0 0.29428571428571426 0.6417910447761194 0.014285714285714285 0.04975124378109453
0 0.03142857142857143 0.9390547263681592 0.02 0.0472636815920398
0 0.04857142857142857 0.7910447761194029 0.011428571428571429 0.03482587064676617
0 0.04928571428571429 0.7798507462686567 0.012857142857142857 0.04228855721393035
0 0.024285714285714285 0.6616915422885572 0.011428571428571429 0.029850746268656716
0 0.03214285714285714 0.6654228855721394 0.01 0.022388059701492536
0 0.18 0.39303482587064675 0.008571428571428572 0.03980099502487562
0 0.17142857142857143 0.3818407960199005 0.008571428571428572 0.04228855721393035
0 0.20214285714285715 0.26616915422885573 0.01 0.029850746268656716
