0 0.7064285714285714 0.7475124378109452 0.015714285714285715 0.03731343283582089
0 0.8771428571428571 0.8134328358208955 0.014285714285714285 0.04477611940298507
0 0.8764285714285714 0.8171641791044776 0.01 0.03233830845771144
0 0.8928571428571429 0.8171641791044776 0.011428571428571429 0.0472636815920398
0 0.9035714285714286 0.8121890547263682 0.01 0.04228855721393035
0 0.9028571428571428 0.8034825870646766 0.008571428571428572 0.04975124378109453
0 0.8121428571428572 0.4141791044776119 0.004285714285714286 0.02736318407960199
0 0.9985714285714286 0.40671641791044777 0.008571428571428572 0.022388059701492536
0 0.9107142857142857 0.4527363184079602 0.007142857142857143 0.024875621890547265
0 0.9035714285714286 0.31965174129353235 0.007142857142857143 0.02736318407960199
0 0.9314285714285714 0.25 0.005714285714285714 0.017412935323383085
