0 0.941 0.9413793103448276 0.066 0.2896551724137931
0 0.606 0.9913793103448276 0.064 0.2655172413793103
0 0.572 0.6293103448275862 0.06 0.23793103448275862
0 0.557 0.4 0.042 0.15862068965517243
0 0.512 0.4017241379310345 0.04 0.15517241379310345
0 0.183 0.6706896551724137 0.07 0.23793103448275862
0 0.138 0.32241379310344825 0.044 0.12758620689655173
0 0.445 0.6620689655172414 0.046 0.15862068965517243
0 0.443 0.6275862068965518 0.05 0.1310344827586207
0 0.434 0.596551724137931 0.052 0.13793103448275862
0 0.446 0.43103448275862066 0.04 0.16551724137931034
0 0.372 0.33448275862068966 0.036 0.11724137931034483
0 0.346 0.3293103448275862 0.024 0.10689655172413794
0 0.009 0.16724137931034483 0.018 0.08620689655172414
0 0.026 0.16551724137931034 0.032 0.08275862068965517
0 0.136 0.10344827586206896 0.028 0.07586206896551724
0 0.066 0.04655172413793104 0.016 0.04482758620689655
0 0.082 0.05 0.02 0.04482758620689655
0 0.014 0.04482758620689655 0.02 0.04827586206896552
0 0.257 0.10689655172413794 0.022 0.07586206896551724
0 0.278 0.09310344827586207 0.02 0.06206896551724138
0 0.265 0.05172413793103448 0.014 0.04827586206896552
0 0.283 0.04655172413793104 0.018 0.04482758620689655
0 0.307 0.1206896551724138 0.014 0.04827586206896552
0 0.336 0.1103448275862069 0.012 0.05517241379310345
0 0.344 0.10862068965517241 0.012 0.05172413793103448
0 0.28 0.2103448275862069 0.024 0.10344827586206896
0 0.281 0.20862068965517241 0.042 0.08620689655172414
0 0.389 0.2 0.03 0.1103448275862069
0 0.359 0.1724137931034483 0.026 0.09655172413793103
0 0.369 0.13275862068965516 0.026 0.09310344827586207
0 0.378 0.07758620689655173 0.02 0.05862068965517241
0 0.39 0.08275862068965517 0.02 0.06896551724137931
0 0.433 0.1103448275862069 0.022 0.09655172413793103
0 0.455 0.17586206896551723 0.026 0.09655172413793103
0 0.471 0.1810344827586207 0.018 0.09310344827586207
0 0.484 0.1724137931034483 0.024 0.09655172413793103
0 0.449 0.11379310344827587 0.018 0.06896551724137931
