0 0.58286 0.83582 0.03429 0.11443
0 0.62786 0.81095 0.03286 0.11443
0 0.79214 0.66915 0.03857 0.09453
0 0.74357 0.65547 0.03 0.08706
0 0.37643 0.81095 0.03286 0.11443
0 0.31429 0.83831 0.03143 0.10448
0 0.13357 0.8209 0.03286 0.11443
0 0.09 0.8097 0.02857 0.08209
0 0.48071 0.85572 0.04714 0.1194
0 0.50214 0.83333 0.03571 0.1194
0 0.83857 0.801 0.03143 0.11443
0 0.85286 0.79975 0.02286 0.08706
0 0.15 0.72886 0.01714 0.05473
0 0.17 0.72637 0.02286 0.06468
0 0.13071 0.70647 0.03 0.0597
0 0.41143 0.67537 0.01714 0.10199
0 0.44429 0.70647 0.03143 0.05473
0 0.43286 0.67537 0.01714 0.10199
0 0.57929 0.64428 0.01286 0.03483
0 0.75929 0.59701 0.01857 0.09453
0 0.77929 0.56095 0.02143 0.09204
0 0.76643 0.54104 0.02143 0.09204
