0 0.5564285714285714 0.7587064676616916 0.012857142857142857 0.05472636815920398
0 0.15571428571428572 0.8557213930348259 0.017142857142857144 0.04975124378109453
0 0.15571428571428572 0.8345771144278606 0.022857142857142857 0.05721393034825871
0 0.16142857142857142 0.6803482587064676 0.022857142857142857 0.06716417910447761
0 0.13 0.27114427860696516 0.008571428571428572 0.05472636815920398
0 0.14357142857142857 0.27487562189054726 0.007142857142857143 0.0472636815920398
0 0.13642857142857143 0.2810945273631841 0.004285714285714286 0.03482587064676617
0 0.1392857142857143 0.27487562189054726 0.007142857142857143 0.0472636815920398
0 0.11857142857142858 0.1417910447761194 0.008571428571428572 0.03980099502487562
0 0.05857142857142857 0.09203980099502487 0.008571428571428572 0.029850746268656716
