0 0.178 0.03103448275862069 0.012 0.06206896551724138
0 0.012 0.4206896551724138 0.024 0.08275862068965517
0 0.033 0.3810344827586207 0.026 0.05862068965517241
0 0.077 0.3741379310344828 0.034 0.07931034482758621
0 0.3 0.19310344827586207 0.024 0.0896551724137931
0 0.331 0.3 0.014 0.05517241379310345
0 0.346 0.2896551724137931 0.02 0.09655172413793103
0 0.351 0.2396551724137931 0.03 0.07241379310344828
0 0.39 0.032758620689655175 0.028 0.04482758620689655
0 0.403 0.09482758620689655 0.018 0.08620689655172414
0 0.392 0.09137931034482759 0.012 0.03103448275862069
0 0.385 0.10689655172413794 0.01 0.06896551724137931
0 0.492 0.13275862068965516 0.036 0.04482758620689655
0 0.534 0.13448275862068965 0.024 0.06896551724137931
0 0.559 0.12931034482758622 0.022 0.07931034482758621
0 0.49 0.38448275862068965 0.024 0.09310344827586207
0 0.437 0.9655172413793104 0.03 0.06206896551724138
0 0.609 0.022413793103448276 0.014 0.04482758620689655
0 0.689 0.039655172413793106 0.018 0.06551724137931035
0 0.76 0.056896551724137934 0.02 0.07931034482758621
0 0.731 0.11206896551724138 0.022 0.05862068965517241
0 0.777 0.09137931034482759 0.014 0.04482758620689655
0 0.798 0.08793103448275862 0.02 0.07931034482758621
0 0.833 0.06551724137931035 0.018 0.07586206896551724
0 0.715 0.039655172413793106 0.018 0.07931034482758621
0 0.898 0.029310344827586206 0.02 0.05862068965517241
0 0.921 0.03103448275862069 0.022 0.06206896551724138
0 0.981 0.12931034482758622 0.01 0.03103448275862069
0 0.971 0.11551724137931034 0.014 0.03103448275862069
0 0.963 0.11379310344827587 0.018 0.08275862068965517
0 0.942 0.11206896551724138 0.02 0.04482758620689655
0 0.935 0.1310344827586207 0.018 0.0896551724137931
0 0.845 0.4810344827586207 0.03 0.08620689655172414
0 0.812 0.47758620689655173 0.016 0.08620689655172414
0 0.788 0.46379310344827585 0.02 0.1206896551724138
0 0.801 0.42931034482758623 0.018 0.07931034482758621
0 0.814 0.4396551724137931 0.016 0.05862068965517241
0 0.845 0.44655172413793104 0.014 0.05862068965517241
0 0.859 0.4396551724137931 0.014 0.05172413793103448
0 0.874 0.41206896551724137 0.016 0.05862068965517241
0 0.871 0.4896551724137931 0.014 0.05517241379310345
0 0.886 0.4793103448275862 0.016 0.05517241379310345
0 0.893 0.45 0.014 0.04482758620689655
0 0.901 0.41206896551724137 0.014 0.08620689655172414
0 0.951 0.5310344827586206 0.022 0.1103448275862069
0 0.951 0.7137931034482758 0.026 0.1310344827586207
