0 0.3442857142857143 0.7736318407960199 0.022857142857142857 0.07462686567164178
0 0.855 0.6592039800995025 0.041428571428571426 0.1044776119402985
0 0.8828571428571429 0.6480099502487562 0.017142857142857144 0.07711442786069651
0 0.8985714285714286 0.6480099502487562 0.02 0.09701492537313433
0 0.9821428571428571 0.6393034825870647 0.015714285714285715 0.09950248756218906
0 0.14 0.7263681592039801 0.011428571428571429 0.07462686567164178
0 0.12642857142857142 0.7151741293532339 0.02142857142857143 0.11194029850746269
0 0.10571428571428572 0.6977611940298507 0.02 0.07213930348258707
0 0.06785714285714285 0.7077114427860697 0.015714285714285715 0.11691542288557213
0 0.05 0.7213930348258707 0.02 0.11940298507462686
0 0.03357142857142857 0.7014925373134329 0.024285714285714285 0.11940298507462686
0 0.016428571428571428 0.6965174129353234 0.032857142857142856 0.11940298507462686
0 0.06357142857142857 0.6629353233830846 0.024285714285714285 0.09203980099502487
