0 0.2592857142857143 0.9825870646766169 0.01 0.03980099502487562
0 0.2914285714285714 0.9925373134328358 0.017142857142857144 0.05472636815920398
0 0.33714285714285713 0.9912935323383084 0.04857142857142857 0.0472636815920398
0 0.8464285714285714 0.9689054726368159 0.007142857142857143 0.0472636815920398
0 0.8592857142857143 0.9689054726368159 0.01 0.03731343283582089
0 0.8521428571428571 0.9639303482587065 0.01 0.06218905472636816
0 0.49 0.9614427860696517 0.011428571428571429 0.0472636815920398
0 0.475 0.9639303482587065 0.01 0.04228855721393035
0 0.47928571428571426 0.9490049751243781 0.01 0.02736318407960199
0 0.36 0.8519900497512438 0.008571428571428572 0.022388059701492536
0 0.35285714285714287 0.8781094527363185 0.008571428571428572 0.029850746268656716
0 0.3964285714285714 0.8743781094527363 0.007142857142857143 0.02736318407960199
0 0.39357142857142857 0.8793532338308457 0.007142857142857143 0.02736318407960199
0 0.3807142857142857 0.8805970149253731 0.007142857142857143 0.029850746268656716
0 0.37357142857142855 0.8805970149253731 0.01 0.03482587064676617
