0 0.9157142857142857 0.24378109452736318 0.005714285714285714 0.03482587064676617
0 0.9214285714285714 0.263681592039801 0.008571428571428572 0.03482587064676617
0 0.9392857142857143 0.30472636815920395 0.01 0.02736318407960199
0 0.9035714285714286 0.2848258706467662 0.01 0.04228855721393035
0 0.8985714285714286 0.2960199004975124 0.008571428571428572 0.01990049751243781
0 0.8692857142857143 0.23383084577114427 0.007142857142857143 0.03482587064676617
0 0.86 0.2300995024875622 0.011428571428571429 0.04228855721393035
0 0.8471428571428572 0.3383084577114428 0.005714285714285714 0.03482587064676617
0 0.8914285714285715 0.3743781094527363 0.005714285714285714 0.04228855721393035
0 0.8992857142857142 0.3694029850746269 0.007142857142857143 0.03233830845771144
0 0.8435714285714285 0.5161691542288557 0.01 0.05223880597014925
0 0.79 0.5248756218905473 0.008571428571428572 0.03482587064676617
0 0.7792857142857142 0.5783582089552238 0.01 0.03731343283582089
0 0.8435714285714285 0.7425373134328358 0.01 0.03731343283582089
0 0.8321428571428572 0.7412935323383084 0.01 0.03980099502487562
