0 0.057 0.09482758620689655 0.022 0.07241379310344828
0 0.056 0.08103448275862069 0.028 0.08620689655172414
0 0.083 0.2413793103448276 0.034 0.09655172413793103
0 0.083 0.23448275862068965 0.038 0.10344827586206896
0 0.891 0.8568965517241379 0.05 0.1896551724137931
0 0.208 0.5 0.044 0.1103448275862069
0 0.277 0.9603448275862069 0.062 0.07931034482758621
0 0.669 0.8379310344827586 0.054 0.20689655172413793
0 0.714 0.8931034482758621 0.044 0.21379310344827587
0 0.685 0.9620689655172414 0.03 0.07586206896551724
0 0.6 0.9120689655172414 0.044 0.17586206896551723
0 0.51 0.8448275862068966 0.068 0.2206896551724138
0 0.345 0.7344827586206897 0.054 0.16551724137931034
0 0.232 0.7293103448275862 0.052 0.15517241379310345
