0 0.6585714285714286 0.12406947890818859 0.014285714285714285 0.04962779156327544
0 0.5757142857142857 0.3163771712158809 0.017142857142857144 0.08684863523573201
0 0.5914285714285714 0.3238213399503722 0.014285714285714285 0.052109181141439205
0 0.4942857142857143 0.25682382133995035 0.014285714285714285 0.07196029776674938
0 0.5192857142857142 0.2531017369727047 0.018571428571428572 0.06947890818858561
0 0.4692857142857143 0.6054590570719603 0.024285714285714285 0.0794044665012407
0 0.2557142857142857 0.5347394540942928 0.025714285714285714 0.0967741935483871
0 0.07642857142857143 0.02481389578163772 0.012857142857142857 0.034739454094292806
0 0.10285714285714286 0.03598014888337469 0.017142857142857144 0.03225806451612903
0 0.465 0.03225806451612903 0.012857142857142857 0.03970223325062035
