0 0.22142857142857142 0.5521091811414393 0.05142857142857143 0.1662531017369727
0 0.24642857142857144 0.47022332506203474 0.055714285714285716 0.1761786600496278
0 0.3107142857142857 0.41687344913151364 0.03857142857142857 0.1687344913151365
0 0.3342857142857143 0.3052109181141439 0.04 0.10918114143920596
0 0.3892857142857143 0.2456575682382134 0.03571428571428571 0.14392059553349876
0 0.3535714285714286 0.06575682382133995 0.03571428571428571 0.1315136476426799
0 0.30357142857142855 0.09181141439205956 0.032857142857142856 0.1687344913151365
0 0.06928571428571428 0.45037220843672454 0.04428571428571428 0.1662531017369727
0 0.11428571428571428 0.44044665012406947 0.04 0.17121588089330025
0 0.23785714285714285 0.34491315136476425 0.05285714285714286 0.13399503722084366
0 0.2714285714285714 0.303970223325062 0.045714285714285714 0.1761786600496278
0 0.039285714285714285 0.29156327543424315 0.041428571428571426 0.1662531017369727
0 0.08071428571428571 0.3771712158808933 0.027142857142857142 0.18362282878411912
0 0.16 0.4044665012406948 0.05142857142857143 0.17866004962779156
0 0.9921428571428571 0.18610421836228289 0.032857142857142856 0.09925558312655088
