0 0.731 0.5655172413793104 0.018 0.041379310344827586
0 0.861 0.6362068965517241 0.022 0.08620689655172414
0 0.252 0.27413793103448275 0.012 0.04482758620689655
0 0.252 0.2689655172413793 0.016 0.05517241379310345
0 0.534 0.02586206896551724 0.012 0.05172413793103448
0 0.541 0.1793103448275862 0.018 0.05517241379310345
0 0.538 0.1793103448275862 0.012 0.04827586206896552
0 0.613 0.4396551724137931 0.018 0.04482758620689655
0 0.769 0.16724137931034483 0.022 0.05172413793103448
0 0.79 0.16551724137931034 0.016 0.027586206896551724
0 0.8 0.034482758620689655 0.012 0.04827586206896552
0 0.818 0.04310344827586207 0.012 0.03793103448275862
0 0.84 0.11724137931034483 0.016 0.04827586206896552
0 0.876 0.08448275862068966 0.02 0.04482758620689655
0 0.961 0.12241379310344827 0.022 0.05172413793103448
0 0.989 0.15344827586206897 0.018 0.04482758620689655
