0 0.409 0.67414 0.034 0.0931
0 0.195 0.58966 0.026 0.11724
0 0.185 0.58276 0.05 0.15172
0 0.298 0.60172 0.048 0.16207
0 0.355 0.55345 0.034 0.16207
0 0.386 0.41724 0.024 0.07586
0 0.389 0.40345 0.03 0.08276
0 0.489 0.35345 0.026 0.0931
0 0.588 0.46552 0.032 0.06897
0 0.637 0.60517 0.034 0.13448
0 0.66 0.61207 0.028 0.12069
0 0.671 0.59828 0.03 0.12069
0 0.412 0.50345 0.028 0.11724
0 0.394 0.54655 0.032 0.11379
0 0.528 0.35862 0.02 0.08966
0 0.512 0.35345 0.024 0.0931
0 0.639 0.41207 0.022 0.1
0 0.562 0.37931 0.02 0.08966
0 0.556 0.38103 0.016 0.08621
0 0.662 0.30517 0.016 0.06552
0 0.637 0.30345 0.022 0.07586
0 0.661 0.51207 0.018 0.07241
0 0.691 0.50517 0.018 0.0931
0 0.736 0.57241 0.028 0.09655
0 0.684 0.43448 0.028 0.06207
0 0.71 0.45345 0.02 0.07241
0 0.714 0.51552 0.02 0.07931
0 0.756 0.47931 0.024 0.09655
0 0.732 0.46724 0.02 0.07241
0 0.731 0.41897 0.022 0.07931
0 0.751 0.39483 0.018 0.06552
0 0.771 0.38276 0.018 0.06897
0 0.596 0.53103 0.04 0.08966
