0 0.8364285714285714 0.7848258706467661 0.015714285714285715 0.08208955223880597
0 0.8592857142857143 0.7077114427860697 0.015714285714285715 0.07213930348258707
0 0.8535714285714285 0.7624378109452736 0.015714285714285715 0.07213930348258707
0 0.9128571428571428 0.8445273631840796 0.017142857142857144 0.09701492537313433
0 0.9257142857142857 0.832089552238806 0.014285714285714285 0.09203980099502487
0 0.9921428571428571 0.7400497512437811 0.012857142857142857 0.07711442786069651
0 0.9642857142857143 0.6990049751243781 0.014285714285714285 0.07462686567164178
0 0.9735714285714285 0.6927860696517413 0.015714285714285715 0.06716417910447761
0 0.6728571428571428 0.4539800995024876 0.014285714285714285 0.07213930348258707
0 0.5985714285714285 0.40049751243781095 0.011428571428571429 0.05472636815920398
0 0.5885714285714285 0.40298507462686567 0.011428571428571429 0.05472636815920398
0 0.5685714285714286 0.4129353233830846 0.017142857142857144 0.05970149253731343
0 0.5457142857142857 0.39800995024875624 0.008571428571428572 0.04975124378109453
0 0.5042857142857143 0.39925373134328357 0.011428571428571429 0.04228855721393035
0 0.3678571428571429 0.4141791044776119 0.012857142857142857 0.03731343283582089
0 0.36142857142857143 0.41044776119402987 0.008571428571428572 0.04477611940298507
0 0.33071428571428574 0.4166666666666667 0.015714285714285715 0.02736318407960199
0 0.31285714285714283 0.4116915422885572 0.014285714285714285 0.0472636815920398
0 0.2985714285714286 0.40671641791044777 0.014285714285714285 0.04228855721393035
0 0.255 0.4141791044776119 0.012857142857142857 0.03731343283582089
0 0.095 0.43283582089552236 0.012857142857142857 0.03980099502487562
0 0.08357142857142857 0.43532338308457713 0.01 0.03980099502487562
0 0.085 0.42412935323383083 0.01 0.04228855721393035
0 0.6828571428571428 0.6517412935323383 0.014285714285714285 0.05970149253731343
