0 0.99429 0.39677 0.03714 0.14677
0 0.885 0.37438 0.03571 0.15174
0 0.86357 0.4005 0.02714 0.16418
0 0.81929 0.4602 0.02714 0.1393
0 0.79071 0.41045 0.03 0.16915
0 0.65143 0.27612 0.03429 0.16418
0 0.425 0.26368 0.03 0.11443
0 0.46429 0.30846 0.03143 0.1194
0 0.49571 0.29851 0.03429 0.14428
0 0.52786 0.27612 0.02429 0.11443
0 0.42071 0.07711 0.01857 0.0597
0 0.40286 0.0908 0.03143 0.13184
0 0.39286 0.06965 0.01429 0.04975
0 0.39286 0.06965 0.01429 0.04478
0 0.43429 0.41169 0.03429 0.12687
0 0.30357 0.41294 0.03571 0.17413
0 0.315 0.33955 0.03571 0.13184
0 0.18214 0.66791 0.05571 0.17662
0 0.375 0.9602 0.05 0.19403
0 0.31857 0.90174 0.05429 0.18657
0 0.27357 0.75124 0.04143 0.1393
0 0.31214 0.71144 0.03857 0.1592
0 0.34357 0.72388 0.02429 0.10448
0 0.72714 0.47388 0.03429 0.17662
0 0.69214 0.47139 0.03 0.15174
0 0.68929 0.53607 0.04429 0.16667
0 0.64786 0.59826 0.05286 0.15174
0 0.61071 0.61318 0.04143 0.16667
0 0.62286 0.6704 0.02857 0.13682
0 0.60786 0.66667 0.02429 0.0597
0 0.61429 0.70274 0.04 0.15174
0 0.42786 0.54478 0.05 0.13433
0 0.38214 0.5709 0.05571 0.17164
0 0.39357 0.65299 0.04714 0.17164
0 0.53214 0.73881 0.03571 0.1592
0 0.39643 0.70647 0.03571 0.1592
0 0.385 0.76741 0.03857 0.16169
0 0.395 0.87562 0.04429 0.19403
0 0.58357 0.93035 0.04429 0.12935
0 0.64214 0.85697 0.02714 0.10697
0 0.57643 0.81716 0.02429 0.09204
0 0.58214 0.86194 0.03286 0.09701
0 0.56143 0.60697 0.04 0.16915
0 0.57286 0.71642 0.03714 0.14428
0 0.58071 0.66045 0.01857 0.12687
0 0.53643 0.63433 0.03857 0.15423
0 0.47 0.59453 0.03714 0.1592
0 0.49214 0.65423 0.03 0.1393
0 0.49786 0.73756 0.04143 0.17662
0 0.73143 0.95025 0.03429 0.15423
0 0.69929 0.95896 0.03857 0.15672
0 0.63071 0.98756 0.03 0.12438
0 0.70214 0.86692 0.03571 0.09701
0 0.65357 0.73259 0.03286 0.10199
0 0.66429 0.79104 0.02571 0.08955
0 0.68929 0.80597 0.04143 0.08955
0 0.45571 0.64179 0.03429 0.12438
0 0.44 0.67662 0.03143 0.12438
0 0.06571 0.39179 0.06571 0.09204
