0 0.00786 0.29478 0.01571 0.04229
0 0.00714 0.27488 0.01429 0.04726
0 0.04 0.27612 0.01429 0.04975
0 0.05643 0.28483 0.01571 0.04726
0 0.04 0.14055 0.01143 0.06219
0 0.05643 0.07338 0.01286 0.05721
0 0.06643 0.0597 0.01286 0.05473
0 0.10357 0.11816 0.01857 0.06219
0 0.13071 0.03731 0.01286 0.05473
0 0.03 0.03358 0.01429 0.05224
0 0.25714 0.04229 0.01143 0.05473
0 0.25071 0.0199 0.01 0.0398
0 0.30643 0.04229 0.01 0.05473
0 0.34 0.02861 0.01143 0.05224
0 0.35286 0.03483 0.01143 0.02985
0 0.38571 0.16294 0.02 0.06716
0 0.35357 0.22512 0.01286 0.06716
0 0.28429 0.23881 0.01429 0.04478
0 0.31571 0.32463 0.02 0.05224
0 0.32857 0.34826 0.02 0.07463
0 0.375 0.44154 0.01857 0.08209
0 0.52643 0.93781 0.02714 0.13433
0 0.52286 0.79602 0.02571 0.0995
0 0.52286 0.76617 0.01143 0.03483
0 0.20857 0.36816 0.02857 0.0796
0 0.25786 0.34328 0.02143 0.05473
0 0.245 0.33706 0.01571 0.07214
0 0.11429 0.30224 0.01429 0.07711
0 0.135 0.3097 0.01571 0.04726
0 0.14 0.30473 0.01714 0.03234
0 0.13429 0.28731 0.01143 0.04229
0 0.10286 0.29229 0.01714 0.04726
0 0.10714 0.27363 0.02 0.04975
0 0.09571 0.26866 0.01429 0.04478
0 0.15071 0.2898 0.01571 0.04726
0 0.15643 0.26866 0.01286 0.04975
0 0.21929 0.64055 0.01571 0.09204
0 0.23643 0.62189 0.02429 0.09453
0 0.43143 0.16169 0.01143 0.07463
0 0.42643 0.14801 0.01 0.06219
0 0.43 0.14303 0.01429 0.07711
0 0.47071 0.16169 0.01286 0.06965
0 0.50357 0.15174 0.01286 0.06965
0 0.48429 0.04726 0.01143 0.05473
0 0.51286 0.04726 0.01714 0.04975
0 0.555 0.08209 0.02429 0.0398
0 0.54357 0.07587 0.02429 0.04229
0 0.53643 0.06965 0.01857 0.0398
0 0.58643 0.18035 0.01286 0.06219
0 0.67214 0.20025 0.01571 0.04229
0 0.82 0.21517 0.01714 0.05721
0 0.70429 0.27612 0.02 0.06468
0 0.70429 0.26617 0.01429 0.06965
0 0.98429 0.30473 0.02 0.06219
0 0.88357 0.73134 0.02714 0.08955
0 0.88071 0.7102 0.02714 0.07214
0 0.88 0.63433 0.03714 0.08458
0 0.875 0.60572 0.02429 0.04726
0 0.88429 0.54602 0.02857 0.06716
0 0.88286 0.53109 0.02571 0.05721
0 0.89714 0.50498 0.02571 0.07463
0 0.91214 0.49751 0.01857 0.08955
0 0.91786 0.46642 0.02429 0.06716
0 0.93857 0.43532 0.02286 0.06468
0 0.95929 0.41915 0.02429 0.05224
0 0.98214 0.40299 0.02143 0.07463
