0 0.65 0.9810344827586207 0.028 0.07931034482758621
0 0.368 0.9379310344827586 0.012 0.05517241379310345
0 0.377 0.9396551724137931 0.022 0.07241379310344828
0 0.063 0.9568965517241379 0.022 0.07931034482758621
0 0.071 0.9586206896551724 0.018 0.05517241379310345
0 0.078 0.7137931034482758 0.016 0.06206896551724138
0 0.249 0.903448275862069 0.018 0.08275862068965517
0 0.292 0.6689655172413793 0.016 0.041379310344827586
0 0.725 0.7655172413793103 0.022 0.04827586206896552
0 0.726 0.753448275862069 0.02 0.04482758620689655
