0 0.936 0.6637931034482759 0.024 0.07241379310344828
0 0.153 0.3431034482758621 0.022 0.08620689655172414
0 0.501 0.31551724137931036 0.022 0.07931034482758621
0 0.593 0.3689655172413793 0.022 0.07586206896551724
0 0.706 0.3137931034482759 0.016 0.06896551724137931
0 0.863 0.21379310344827587 0.014 0.04827586206896552
0 0.7 0.906896551724138 0.036 0.15172413793103448
0 0.125 0.9017241379310345 0.034 0.13448275862068965
0 0.152 0.7086206896551724 0.032 0.11379310344827587
0 0.306 0.6620689655172414 0.024 0.0896551724137931
0 0.286 0.6603448275862069 0.028 0.07931034482758621
0 0.61 0.1310344827586207 0.016 0.07586206896551724
0 0.669 0.10862068965517241 0.014 0.06551724137931035
