0 0.047857142857142855 0.5149253731343284 0.02142857142857143 0.07960199004975124
0 0.06428571428571428 0.554726368159204 0.02 0.0845771144278607
0 0.07714285714285714 0.5621890547263682 0.022857142857142857 0.07960199004975124
0 0.1992857142857143 0.5522388059701493 0.024285714285714285 0.0845771144278607
0 0.21928571428571428 0.5410447761194029 0.02142857142857143 0.08208955223880597
0 0.21285714285714286 0.34701492537313433 0.014285714285714285 0.06716417910447761
0 0.19857142857142857 0.332089552238806 0.017142857142857144 0.06716417910447761
0 0.02642857142857143 0.8519900497512438 0.03 0.09701492537313433
0 0.4135714285714286 0.12437810945273632 0.012857142857142857 0.04975124378109453
0 0.5492857142857143 0.5696517412935324 0.024285714285714285 0.0845771144278607
0 0.6207142857142857 0.3843283582089552 0.015714285714285715 0.06218905472636816
0 0.3678571428571429 0.40298507462686567 0.02142857142857143 0.05472636815920398
0 0.7207142857142858 0.11940298507462686 0.015714285714285715 0.06467661691542288
0 0.7407142857142858 0.11069651741293532 0.012857142857142857 0.07213930348258707
0 0.7628571428571429 0.0845771144278607 0.011428571428571429 0.06467661691542288
0 0.775 0.08582089552238806 0.012857142857142857 0.05721393034825871
0 0.7764285714285715 0.11567164179104478 0.01 0.06218905472636816
0 0.8107142857142857 0.19651741293532338 0.012857142857142857 0.06965174129353234
0 0.6528571428571428 0.31965174129353235 0.014285714285714285 0.07213930348258707
0 0.6357142857142857 0.2860696517412935 0.017142857142857144 0.06965174129353234
0 0.6557142857142857 0.30472636815920395 0.011428571428571429 0.06218905472636816
0 0.8164285714285714 0.3383084577114428 0.012857142857142857 0.06467661691542288
0 0.8757142857142857 0.35696517412935325 0.017142857142857144 0.07213930348258707
0 0.7392857142857143 0.5024875621890548 0.018571428571428572 0.06467661691542288
0 0.7771428571428571 0.5559701492537313 0.011428571428571429 0.06716417910447761
0 0.7878571428571428 0.5634328358208955 0.01 0.06218905472636816
0 0.7842857142857143 0.6044776119402985 0.017142857142857144 0.06467661691542288
0 0.9385714285714286 0.6318407960199005 0.011428571428571429 0.06965174129353234
0 0.9864285714285714 0.5435323383084577 0.015714285714285715 0.08208955223880597
0 0.8928571428571429 0.777363184079602 0.022857142857142857 0.07213930348258707
0 0.9228571428571428 0.7524875621890548 0.017142857142857144 0.09701492537313433
0 0.9428571428571428 0.6243781094527363 0.008571428571428572 0.03482587064676617
