0 0.056 0.8775862068965518 0.052 0.28620689655172415
0 0.026 0.746551724137931 0.052 0.23103448275862068
0 0.266 0.3482758620689655 0.028 0.1310344827586207
0 0.354 0.7603448275862069 0.068 0.2655172413793103
0 0.138 0.696551724137931 0.052 0.22758620689655173
0 0.187 0.6758620689655173 0.038 0.21379310344827587
0 0.162 0.6482758620689655 0.048 0.2206896551724138
0 0.402 0.696551724137931 0.06 0.21379310344827587
0 0.55 0.803448275862069 0.056 0.2689655172413793
0 0.609 0.743103448275862 0.054 0.23793103448275862
0 0.662 0.5586206896551724 0.044 0.2
0 0.741 0.6810344827586207 0.042 0.22413793103448276
0 0.789 0.6068965517241379 0.05 0.18620689655172415
0 0.795 0.5672413793103448 0.062 0.10689655172413794
0 0.809 0.5431034482758621 0.05 0.1
0 0.802 0.3793103448275862 0.032 0.12413793103448276
0 0.744 0.3482758620689655 0.028 0.1310344827586207
0 0.981 0.3913793103448276 0.034 0.12758620689655173
0 0.956 0.3724137931034483 0.036 0.12413793103448276
0 0.781 0.296551724137931 0.03 0.09655172413793103
0 0.799 0.2672413793103448 0.022 0.08620689655172414
0 0.82 0.25862068965517243 0.02 0.09655172413793103
0 0.977 0.25 0.022 0.08620689655172414
0 0.311 0.1879310344827586 0.018 0.08620689655172414
0 0.489 0.4103448275862069 0.038 0.15172413793103448
0 0.534 0.43103448275862066 0.032 0.15862068965517243
0 0.54 0.3931034482758621 0.024 0.15862068965517243
0 0.525 0.38275862068965516 0.018 0.14482758620689656
0 0.617 0.44482758620689655 0.042 0.15862068965517243
0 0.626 0.39827586206896554 0.028 0.13448275862068965
0 0.594 0.3879310344827586 0.028 0.1482758620689655
0 0.606 0.3448275862068966 0.024 0.14482758620689656
0 0.255 0.18448275862068966 0.026 0.09310344827586207
0 0.231 0.16896551724137931 0.014 0.08275862068965517
0 0.21 0.16206896551724137 0.016 0.034482758620689655
0 0.169 0.1896551724137931 0.018 0.08275862068965517
0 0.17 0.17413793103448275 0.016 0.07931034482758621
0 0.164 0.16896551724137931 0.012 0.0896551724137931
0 0.139 0.12586206896551724 0.014 0.07241379310344828
0 0.134 0.17758620689655172 0.016 0.08620689655172414
0 0.145 0.16379310344827586 0.018 0.07931034482758621
0 0.074 0.25862068965517243 0.036 0.1103448275862069
0 0.043 0.24482758620689654 0.042 0.05517241379310345
0 0.037 0.19482758620689655 0.022 0.09310344827586207
0 0.007 0.11551724137931034 0.014 0.03793103448275862
0 0.056 0.12931034482758622 0.016 0.07241379310344828
0 0.064 0.15172413793103448 0.016 0.05517241379310345
0 0.076 0.15344827586206897 0.016 0.05862068965517241
0 0.083 0.15 0.014 0.05862068965517241
