0 0.19285714285714287 0.48258706467661694 0.008571428571428572 0.03482587064676617
0 0.19071428571428573 0.5410447761194029 0.01 0.03233830845771144
0 0.4564285714285714 0.05845771144278607 0.015714285714285715 0.03731343283582089
0 0.30714285714285716 0.804726368159204 0.017142857142857144 0.02736318407960199
0 0.6171428571428571 0.7574626865671642 0.02 0.03233830845771144
0 0.44142857142857145 0.4900497512437811 0.014285714285714285 0.03980099502487562
0 0.5378571428571428 0.08208955223880597 0.02142857142857143 0.04477611940298507
0 0.58 0.23880597014925373 0.014285714285714285 0.029850746268656716
0 0.2914285714285714 0.5920398009950248 0.017142857142857144 0.029850746268656716
0 0.25357142857142856 0.5808457711442786 0.012857142857142857 0.03233830845771144
