0 0.17142857142857143 0.6243781094527363 0.03428571428571429 0.10945273631840796
0 0.19285714285714287 0.6268656716417911 0.03428571428571429 0.11442786069651742
0 0.11142857142857143 0.3818407960199005 0.04 0.10696517412935323
0 0.29285714285714287 0.2835820895522388 0.02857142857142857 0.1044776119402985
0 0.3435714285714286 0.27487562189054726 0.024285714285714285 0.10199004975124377
0 0.31357142857142856 0.27487562189054726 0.024285714285714285 0.11194029850746269
0 0.8621428571428571 0.5186567164179104 0.027142857142857142 0.11691542288557213
0 0.7928571428571428 0.554726368159204 0.022857142857142857 0.09950248756218906
0 0.7614285714285715 0.48134328358208955 0.03142857142857143 0.10199004975124377
0 0.7735714285714286 0.2599502487562189 0.02142857142857143 0.08208955223880597
0 0.7892857142857143 0.16791044776119404 0.02142857142857143 0.08208955223880597
0 0.03642857142857143 0.291044776119403 0.03 0.09950248756218906
