0 0.2007142857142857 0.9788557213930348 0.024285714285714285 0.09701492537313433
0 0.17857142857142858 0.9751243781094527 0.02 0.0945273631840796
0 0.20785714285714285 0.8370646766169154 0.015714285714285715 0.06218905472636816
0 0.30142857142857143 0.8532338308457711 0.02 0.06467661691542288
0 0.6821428571428572 0.48880597014925375 0.007142857142857143 0.02736318407960199
0 0.6814285714285714 0.47885572139303484 0.008571428571428572 0.03731343283582089
0 0.6935714285714286 0.486318407960199 0.007142857142857143 0.02736318407960199
0 0.7628571428571429 0.5049751243781094 0.005714285714285714 0.03482587064676617
0 0.7242857142857143 0.5049751243781094 0.008571428571428572 0.014925373134328358
0 0.94 0.582089552238806 0.008571428571428572 0.024875621890547265
