0 0.9864285714285714 0.29652605459057074 0.03 0.14640198511166252
0 0.8864285714285715 0.10049627791563276 0.024285714285714285 0.12655086848635236
0 0.8657142857142858 0.12406947890818859 0.025714285714285714 0.13895781637717122
0 0.8442857142857143 0.09553349875930521 0.02857142857142857 0.13647642679900746
0 0.8378571428571429 0.12655086848635236 0.027142857142857142 0.12406947890818859
0 0.705 0.43796526054590573 0.05 0.0967741935483871
0 0.5571428571428572 0.034739454094292806 0.02 0.06947890818858561
0 0.5178571428571429 0.06327543424317618 0.03857142857142857 0.11662531017369727
0 0.5378571428571428 0.05831265508684864 0.027142857142857142 0.11166253101736973
0 0.5128571428571429 0.060794044665012405 0.022857142857142857 0.12158808933002481
0 0.5264285714285715 0.05955334987593052 0.024285714285714285 0.11910669975186104
0 0.23285714285714285 0.06699751861042183 0.04 0.13399503722084366
