0 0.5221428571428571 0.4017412935323383 0.01 0.0472636815920398
0 0.5414285714285715 0.4079601990049751 0.014285714285714285 0.04477611940298507
0 0.5721428571428572 0.39925373134328357 0.007142857142857143 0.03731343283582089
0 0.92 0.5223880597014925 0.011428571428571429 0.04477611940298507
0 0.8242857142857143 0.4465174129353234 0.008571428571428572 0.03233830845771144
0 0.9714285714285714 0.4552238805970149 0.011428571428571429 0.04975124378109453
0 0.9571428571428572 0.43407960199004975 0.008571428571428572 0.0472636815920398
0 0.7878571428571428 0.3818407960199005 0.01 0.03731343283582089
0 0.9607142857142857 0.31840796019900497 0.007142857142857143 0.03482587064676617
0 0.9178571428571428 0.26119402985074625 0.01 0.029850746268656716
0 0.9092857142857143 0.14427860696517414 0.007142857142857143 0.024875621890547265
0 0.9021428571428571 0.11442786069651742 0.007142857142857143 0.029850746268656716
