0 0.8664285714285714 0.8768656716417911 0.015714285714285715 0.08208955223880597
0 0.8778571428571429 0.6927860696517413 0.012857142857142857 0.03731343283582089
0 0.7907142857142857 0.6716417910447762 0.01 0.05970149253731343
0 0.7835714285714286 0.7077114427860697 0.012857142857142857 0.05721393034825871
0 0.004285714285714286 0.472636815920398 0.008571428571428572 0.04975124378109453
0 0.01 0.4651741293532338 0.011428571428571429 0.04975124378109453
0 0.125 0.48507462686567165 0.01 0.04975124378109453
0 0.1442857142857143 0.48756218905472637 0.008571428571428572 0.04975124378109453
0 0.15714285714285714 0.486318407960199 0.008571428571428572 0.0472636815920398
0 0.16714285714285715 0.48756218905472637 0.011428571428571429 0.04477611940298507
0 0.115 0.3781094527363184 0.01 0.03980099502487562
0 0.08928571428571429 0.3482587064676617 0.007142857142857143 0.029850746268656716
0 0.06285714285714286 0.2972636815920398 0.005714285714285714 0.017412935323383085
0 0.6528571428571428 0.5348258706467661 0.011428571428571429 0.03980099502487562
0 0.68 0.5298507462686567 0.014285714285714285 0.03980099502487562
0 0.6635714285714286 0.5248756218905473 0.01 0.03980099502487562
0 0.6514285714285715 0.5186567164179104 0.008571428571428572 0.03731343283582089
