0 0.587 0.803448275862069 0.038 0.20689655172413793
0 0.843 0.46551724137931033 0.038 0.16551724137931034
0 0.724 0.45517241379310347 0.04 0.15862068965517243
0 0.663 0.4844827586206897 0.038 0.17586206896551723
0 0.674 0.43448275862068964 0.036 0.15862068965517243
0 0.738 0.3931034482758621 0.036 0.1724137931034483
0 0.868 0.4 0.028 0.1724137931034483
0 0.892 0.35517241379310344 0.036 0.15862068965517243
0 0.992 0.2827586206896552 0.036 0.15862068965517243
0 0.379 0.9 0.062 0.1724137931034483
0 0.336 0.8086206896551724 0.052 0.19655172413793104
0 0.165 0.6586206896551724 0.07 0.19310344827586207
0 0.253 0.5206896551724138 0.058 0.1793103448275862
0 0.277 0.6396551724137931 0.058 0.16896551724137931
0 0.452 0.4793103448275862 0.056 0.14482758620689656
0 0.021 0.4689655172413793 0.034 0.15862068965517243
0 0.095 0.40344827586206894 0.046 0.16551724137931034
0 0.137 0.3741379310344828 0.05 0.1482758620689655
0 0.18 0.41379310344827586 0.06 0.16551724137931034
0 0.228 0.3310344827586207 0.048 0.13793103448275862
0 0.258 0.30344827586206896 0.048 0.14482758620689656
0 0.298 0.2810344827586207 0.044 0.12758620689655173
0 0.381 0.3413793103448276 0.046 0.15862068965517243
0 0.417 0.3310344827586207 0.042 0.16551724137931034
0 0.336 0.23103448275862068 0.036 0.12413793103448276
0 0.391 0.2120689655172414 0.038 0.15517241379310345
0 0.343 0.19310344827586207 0.03 0.10344827586206896
0 0.358 0.16379310344827586 0.028 0.1482758620689655
0 0.421 0.16551724137931034 0.046 0.15172413793103448
0 0.451 0.16206896551724137 0.034 0.13793103448275862
0 0.492 0.13275862068965516 0.04 0.16206896551724137
0 0.461 0.11206896551724138 0.03 0.07931034482758621
0 0.493 0.10689655172413794 0.034 0.08275862068965517
0 0.522 0.06379310344827586 0.04 0.12758620689655173
0 0.169 0.06379310344827586 0.05 0.12758620689655173
0 0.618 0.06206896551724138 0.032 0.12413793103448276
0 0.681 0.06724137931034482 0.026 0.13448275862068965
0 0.707 0.06551724137931035 0.026 0.1310344827586207
0 0.77 0.056896551724137934 0.036 0.11379310344827587
0 0.821 0.1706896551724138 0.026 0.1482758620689655
0 0.864 0.16206896551724137 0.02 0.14482758620689656
0 0.848 0.13275862068965516 0.024 0.1206896551724138
0 0.884 0.13275862068965516 0.032 0.1206896551724138
0 0.836 0.06206896551724138 0.024 0.12413793103448276
0 0.072 0.0603448275862069 0.04 0.1206896551724138
0 0.941 0.12758620689655173 0.034 0.1310344827586207
0 0.976 0.13275862068965516 0.024 0.12758620689655173
