0 0.7107142857142857 0.7798507462686567 0.012857142857142857 0.04228855721393035
0 0.7142857142857143 0.7723880597014925 0.011428571428571429 0.05223880597014925
0 0.7171428571428572 0.7723880597014925 0.011428571428571429 0.05223880597014925
0 0.9735714285714285 0.6430348258706468 0.012857142857142857 0.03731343283582089
0 0.5357142857142857 0.5634328358208955 0.008571428571428572 0.04228855721393035
0 0.5285714285714286 0.5609452736318408 0.011428571428571429 0.05223880597014925
0 0.6971428571428572 0.7014925373134329 0.014285714285714285 0.06965174129353234
0 0.6835714285714286 0.7014925373134329 0.012857142857142857 0.06965174129353234
0 0.9778571428571429 0.4689054726368159 0.007142857142857143 0.03233830845771144
0 0.9385714285714286 0.3370646766169154 0.008571428571428572 0.03731343283582089
0 0.9457142857142857 0.3333333333333333 0.008571428571428572 0.03482587064676617
0 0.7742857142857142 0.5298507462686567 0.005714285714285714 0.04975124378109453
0 0.7871428571428571 0.5298507462686567 0.005714285714285714 0.03482587064676617
0 0.7792857142857142 0.5298507462686567 0.007142857142857143 0.03482587064676617
