0 0.7771428571428571 0.7736318407960199 0.011428571428571429 0.01990049751243781
0 0.7864285714285715 0.6940298507462687 0.01 0.024875621890547265
0 0.7335714285714285 0.6629353233830846 0.012857142857142857 0.022388059701492536
0 0.765 0.5199004975124378 0.01 0.024875621890547265
0 0.8592857142857143 0.5360696517412935 0.012857142857142857 0.02736318407960199
0 0.9328571428571428 0.6380597014925373 0.014285714285714285 0.022388059701492536
0 0.9035714285714286 0.585820895522388 0.01 0.017412935323383085
0 0.9035714285714286 0.5733830845771144 0.01 0.022388059701492536
0 0.9885714285714285 0.48880597014925375 0.014285714285714285 0.022388059701492536
0 0.9271428571428572 0.5335820895522388 0.008571428571428572 0.03233830845771144
0 0.9271428571428572 0.5174129353233831 0.011428571428571429 0.024875621890547265
0 0.9185714285714286 0.40422885572139305 0.008571428571428572 0.02736318407960199
0 0.925 0.40671641791044777 0.007142857142857143 0.022388059701492536
0 0.79 0.4427860696517413 0.011428571428571429 0.029850746268656716
0 0.7928571428571428 0.26119402985074625 0.011428571428571429 0.029850746268656716
0 0.7542857142857143 0.21766169154228857 0.008571428571428572 0.017412935323383085
0 0.7664285714285715 0.15920398009950248 0.01 0.024875621890547265
0 0.7907142857142857 0.08582089552238806 0.01 0.022388059701492536
