0 0.975 0.01206896551724138 0.01 0.02413793103448276
0 0.843 0.056896551724137934 0.01 0.03103448275862069
0 0.808 0.25689655172413794 0.012 0.05862068965517241
0 0.942 0.0706896551724138 0.008 0.03793103448275862
0 0.955 0.08793103448275862 0.01 0.03793103448275862
0 0.999 0.3896551724137931 0.014 0.041379310344827586
0 0.999 0.5017241379310344 0.014 0.05172413793103448
0 0.982 0.5017241379310344 0.012 0.04482758620689655
0 0.987 0.4017241379310345 0.01 0.03793103448275862
0 0.698 0.5206896551724138 0.02 0.06896551724137931
0 0.836 0.6448275862068965 0.028 0.09655172413793103
0 0.714 0.95 0.028 0.05862068965517241
0 0.665 0.9551724137931035 0.022 0.08275862068965517
