0 0.03 0.76379 0.028 0.15517
0 0.033 0.54828 0.022 0.11034
0 0.099 0.64655 0.018 0.15517
0 0.061 0.54828 0.022 0.11724
0 0.508 0.53966 0.016 0.07931
0 0.442 0.49828 0.012 0.07241
0 0.436 0.5 0.012 0.06207
0 0.549 0.54828 0.034 0.06897
0 0.205 0.38448 0.006 0.05862
0 0.21 0.37931 0.012 0.06207
0 0.089 0.54138 0.018 0.11034
0 0.111 0.55862 0.018 0.11034
0 0.128 0.55 0.02 0.11379
0 0.059 0.75345 0.03 0.16207
0 0.858 0.73103 0.04 0.05517
0 0.055 0.88793 0.034 0.14828
0 0.06 0.88103 0.048 0.14828
0 0.148 0.81724 0.04 0.14483
