0 0.205 0.8694029850746269 0.027142857142857142 0.10696517412935323
0 0.4942857142857143 0.8669154228855721 0.022857142857142857 0.10199004975124377
0 0.525 0.8619402985074627 0.027142857142857142 0.11194029850746269
0 0.8171428571428572 0.7736318407960199 0.022857142857142857 0.06467661691542288
0 0.8471428571428572 0.5907960199004975 0.02 0.07711442786069651
0 0.8592857142857143 0.5895522388059702 0.012857142857142857 0.07462686567164178
0 0.8785714285714286 0.572139303482587 0.02 0.07462686567164178
0 0.9028571428571428 0.599502487562189 0.017142857142857144 0.03980099502487562
0 0.9 0.5907960199004975 0.017142857142857144 0.04228855721393035
0 0.8807142857142857 0.35199004975124376 0.01 0.05721393034825871
0 0.8835714285714286 0.3034825870646766 0.01 0.029850746268656716
0 0.59 0.650497512437811 0.025714285714285714 0.08208955223880597
0 0.7471428571428571 0.35696517412935325 0.014285714285714285 0.05223880597014925
0 0.7857142857142857 0.3718905472636816 0.011428571428571429 0.05721393034825871
0 0.7792857142857142 0.3582089552238806 0.012857142857142857 0.04975124378109453
0 0.7342857142857143 0.26865671641791045 0.011428571428571429 0.04975124378109453
0 0.7264285714285714 0.26990049751243783 0.01 0.0472636815920398
0 0.7157142857142857 0.2935323383084577 0.011428571428571429 0.04975124378109453
0 0.7685714285714286 0.32338308457711445 0.017142857142857144 0.04975124378109453
0 0.8485714285714285 0.20398009950248755 0.008571428571428572 0.03980099502487562
0 0.8421428571428572 0.20522388059701493 0.01 0.04228855721393035
0 0.4228571428571429 0.10323383084577115 0.008571428571428572 0.03233830845771144
0 0.6207142857142857 0.24004975124378108 0.01 0.03731343283582089
0 0.6692857142857143 0.17537313432835822 0.007142857142857143 0.02736318407960199
0 0.6235714285714286 0.11442786069651742 0.007142857142857143 0.024875621890547265
0 0.5321428571428571 0.011194029850746268 0.007142857142857143 0.022388059701492536
