0 0.355 0.20771144278606965 0.024285714285714285 0.09701492537313433
0 0.015 0.08955223880597014 0.02142857142857143 0.0845771144278607
0 0.305 0.34328358208955223 0.018571428571428572 0.1044776119402985
0 0.20142857142857143 0.48009950248756217 0.02857142857142857 0.11442786069651742
0 0.2257142857142857 0.4763681592039801 0.022857142857142857 0.10199004975124377
0 0.2785714285714286 0.5211442786069652 0.022857142857142857 0.09203980099502487
0 0.29642857142857143 0.47388059701492535 0.041428571428571426 0.08208955223880597
0 0.32357142857142857 0.4502487562189055 0.024285714285714285 0.09950248756218906
0 0.3292857142857143 0.43283582089552236 0.027142857142857142 0.09950248756218906
0 0.29642857142857143 0.6094527363184079 0.03857142857142857 0.11442786069651742
0 0.27214285714285713 0.6169154228855721 0.027142857142857142 0.10945273631840796
0 0.26 0.595771144278607 0.017142857142857144 0.10199004975124377
0 0.37214285714285716 0.4502487562189055 0.027142857142857142 0.06467661691542288
0 0.3914285714285714 0.6218905472636815 0.022857142857142857 0.10945273631840796
0 0.4257142857142857 0.5758706467661692 0.02857142857142857 0.10696517412935323
0 0.44857142857142857 0.48756218905472637 0.025714285714285714 0.09950248756218906
0 0.44 0.45149253731343286 0.025714285714285714 0.11691542288557213
0 0.4521428571428571 0.3855721393034826 0.024285714285714285 0.09950248756218906
0 0.4942857142857143 0.30845771144278605 0.02 0.04975124378109453
0 0.37642857142857145 0.3718905472636816 0.02142857142857143 0.06218905472636816
0 0.38857142857142857 0.39676616915422885 0.02 0.05721393034825871
0 0.4007142857142857 0.4141791044776119 0.018571428571428572 0.05223880597014925
0 0.41214285714285714 0.4527363184079602 0.024285714285714285 0.05970149253731343
0 0.48 0.585820895522388 0.022857142857142857 0.06218905472636816
0 0.4907142857142857 0.5771144278606966 0.03 0.12437810945273632
0 0.5007142857142857 0.6430348258706468 0.027142857142857142 0.07213930348258707
0 0.515 0.667910447761194 0.032857142857142856 0.07213930348258707
0 0.49214285714285716 0.75 0.02142857142857143 0.11194029850746269
0 0.5221428571428571 0.8072139303482587 0.024285714285714285 0.11691542288557213
0 0.5585714285714286 0.8594527363184079 0.022857142857142857 0.11691542288557213
0 0.5335714285714286 0.6119402985074627 0.024285714285714285 0.1044776119402985
0 0.5342857142857143 0.5646766169154229 0.025714285714285714 0.1044776119402985
0 0.5464285714285714 0.7126865671641791 0.018571428571428572 0.06218905472636816
0 0.5628571428571428 0.7375621890547264 0.03142857142857143 0.07213930348258707
0 0.5771428571428572 0.6716417910447762 0.02857142857142857 0.05970149253731343
0 0.5121428571428571 0.5024875621890548 0.02142857142857143 0.1044776119402985
0 0.49857142857142855 0.5 0.02 0.09950248756218906
0 0.5257142857142857 0.5149253731343284 0.02 0.0945273631840796
0 0.5385714285714286 0.5124378109452736 0.014285714285714285 0.10945273631840796
0 0.5485714285714286 0.5124378109452736 0.017142857142857144 0.11940298507462686
0 0.56 0.5298507462686567 0.02 0.1044776119402985
0 0.5707142857142857 0.5796019900497512 0.02142857142857143 0.0945273631840796
0 0.5878571428571429 0.6019900497512438 0.027142857142857142 0.11442786069651742
0 0.5671428571428572 0.5012437810945274 0.02857142857142857 0.10696517412935323
0 0.5814285714285714 0.5012437810945274 0.03142857142857143 0.10199004975124377
0 0.5964285714285714 0.4937810945273632 0.024285714285714285 0.10199004975124377
0 0.625 0.47885572139303484 0.024285714285714285 0.10696517412935323
0 0.6385714285714286 0.554726368159204 0.022857142857142857 0.1044776119402985
0 0.6092857142857143 0.6156716417910447 0.027142857142857142 0.11194029850746269
0 0.6285714285714286 0.599502487562189 0.025714285714285714 0.11442786069651742
0 0.6557142857142857 0.7723880597014925 0.045714285714285714 0.07213930348258707
0 0.6942857142857143 0.5286069651741293 0.02857142857142857 0.07213930348258707
0 0.6692857142857143 0.46766169154228854 0.02142857142857143 0.0945273631840796
0 0.7278571428571429 0.5833333333333334 0.032857142857142856 0.11194029850746269
0 0.7828571428571428 0.47761194029850745 0.025714285714285714 0.0945273631840796
0 0.81 0.48258706467661694 0.02 0.06467661691542288
0 0.735 0.7400497512437811 0.032857142857142856 0.11194029850746269
0 0.7842857142857143 0.6940298507462687 0.025714285714285714 0.10945273631840796
0 0.7714285714285715 0.822139303482587 0.02857142857142857 0.06716417910447761
0 0.7371428571428571 0.5161691542288557 0.022857142857142857 0.06218905472636816
0 0.8492857142857143 0.458955223880597 0.027142857142857142 0.06716417910447761
0 0.9 0.44154228855721395 0.022857142857142857 0.06218905472636816
0 0.9207142857142857 0.43532338308457713 0.024285714285714285 0.07960199004975124
0 0.7971428571428572 0.8034825870646766 0.022857142857142857 0.06467661691542288
0 0.825 0.8072139303482587 0.024285714285714285 0.07213930348258707
0 0.8142857142857143 0.832089552238806 0.025714285714285714 0.06716417910447761
0 0.8092857142857143 0.8917910447761194 0.02142857142857143 0.12686567164179105
0 0.8478571428571429 0.8072139303482587 0.02142857142857143 0.06716417910447761
0 0.8435714285714285 0.7288557213930348 0.027142857142857142 0.0945273631840796
0 0.8821428571428571 0.7562189054726368 0.03 0.11442786069651742
0 0.9057142857142857 0.7885572139303483 0.025714285714285714 0.12437810945273632
0 0.9135714285714286 0.7587064676616916 0.024285714285714285 0.13432835820895522
0 0.9414285714285714 0.7611940298507462 0.02 0.11442786069651742
0 0.9185714285714286 0.849502487562189 0.037142857142857144 0.08706467661691543
0 0.9671428571428572 0.41044776119402987 0.014285714285714285 0.07960199004975124
0 0.9642857142857143 0.48009950248756217 0.02 0.10945273631840796
0 0.98 0.5286069651741293 0.022857142857142857 0.07711442786069651
0 0.9814285714285714 0.373134328358209 0.014285714285714285 0.0845771144278607
0 0.9814285714285714 0.43781094527363185 0.014285714285714285 0.09950248756218906
0 0.9814285714285714 0.4166666666666667 0.017142857142857144 0.10199004975124377
