0 0.725 0.4292803970223325 0.03857142857142857 0.14392059553349876
0 0.7528571428571429 0.2841191066997519 0.02 0.07196029776674938
0 0.7878571428571428 0.2022332506203474 0.032857142857142856 0.062034739454094295
0 0.7628571428571429 0.1935483870967742 0.025714285714285714 0.05955334987593052
0 0.20142857142857143 0.1054590570719603 0.022857142857142857 0.07196029776674938
0 0.3342857142857143 0.04466501240694789 0.017142857142857144 0.07444168734491315
0 0.3692857142857143 0.04218362282878412 0.024285714285714285 0.08436724565756824
0 0.4164285714285714 0.23821339950372208 0.02142857142857143 0.09429280397022333
0 0.4342857142857143 0.21588089330024815 0.02857142857142857 0.10421836228287841
0 0.5278571428571428 0.04466501240694789 0.018571428571428572 0.0794044665012407
0 0.5007142857142857 0.09305210918114144 0.027142857142857142 0.04714640198511166
0 0.6507142857142857 0.2531017369727047 0.03571428571428571 0.09925558312655088
0 0.7478571428571429 0.12531017369727046 0.024285714285714285 0.08684863523573201
0 0.595 0.17990074441687345 0.024285714285714285 0.062034739454094295
0 0.6578571428571428 0.1513647642679901 0.02142857142857143 0.10918114143920596
0 0.6828571428571428 0.14764267990074442 0.02 0.10173697270471464
0 0.6907142857142857 0.20099255583126552 0.024285714285714285 0.06451612903225806
0 0.45071428571428573 0.06451612903225806 0.02142857142857143 0.03970223325062035
0 0.45714285714285713 0.02481389578163772 0.017142857142857144 0.04962779156327544
