0 0.8242857142857143 0.5323383084577115 0.005714285714285714 0.024875621890547265
0 0.8278571428571428 0.5335820895522388 0.004285714285714286 0.017412935323383085
0 0.7828571428571428 0.6666666666666666 0.005714285714285714 0.029850746268656716
0 0.8207142857142857 0.599502487562189 0.007142857142857143 0.024875621890547265
0 0.8457142857142858 0.5236318407960199 0.005714285714285714 0.022388059701492536
0 0.7585714285714286 0.695273631840796 0.008571428571428572 0.03731343283582089
0 0.7485714285714286 0.681592039800995 0.005714285714285714 0.03482587064676617
0 0.74 0.8072139303482587 0.011428571428571429 0.05223880597014925
0 0.7335714285714285 0.804726368159204 0.007142857142857143 0.0472636815920398
0 0.7235714285714285 0.7711442786069652 0.01 0.03980099502487562
0 0.6685714285714286 0.8843283582089553 0.014285714285714285 0.0472636815920398
