0 0.885 0.03103448275862069 0.014 0.06206896551724138
0 0.991 0.09137931034482759 0.018 0.07931034482758621
0 0.524 0.4241379310344828 0.028 0.11724137931034483
0 0.783 0.06206896551724138 0.014 0.07586206896551724
0 0.766 0.07241379310344828 0.02 0.07586206896551724
0 0.751 0.2413793103448276 0.026 0.08275862068965517
0 0.323 0.646551724137931 0.046 0.1206896551724138
0 0.159 0.7224137931034482 0.038 0.12758620689655173
0 0.985 0.3620689655172414 0.022 0.06896551724137931
0 0.991 0.38620689655172413 0.026 0.06206896551724138
0 0.541 0.946551724137931 0.07 0.09310344827586207
