0 0.875 0.9800995024875622 0.024285714285714285 0.14427860696517414
0 0.92 0.914179104477612 0.03142857142857143 0.08706467661691543
0 0.9828571428571429 0.9539800995024875 0.02 0.12189054726368159
0 0.6235714285714286 0.8246268656716418 0.032857142857142856 0.13681592039800994
0 0.6414285714285715 0.5410447761194029 0.03142857142857143 0.06218905472636816
0 0.7464285714285714 0.31965174129353235 0.018571428571428572 0.07711442786069651
0 0.37785714285714284 0.6430348258706468 0.027142857142857142 0.12189054726368159
0 0.4007142857142857 0.6206467661691543 0.027142857142857142 0.11691542288557213
0 0.15142857142857144 0.27487562189054726 0.022857142857142857 0.09203980099502487
0 0.1657142857142857 0.2798507462686567 0.025714285714285714 0.10199004975124377
0 0.29285714285714287 0.1791044776119403 0.022857142857142857 0.07960199004975124
0 0.31142857142857144 0.22014925373134328 0.017142857142857144 0.08208955223880597
0 0.33785714285714286 0.2300995024875622 0.024285714285714285 0.08706467661691543
