0 0.9721428571428572 0.27667493796526055 0.018571428571428572 0.08684863523573201
0 0.8707142857142857 0.413151364764268 0.018571428571428572 0.08684863523573201
0 0.6778571428571428 0.4826302729528536 0.03 0.08684863523573201
0 0.9107142857142857 0.1774193548387097 0.015714285714285715 0.07692307692307693
0 0.925 0.15508684863523572 0.018571428571428572 0.07196029776674938
0 0.9257142857142857 0.13771712158808933 0.011428571428571429 0.04714640198511166
0 0.9135714285714286 0.3511166253101737 0.02142857142857143 0.06699751861042183
0 0.8028571428571428 0.4230769230769231 0.022857142857142857 0.06699751861042183
0 0.7678571428571429 0.3535980148883375 0.027142857142857142 0.06699751861042183
0 0.715 0.29280397022332505 0.018571428571428572 0.04962779156327544
0 0.7521428571428571 0.31265508684863524 0.02142857142857143 0.08933002481389578
0 0.7778571428571428 0.13523573200992556 0.012857142857142857 0.07196029776674938
0 0.855 0.03598014888337469 0.015714285714285715 0.07196029776674938
0 0.615 0.12406947890818859 0.02142857142857143 0.05955334987593052
0 0.012857142857142857 0.5074441687344913 0.025714285714285714 0.05707196029776675
0 0.19285714285714287 0.6315136476426799 0.04 0.08188585607940446
0 0.10071428571428571 0.49503722084367247 0.027142857142857142 0.08684863523573201
0 0.23785714285714285 0.37220843672456577 0.032857142857142856 0.08436724565756824
0 0.21285714285714286 0.39950372208436724 0.02857142857142857 0.08933002481389578
0 0.1492857142857143 0.5024813895781638 0.02142857142857143 0.08684863523573201
0 0.11 0.4851116625310174 0.022857142857142857 0.062034739454094295
0 0.11 0.45533498759305213 0.03428571428571429 0.10669975186104218
0 0.12571428571428572 0.45285359801488834 0.022857142857142857 0.08684863523573201
0 0.12285714285714286 0.4230769230769231 0.02 0.08684863523573201
0 0.15571428571428572 0.44168734491315137 0.022857142857142857 0.09925558312655088
0 0.17285714285714285 0.4317617866004963 0.02857142857142857 0.08933002481389578
0 0.14285714285714285 0.4851116625310174 0.03142857142857143 0.08188585607940446
0 0.20642857142857143 0.29652605459057074 0.024285714285714285 0.08188585607940446
0 0.22071428571428572 0.2630272952853598 0.024285714285714285 0.0794044665012407
