0 0.735 0.9440298507462687 0.018571428571428572 0.07213930348258707
0 0.5857142857142857 0.8818407960199005 0.017142857142857144 0.07711442786069651
0 0.48 0.6915422885572139 0.017142857142857144 0.05970149253731343
0 0.5664285714285714 0.6281094527363185 0.015714285714285715 0.05223880597014925
0 0.7764285714285715 0.6890547263681592 0.012857142857142857 0.05472636815920398
0 0.9171428571428571 0.7238805970149254 0.014285714285714285 0.05472636815920398
0 0.8171428571428572 0.7064676616915423 0.017142857142857144 0.04975124378109453
0 0.7342857142857143 0.7002487562189055 0.014285714285714285 0.06218905472636816
0 0.9214285714285714 0.6131840796019901 0.011428571428571429 0.03731343283582089
0 0.7385714285714285 0.6716417910447762 0.008571428571428572 0.05970149253731343
0 0.7471428571428571 0.6716417910447762 0.014285714285714285 0.06467661691542288
0 0.8864285714285715 0.4141791044776119 0.007142857142857143 0.03731343283582089
0 0.8928571428571429 0.30845771144278605 0.005714285714285714 0.024875621890547265
0 0.9171428571428571 0.31840796019900497 0.005714285714285714 0.029850746268656716
0 0.905 0.25 0.004285714285714286 0.02736318407960199
0 0.9764285714285714 0.23756218905472637 0.004285714285714286 0.022388059701492536
0 0.9635714285714285 0.2537313432835821 0.004285714285714286 0.01990049751243781
0 0.9357142857142857 0.1691542288557214 0.002857142857142857 0.014925373134328358
