0 0.36214285714285716 0.9216417910447762 0.01 0.05721393034825871
0 0.375 0.9253731343283582 0.012857142857142857 0.04975124378109453
0 0.2392857142857143 0.9850746268656716 0.01 0.05970149253731343
0 0.36714285714285716 0.818407960199005 0.017142857142857144 0.05472636815920398
0 0.4607142857142857 0.8569651741293532 0.012857142857142857 0.05721393034825871
0 0.6792857142857143 0.9639303482587065 0.012857142857142857 0.07213930348258707
0 0.6978571428571428 0.9763681592039801 0.015714285714285715 0.05223880597014925
0 0.7014285714285714 0.9601990049751243 0.011428571428571429 0.04975124378109453
0 0.7564285714285715 0.9987562189054726 0.018571428571428572 0.07213930348258707
0 0.8257142857142857 0.8134328358208955 0.011428571428571429 0.05472636815920398
0 0.835 0.8308457711442786 0.01 0.05472636815920398
0 0.31785714285714284 0.8370646766169154 0.012857142857142857 0.06716417910447761
0 0.32071428571428573 0.8109452736318408 0.01 0.04975124378109453
0 0.2671428571428571 0.9104477611940298 0.017142857142857144 0.06467661691542288
0 0.25785714285714284 0.8942786069651741 0.012857142857142857 0.05721393034825871
0 0.23785714285714285 0.8345771144278606 0.012857142857142857 0.0472636815920398
0 0.225 0.8445273631840796 0.012857142857142857 0.05223880597014925
0 0.2742857142857143 0.7611940298507462 0.014285714285714285 0.05970149253731343
0 0.2571428571428571 0.7686567164179104 0.011428571428571429 0.05970149253731343
0 0.205 0.7238805970149254 0.012857142857142857 0.05472636815920398
0 0.19071428571428573 0.664179104477612 0.012857142857142857 0.04975124378109453
0 0.16071428571428573 0.6828358208955224 0.012857142857142857 0.04228855721393035
0 0.12285714285714286 0.650497512437811 0.014285714285714285 0.0472636815920398
0 0.11928571428571429 0.6741293532338308 0.01 0.03980099502487562
0 0.185 0.7860696517412935 0.015714285714285715 0.06965174129353234
0 0.1 0.5696517412935324 0.011428571428571429 0.04477611940298507
0 0.11 0.5621890547263682 0.014285714285714285 0.05472636815920398
0 0.06642857142857143 0.4975124378109453 0.007142857142857143 0.04477611940298507
0 0.03785714285714286 0.47885572139303484 0.007142857142857143 0.03731343283582089
0 0.014285714285714285 0.42661691542288555 0.008571428571428572 0.04228855721393035
0 0.13 0.5646766169154229 0.008571428571428572 0.04477611940298507
0 0.9892857142857143 0.8818407960199005 0.012857142857142857 0.06716417910447761
