0 0.025714285714285714 0.9228855721393034 0.014285714285714285 0.04975124378109453
0 0.032857142857142856 0.9241293532338308 0.011428571428571429 0.05223880597014925
0 0.07142857142857142 0.9216417910447762 0.02 0.05721393034825871
0 0.11214285714285714 0.9402985074626866 0.015714285714285715 0.05472636815920398
0 0.12785714285714286 0.931592039800995 0.012857142857142857 0.05223880597014925
0 0.09071428571428572 0.8843283582089553 0.015714285714285715 0.03731343283582089
0 0.15071428571428572 0.9029850746268657 0.012857142857142857 0.04477611940298507
0 0.18 0.9465174129353234 0.011428571428571429 0.04228855721393035
0 0.17857142857142858 0.9340796019900498 0.011428571428571429 0.05223880597014925
0 0.23285714285714285 0.9676616915422885 0.017142857142857144 0.05970149253731343
0 0.21642857142857144 0.904228855721393 0.015714285714285715 0.0472636815920398
0 0.24285714285714285 0.7450248756218906 0.011428571428571429 0.0472636815920398
0 0.25857142857142856 0.7475124378109452 0.011428571428571429 0.0472636815920398
0 0.26785714285714285 0.7524875621890548 0.01 0.04228855721393035
