0 0.564 0.7051724137931035 0.044 0.13448275862068965
0 0.683 0.6086206896551725 0.042 0.2103448275862069
0 0.732 0.34655172413793106 0.036 0.1896551724137931
0 0.469 0.7051724137931035 0.066 0.23103448275862068
0 0.372 0.7 0.06 0.15862068965517243
0 0.394 0.9396551724137931 0.044 0.1206896551724138
0 0.346 0.9362068965517242 0.052 0.12758620689655173
0 0.297 0.8586206896551725 0.066 0.21379310344827587
0 0.214 0.9344827586206896 0.072 0.1310344827586207
0 0.494 0.4241379310344828 0.088 0.12413793103448276
0 0.024 0.5310344827586206 0.048 0.15862068965517243
0 0.546 0.22413793103448276 0.044 0.12413793103448276
0 0.582 0.1706896551724138 0.044 0.16206896551724137
0 0.55 0.10517241379310345 0.028 0.1413793103448276
0 0.557 0.08103448275862069 0.042 0.16206896551724137
0 0.782 0.11551724137931034 0.04 0.13448275862068965
