0 0.49429 0.83831 0.01714 0.09453
0 0.64571 0.949 0.02 0.07711
0 0.76 0.9291 0.02857 0.09701
0 0.69071 0.88682 0.02143 0.09204
0 0.70214 0.87189 0.02143 0.08706
0 0.98714 0.94403 0.02571 0.09701
0 0.85571 0.8607 0.02857 0.08955
0 0.90929 0.8607 0.02143 0.08955
0 0.86214 0.84453 0.02143 0.07711
0 0.95929 0.90299 0.02714 0.08955
0 0.81071 0.67786 0.01857 0.06716
0 0.79857 0.67289 0.01714 0.07214
0 0.81214 0.66294 0.01857 0.05224
0 0.98429 0.76741 0.02286 0.06219
0 0.945 0.73632 0.02143 0.0597
0 0.33857 0.78109 0.02 0.08458
0 0.36214 0.62935 0.01571 0.06468
0 0.30857 0.59204 0.01429 0.05473
0 0.215 0.38557 0.00714 0.04975
0 0.19714 0.38557 0.01143 0.0398
0 0.26857 0.34453 0.01143 0.02736
0 0.15714 0.39925 0.00857 0.04229
0 0.14643 0.39925 0.01 0.04726
0 0.105 0.33955 0.01 0.04229
0 0.06357 0.46393 0.01571 0.04726
