0 0.69 0.46898263027295284 0.07428571428571429 0.2679900744416873
0 0.6207142857142857 0.315136476426799 0.08714285714285715 0.22332506203473945
0 0.48857142857142855 0.37220843672456577 0.06285714285714286 0.2531017369727047
0 0.485 0.3436724565756824 0.05857142857142857 0.2506203473945409
0 0.7864285714285715 0.1327543424317618 0.05285714285714286 0.20099255583126552
0 0.7542857142857143 0.12406947890818859 0.03142857142857143 0.13399503722084366
0 0.7264285714285714 0.12158808933002481 0.032857142857142856 0.14392059553349876
0 0.715 0.09925558312655088 0.03857142857142857 0.12903225806451613
0 0.6592857142857143 0.16253101736972705 0.032857142857142856 0.11662531017369727
0 0.6264285714285714 0.1600496277915633 0.032857142857142856 0.1315136476426799
0 0.635 0.11166253101736973 0.02142857142857143 0.09925558312655088
0 0.6678571428571428 0.13771712158808933 0.024285714285714285 0.12158808933002481
0 0.68 0.05831265508684864 0.025714285714285714 0.11662531017369727
0 0.5164285714285715 0.06451612903225806 0.024285714285714285 0.09925558312655088
0 0.4942857142857143 0.05831265508684864 0.03142857142857143 0.0967741935483871
0 0.48857142857142855 0.04962779156327544 0.022857142857142857 0.09925558312655088
