0 0.228 0.7517241379310344 0.052 0.15172413793103448
0 0.021 0.7293103448275862 0.038 0.15517241379310345
0 0.399 0.6706896551724137 0.034 0.1896551724137931
0 0.907 0.7189655172413794 0.074 0.16896551724137931
0 0.955 0.7120689655172414 0.034 0.17586206896551723
0 0.871 0.6879310344827586 0.038 0.16896551724137931
0 0.458 0.14655172413793102 0.02 0.07931034482758621
0 0.461 0.553448275862069 0.042 0.1
0 0.407 0.11551724137931034 0.022 0.10689655172413794
0 0.356 0.10862068965517241 0.024 0.1
0 0.237 0.11206896551724138 0.022 0.08620689655172414
0 0.256 0.10689655172413794 0.016 0.0896551724137931
0 0.16 0.10689655172413794 0.028 0.0896551724137931
0 0.094 0.07586206896551724 0.024 0.09655172413793103
0 0.892 0.46379310344827585 0.028 0.12758620689655173
