0 0.03143 0.6306 0.04857 0.14677
0 0.08286 0.62562 0.03143 0.07214
0 0.92929 0.38308 0.02429 0.0995
0 0.76357 0.53234 0.03286 0.13433
0 0.88286 0.26368 0.02286 0.08955
0 0.84 0.24005 0.02286 0.08706
0 0.72143 0.33333 0.02857 0.11443
0 0.735 0.28109 0.01857 0.07463
0 0.85643 0.18781 0.01857 0.07711
0 0.61643 0.37687 0.04143 0.12687
0 0.53929 0.45149 0.03 0.12687
0 0.51071 0.45522 0.03 0.12438
0 0.96071 0.09453 0.01571 0.08458
0 0.94429 0.06592 0.01714 0.07214
0 0.65929 0.12313 0.01286 0.06716
0 0.10786 0.37438 0.02143 0.06219
0 0.08429 0.3296 0.02571 0.10697
0 0.04429 0.27612 0.03429 0.13433
0 0.41714 0.449 0.03143 0.12189
0 0.47643 0.39801 0.01857 0.06468
0 0.45643 0.3893 0.03286 0.10697
0 0.44071 0.39801 0.02143 0.06468
0 0.60643 0.22512 0.02714 0.08706
0 0.20786 0.28109 0.02429 0.0995
0 0.24214 0.4092 0.03 0.12687
0 0.27571 0.42662 0.03143 0.09204
0 0.36286 0.40423 0.03429 0.13682
0 0.26857 0.31219 0.01714 0.06219
0 0.26786 0.26244 0.02714 0.09701
0 0.32214 0.27861 0.03 0.13433
0 0.36429 0.32463 0.02 0.07711
0 0.35 0.25746 0.02 0.09204
0 0.41643 0.29726 0.02714 0.11692
0 0.37571 0.26741 0.02 0.07214
0 0.39571 0.29229 0.02 0.06219
0 0.50643 0.17662 0.02429 0.04975
0 0.58571 0.16791 0.02286 0.08706
0 0.57143 0.16169 0.02 0.08955
0 0.59857 0.16418 0.02 0.09453
0 0.63357 0.07711 0.01286 0.06965
0 0.52 0.11816 0.02571 0.07711
0 0.54929 0.10697 0.02143 0.06965
0 0.56 0.09826 0.01714 0.07214
0 0.54643 0.16542 0.02143 0.09701
