0 0.75786 0.89801 0.01857 0.08955
0 0.77286 0.90299 0.01429 0.08458
0 0.76286 0.84577 0.02 0.08955
0 0.74286 0.83582 0.01714 0.08458
0 0.62214 0.54726 0.01571 0.04975
0 0.60643 0.54353 0.01857 0.04229
0 0.60214 0.551 0.01857 0.05224
0 0.735 0.42662 0.01286 0.06716
0 0.75143 0.40174 0.00857 0.05721
0 0.77714 0.39801 0.00857 0.06468
0 0.66929 0.33085 0.01571 0.0597
0 0.66643 0.3296 0.01286 0.05721
0 0.62857 0.07587 0.01143 0.03731
0 0.82714 0.0199 0.00857 0.0398
0 0.83714 0.01866 0.00857 0.03234
0 0.83 0.0796 0.00857 0.0398
0 0.79571 0.26119 0.00857 0.04975
