0 0.009285714285714286 0.23756218905472637 0.01 0.0472636815920398
0 0.047142857142857146 0.27238805970149255 0.011428571428571429 0.03731343283582089
0 0.07071428571428572 0.11691542288557213 0.007142857142857143 0.029850746268656716
0 0.7178571428571429 0.7985074626865671 0.012857142857142857 0.05472636815920398
0 0.6885714285714286 0.7736318407960199 0.025714285714285714 0.0845771144278607
0 0.12214285714285714 0.503731343283582 0.012857142857142857 0.03731343283582089
0 0.115 0.4987562189054726 0.012857142857142857 0.0472636815920398
0 0.4014285714285714 0.19776119402985073 0.008571428571428572 0.03731343283582089
0 0.355 0.14676616915422885 0.007142857142857143 0.03482587064676617
0 0.275 0.16417910447761194 0.01 0.03482587064676617
0 0.2714285714285714 0.11940298507462686 0.008571428571428572 0.029850746268656716
0 0.08571428571428572 0.036069651741293535 0.005714285714285714 0.017412935323383085
