0 0.023571428571428573 0.6442786069651741 0.024285714285714285 0.13930348258706468
0 0.03857142857142857 0.6455223880597015 0.022857142857142857 0.12189054726368159
0 0.05142857142857143 0.6592039800995025 0.022857142857142857 0.13930348258706468
0 0.17785714285714285 0.11940298507462686 0.015714285714285715 0.06965174129353234
0 0.2714285714285714 0.30223880597014924 0.02 0.10199004975124377
0 0.28714285714285714 0.04477611940298507 0.014285714285714285 0.04975124378109453
0 0.6335714285714286 0.12437810945273632 0.015714285714285715 0.07462686567164178
0 0.8071428571428572 0.19402985074626866 0.02 0.07462686567164178
0 0.77 0.17661691542288557 0.017142857142857144 0.0945273631840796
0 0.76 0.31840796019900497 0.017142857142857144 0.0945273631840796
0 0.7321428571428571 0.31716417910447764 0.02142857142857143 0.09701492537313433
0 0.7292857142857143 0.2574626865671642 0.02142857142857143 0.08706467661691543
0 0.7514285714285714 0.2972636815920398 0.02 0.09203980099502487
0 0.9042857142857142 0.554726368159204 0.025714285714285714 0.10945273631840796
0 0.9264285714285714 0.5733830845771144 0.02142857142857143 0.09701492537313433
0 0.9607142857142857 0.5348258706467661 0.03571428571428571 0.12437810945273632
0 0.9878571428571429 0.4925373134328358 0.024285714285714285 0.13432835820895522
0 0.6357142857142857 0.6281094527363185 0.025714285714285714 0.12686567164179105
0 0.6092857142857143 0.6355721393034826 0.027142857142857142 0.13681592039800994
0 0.5971428571428572 0.6144278606965174 0.025714285714285714 0.12437810945273632
0 0.5857142857142857 0.6069651741293532 0.022857142857142857 0.12935323383084577
0 0.32 0.04477611940298507 0.011428571428571429 0.05472636815920398
0 0.31285714285714283 0.07213930348258707 0.014285714285714285 0.05472636815920398
0 0.31285714285714283 0.03980099502487562 0.011428571428571429 0.05472636815920398
0 0.3314285714285714 0.02736318407960199 0.02 0.05472636815920398
0 0.33285714285714285 0.06840796019900497 0.017142857142857144 0.08208955223880597
