0 0.012857142857142857 0.1774193548387097 0.025714285714285714 0.11662531017369727
0 0.08642857142857142 0.06947890818858561 0.03571428571428571 0.13895781637717122
0 0.24071428571428571 0.03970223325062035 0.02142857142857143 0.0794044665012407
0 0.3107142857142857 0.060794044665012405 0.027142857142857142 0.12158808933002481
0 0.31285714285714283 0.06451612903225806 0.025714285714285714 0.12903225806451613
0 0.3921428571428571 0.08188585607940446 0.032857142857142856 0.16377171215880892
0 0.6364285714285715 0.06451612903225806 0.03571428571428571 0.12903225806451613
0 0.6735714285714286 0.04466501240694789 0.03 0.06947890818858561
0 0.7285714285714285 0.06947890818858561 0.04 0.13895781637717122
0 0.4157142857142857 0.6290322580645161 0.045714285714285714 0.16129032258064516
0 0.4492857142857143 0.5843672456575683 0.041428571428571426 0.1662531017369727
0 0.905 0.2704714640198511 0.05285714285714286 0.12903225806451613
