0 0.61714 0.81965 0.02857 0.09204
0 0.51357 0.69403 0.02143 0.0995
0 0.31143 0.78607 0.02286 0.09453
0 0.32571 0.97015 0.02286 0.06965
0 0.99786 0.66542 0.01571 0.08209
0 0.97071 0.66169 0.02429 0.06965
0 0.885 0.54975 0.02143 0.0597
0 0.79929 0.52239 0.01857 0.06468
0 0.75857 0.49502 0.02 0.06468
0 0.76857 0.38184 0.01429 0.04229
0 0.71571 0.45896 0.01143 0.07214
0 0.70786 0.4602 0.01286 0.06965
0 0.72714 0.10448 0.00857 0.04478
0 0.73286 0.10323 0.00857 0.04726
0 0.74 0.10199 0.01143 0.04478
0 0.83143 0.11692 0.00857 0.03483
0 0.84286 0.10697 0.00857 0.0398
0 0.85643 0.09826 0.00714 0.03234
