0 0.7914285714285715 0.654228855721393 0.025714285714285714 0.11442786069651742
0 0.4607142857142857 0.2325870646766169 0.018571428571428572 0.08706467661691543
0 0.45 0.31716417910447764 0.02 0.09701492537313433
0 0.42428571428571427 0.3072139303482587 0.02 0.10199004975124377
0 0.3657142857142857 0.23507462686567165 0.017142857142857144 0.07711442786069651
0 0.35428571428571426 0.23756218905472637 0.025714285714285714 0.07213930348258707
0 0.3364285714285714 0.24378109452736318 0.015714285714285715 0.06965174129353234
0 0.3221428571428571 0.2325870646766169 0.018571428571428572 0.08208955223880597
0 0.30142857142857143 0.23383084577114427 0.017142857142857144 0.06965174129353234
0 0.29928571428571427 0.21766169154228857 0.018571428571428572 0.07711442786069651
0 0.28214285714285714 0.22512437810945274 0.015714285714285715 0.07711442786069651
0 0.16 0.373134328358209 0.03428571428571429 0.08955223880597014
0 0.175 0.3718905472636816 0.03 0.10199004975124377
0 0.21214285714285713 0.45149253731343286 0.024285714285714285 0.06218905472636816
0 0.4185714285714286 0.48258706467661694 0.02 0.08955223880597014
0 0.34214285714285714 0.7101990049751243 0.027142857142857142 0.11194029850746269
0 0.47785714285714287 0.914179104477612 0.027142857142857142 0.09701492537313433
