0 0.093 0.8637931034482759 0.022 0.07931034482758621
0 0.055 0.9517241379310345 0.018 0.06896551724137931
0 0.601 0.9586206896551724 0.018 0.06206896551724138
0 0.502 0.7327586206896551 0.016 0.03103448275862069
0 0.384 0.5827586206896552 0.012 0.027586206896551724
0 0.338 0.49310344827586206 0.008 0.020689655172413793
0 0.349 0.4086206896551724 0.006 0.017241379310344827
0 0.401 0.3896551724137931 0.01 0.013793103448275862
0 0.462 0.4 0.008 0.013793103448275862
0 0.447 0.46206896551724136 0.006 0.013793103448275862
0 0.008 0.7879310344827586 0.016 0.05862068965517241
