0 0.83857 0.70896 0.00857 0.04478
0 0.83429 0.58333 0.00857 0.02736
0 0.85 0.57463 0.00571 0.02985
0 0.66286 0.79602 0.01143 0.04975
0 0.46714 0.86692 0.01429 0.06219
0 0.48286 0.87189 0.01429 0.05224
0 0.54286 0.9204 0.01429 0.04975
0 0.96 0.57711 0.00857 0.02985
0 0.93929 0.57463 0.00714 0.02985
0 0.92429 0.50373 0.00571 0.03234
0 0.73429 0.50124 0.00571 0.02736
0 0.74429 0.50249 0.00571 0.02985
0 0.77214 0.40672 0.00429 0.02239
0 0.77643 0.40299 0.00429 0.0199
0 0.71786 0.36567 0.00429 0.01493
0 0.725 0.36816 0.00429 0.0199
0 0.73357 0.3694 0.00429 0.01741
0 0.755 0.37065 0.00429 0.0199
0 0.71214 0.39428 0.00429 0.01741
0 0.74786 0.37065 0.00429 0.0199
0 0.74 0.36816 0.00571 0.02488
0 0.74 0.38308 0.00571 0.02488
0 0.84214 0.42289 0.00429 0.0199
0 0.9 0.4403 0.00571 0.0199
0 0.92 0.40299 0.00286 0.0199
0 0.915 0.40174 0.00429 0.02239
0 0.84071 0.36194 0.00429 0.02239
0 0.85214 0.36443 0.00429 0.02239
0 0.87357 0.35945 0.00429 0.01244
