0 0.05857142857142857 0.9303482587064676 0.02 0.04975124378109453
0 0.15571428571428572 0.7574626865671642 0.011428571428571429 0.05721393034825871
0 0.08357142857142857 0.7300995024875622 0.01 0.06218905472636816
0 0.06928571428571428 0.7288557213930348 0.012857142857142857 0.06467661691542288
0 0.07142857142857142 0.7077114427860697 0.008571428571428572 0.06218905472636816
0 0.08142857142857143 0.7126865671641791 0.011428571428571429 0.05721393034825871
0 0.16071428571428573 0.6106965174129353 0.01 0.05223880597014925
0 0.14785714285714285 0.6218905472636815 0.01 0.05472636815920398
0 0.14142857142857143 0.6206467661691543 0.008571428571428572 0.05223880597014925
0 0.05285714285714286 0.6529850746268657 0.011428571428571429 0.0472636815920398
0 0.055714285714285716 0.6343283582089553 0.011428571428571429 0.05472636815920398
0 0.06357142857142857 0.5435323383084577 0.01 0.0472636815920398
0 0.03857142857142857 0.5385572139303483 0.011428571428571429 0.03233830845771144
0 0.025 0.5348258706467661 0.01 0.03482587064676617
0 0.047857142857142855 0.7400497512437811 0.012857142857142857 0.03731343283582089
0 0.025714285714285714 0.7947761194029851 0.014285714285714285 0.04228855721393035
0 0.039285714285714285 0.6865671641791045 0.01 0.04975124378109453
0 0.03214285714285714 0.6853233830845771 0.007142857142857143 0.0472636815920398
