0 0.6421428571428571 0.7723880597014925 0.02142857142857143 0.09701492537313433
0 0.7107142857142857 0.48383084577114427 0.012857142857142857 0.06218905472636816
0 0.7021428571428572 0.48009950248756217 0.01 0.06467661691542288
0 0.6764285714285714 0.47885572139303484 0.012857142857142857 0.05721393034825871
0 0.3385714285714286 0.7176616915422885 0.022857142857142857 0.11194029850746269
0 0.495 0.6380597014925373 0.02142857142857143 0.09203980099502487
0 0.5135714285714286 0.6343283582089553 0.018571428571428572 0.07960199004975124
0 0.4664285714285714 0.6243781094527363 0.02142857142857143 0.06467661691542288
0 0.4471428571428571 0.6256218905472637 0.014285714285714285 0.06218905472636816
0 0.2257142857142857 0.4601990049751244 0.011428571428571429 0.03980099502487562
