0 0.74571 0.97761 0.01429 0.07463
0 0.76929 0.97512 0.01857 0.0597
0 0.79357 0.97388 0.01571 0.05721
0 0.63143 0.99502 0.01714 0.07463
0 0.52286 0.96891 0.02286 0.05224
0 0.56429 0.95025 0.01714 0.05473
0 0.56286 0.91915 0.01714 0.06716
0 0.29357 0.77736 0.01286 0.05721
0 0.49214 0.92164 0.01 0.04726
0 0.42143 0.86318 0.01714 0.04975
0 0.47214 0.84701 0.01571 0.06219
0 0.44857 0.82587 0.01714 0.05473
0 0.50357 0.83582 0.01286 0.04975
0 0.405 0.80846 0.01286 0.05473
0 0.41714 0.81095 0.01429 0.05473
0 0.38286 0.74627 0.00857 0.0398
0 0.38857 0.74129 0.00857 0.04478
0 0.32571 0.73881 0.01143 0.0398
