0 0.7485714285714286 0.7002487562189055 0.02 0.07711442786069651
0 0.8014285714285714 0.4166666666666667 0.011428571428571429 0.05223880597014925
0 0.7921428571428571 0.26865671641791045 0.01 0.03980099502487562
0 0.8014285714285714 0.2574626865671642 0.011428571428571429 0.0472636815920398
0 0.8042857142857143 0.2574626865671642 0.014285714285714285 0.04228855721393035
0 0.7971428571428572 0.1828358208955224 0.011428571428571429 0.04228855721393035
0 0.7857142857142857 0.19154228855721392 0.008571428571428572 0.04975124378109453
0 0.92 0.013681592039800995 0.008571428571428572 0.02736318407960199
0 0.96 0.24875621890547264 0.011428571428571429 0.03980099502487562
0 0.9785714285714285 0.20398009950248755 0.011428571428571429 0.04477611940298507
0 0.985 0.2064676616915423 0.007142857142857143 0.04477611940298507
0 0.9957142857142857 0.22014925373134328 0.011428571428571429 0.05223880597014925
0 0.99 0.26865671641791045 0.011428571428571429 0.04975124378109453
