0 0.07428571428571429 0.4987562189054726 0.011428571428571429 0.04228855721393035
0 0.06571428571428571 0.503731343283582 0.008571428571428572 0.02736318407960199
0 0.12214285714285714 0.4191542288557214 0.01 0.0472636815920398
0 0.3757142857142857 0.4291044776119403 0.008571428571428572 0.04228855721393035
0 0.29714285714285715 0.7898009950248757 0.014285714285714285 0.05721393034825871
0 0.30214285714285716 0.7338308457711443 0.012857142857142857 0.04975124378109453
0 0.3557142857142857 0.6293532338308457 0.014285714285714285 0.03980099502487562
0 0.5907142857142857 0.39800995024875624 0.007142857142857143 0.024875621890547265
0 0.6578571428571428 0.5087064676616916 0.012857142857142857 0.03233830845771144
0 0.6842857142857143 0.5111940298507462 0.011428571428571429 0.03233830845771144
0 0.9835714285714285 0.6616915422885572 0.012857142857142857 0.05970149253731343
0 0.6364285714285715 0.43656716417910446 0.01 0.03731343283582089
0 0.7635714285714286 0.35323383084577115 0.01 0.029850746268656716
0 0.18142857142857144 0.6753731343283582 0.011428571428571429 0.04228855721393035
