0 0.9628571428571429 0.6066997518610422 0.02 0.11166253101736973
0 0.9371428571428572 0.598014888337469 0.014285714285714285 0.10421836228287841
0 0.9235714285714286 0.6116625310173698 0.015714285714285715 0.06699751861042183
0 0.8721428571428571 0.5310173697270472 0.018571428571428572 0.09429280397022333
0 0.8471428571428572 0.5856079404466501 0.02 0.10421836228287841
0 0.8385714285714285 0.5719602977667494 0.014285714285714285 0.09181141439205956
0 0.8435714285714285 0.5409429280397022 0.018571428571428572 0.09429280397022333
0 0.8228571428571428 0.5620347394540943 0.022857142857142857 0.09181141439205956
0 0.8042857142857143 0.5285359801488834 0.02 0.07444168734491315
0 0.7885714285714286 0.5347394540942928 0.017142857142857144 0.0967741935483871
0 0.7742857142857142 0.5533498759305211 0.017142857142857144 0.10918114143920596
0 0.945 0.43672456575682383 0.018571428571428572 0.08933002481389578
0 0.9142857142857143 0.4230769230769231 0.02 0.08684863523573201
0 0.8371428571428572 0.45533498759305213 0.02 0.08684863523573201
0 0.755 0.4267990074441687 0.03 0.0794044665012407
0 0.7728571428571429 0.3970223325062035 0.025714285714285714 0.07444168734491315
0 0.5578571428571428 0.40198511166253104 0.018571428571428572 0.08933002481389578
0 0.6207142857142857 0.4205955334987593 0.024285714285714285 0.07692307692307693
0 0.7407142857142858 0.369727047146402 0.015714285714285715 0.07444168734491315
0 0.7635714285714286 0.36476426799007444 0.018571428571428572 0.06451612903225806
0 0.7735714285714286 0.3399503722084367 0.024285714285714285 0.08933002481389578
0 0.7321428571428571 0.33002481389578164 0.02142857142857143 0.0794044665012407
0 0.7192857142857143 0.3052109181141439 0.012857142857142857 0.06947890818858561
0 0.7278571428571429 0.36228287841191065 0.015714285714285715 0.06947890818858561
0 0.7028571428571428 0.3610421836228288 0.02 0.08684863523573201
0 0.7 0.303970223325062 0.017142857142857144 0.07196029776674938
0 0.62 0.3560794044665012 0.02 0.07692307692307693
0 0.6371428571428571 0.337468982630273 0.014285714285714285 0.07444168734491315
0 0.625 0.3362282878411911 0.012857142857142857 0.07196029776674938
0 0.6121428571428571 0.3325062034739454 0.018571428571428572 0.06947890818858561
0 0.5757142857142857 0.3349875930521092 0.017142857142857144 0.08436724565756824
0 0.5657142857142857 0.31389578163771714 0.017142857142857144 0.062034739454094295
0 0.55 0.3200992555831266 0.017142857142857144 0.04962779156327544
0 0.5242857142857142 0.33002481389578164 0.02 0.07444168734491315
0 0.46 0.29404466501240695 0.014285714285714285 0.07692307692307693
0 0.3407142857142857 0.2816377171215881 0.012857142857142857 0.06699751861042183
0 0.31785714285714284 0.2816377171215881 0.012857142857142857 0.06699751861042183
0 0.27 0.2729528535980149 0.014285714285714285 0.06451612903225806
0 0.3007142857142857 0.2692307692307692 0.02142857142857143 0.07692307692307693
0 0.3221428571428571 0.2543424317617866 0.015714285714285715 0.05707196029776675
0 0.36214285714285716 0.24193548387096775 0.015714285714285715 0.05707196029776675
0 0.23142857142857143 0.2679900744416873 0.014285714285714285 0.06947890818858561
0 0.23857142857142857 0.2617866004962779 0.017142857142857144 0.07196029776674938
0 0.19142857142857142 0.2679900744416873 0.02 0.0794044665012407
0 0.17357142857142857 0.25930521091811415 0.02142857142857143 0.06699751861042183
0 0.15785714285714286 0.25930521091811415 0.015714285714285715 0.06699751861042183
0 0.15357142857142858 0.24069478908188585 0.01 0.02977667493796526
0 0.08 0.2841191066997519 0.022857142857142857 0.06699751861042183
0 0.09285714285714286 0.23200992555831265 0.014285714285714285 0.062034739454094295
0 0.05928571428571429 0.17245657568238212 0.012857142857142857 0.04714640198511166
0 0.03785714285714286 0.2456575682382134 0.01 0.06947890818858561
0 0.015 0.2369727047146402 0.012857142857142857 0.062034739454094295
0 0.04857142857142857 0.24317617866004962 0.014285714285714285 0.05459057071960298
0 0.05071428571428571 0.22580645161290322 0.015714285714285715 0.05955334987593052
0 0.7642857142857142 0.18238213399503722 0.017142857142857144 0.052109181141439205
0 0.7507142857142857 0.18734491315136476 0.012857142857142857 0.05707196029776675
0 0.685 0.17121588089330025 0.012857142857142857 0.05459057071960298
0 0.7071428571428572 0.1600496277915633 0.014285714285714285 0.05707196029776675
0 0.5792857142857143 0.21836228287841192 0.012857142857142857 0.06451612903225806
0 0.5842857142857143 0.1674937965260546 0.014285714285714285 0.05707196029776675
0 0.5521428571428572 0.1401985111662531 0.012857142857142857 0.04714640198511166
0 0.5414285714285715 0.14392059553349876 0.011428571428571429 0.05459057071960298
0 0.25214285714285717 0.16501240694789082 0.015714285714285715 0.04714640198511166
0 0.2592857142857143 0.08188585607940446 0.01 0.03970223325062035
0 0.30428571428571427 0.10049627791563276 0.011428571428571429 0.04218362282878412
0 0.2914285714285714 0.09181141439205956 0.017142857142857144 0.05459057071960298
0 0.33714285714285713 0.09057071960297766 0.04857142857142857 0.04714640198511166
0 0.3842857142857143 0.11042183622828784 0.06 0.04714640198511166
0 0.4857142857142857 0.14516129032258066 0.05142857142857143 0.04714640198511166
0 0.5014285714285714 0.10669975186104218 0.054285714285714284 0.04962779156327544
0 0.9078571428571428 0.11290322580645161 0.015714285714285715 0.03722084367245657
0 0.8642857142857143 0.10794044665012408 0.014285714285714285 0.03225806451612903
0 0.8464285714285714 0.06823821339950373 0.007142857142857143 0.04714640198511166
0 0.8592857142857143 0.06823821339950373 0.01 0.03722084367245657
0 0.8521428571428571 0.06327543424317618 0.01 0.062034739454094295
0 0.49 0.060794044665012405 0.011428571428571429 0.04714640198511166
0 0.475 0.06327543424317618 0.01 0.04218362282878412
0 0.47928571428571426 0.04838709677419355 0.01 0.02729528535980149
