0 0.93786 0.47139 0.02714 0.07214
0 0.93714 0.25373 0.02286 0.04975
0 0.89286 0.27861 0.02571 0.0597
0 0.86857 0.27488 0.03143 0.06219
0 0.77643 0.20771 0.02714 0.06219
0 0.79571 0.20025 0.02857 0.07214
0 0.93143 0.17164 0.02 0.1194
0 0.95571 0.37562 0.02286 0.10945
0 0.96857 0.33085 0.02286 0.11443
0 0.94 0.32463 0.02 0.08209
0 0.93857 0.41542 0.02 0.11443
0 0.93929 0.57463 0.02714 0.08458
0 0.85286 0.23134 0.01714 0.10448
0 0.83929 0.18532 0.01571 0.10697
0 0.89857 0.1903 0.01429 0.11194
0 0.85571 0.19154 0.02286 0.09453
0 0.855 0.18159 0.01857 0.10945
0 0.92286 0.1704 0.01429 0.11194
0 0.88929 0.15423 0.01857 0.11443
0 0.87071 0.16542 0.01857 0.09204
0 0.85214 0.14552 0.02143 0.11194
0 0.63071 0.57214 0.02429 0.11443
0 0.47643 0.5709 0.03 0.11692
0 0.43429 0.52736 0.02571 0.1194
0 0.57857 0.43657 0.02857 0.12189
0 0.71643 0.41915 0.02429 0.12189
0 0.55357 0.39179 0.03286 0.10697
0 0.44929 0.39925 0.03 0.11194
0 0.78857 0.52114 0.02571 0.07711
0 0.76714 0.52488 0.02571 0.06468
0 0.74357 0.52861 0.03 0.07214
0 0.71786 0.551 0.02429 0.07214
0 0.68857 0.5597 0.03143 0.07463
0 0.59571 0.5199 0.04857 0.06965
0 0.73786 0.23632 0.02143 0.06468
0 0.69786 0.25622 0.02429 0.06468
0 0.67714 0.25124 0.02857 0.09453
0 0.66286 0.24129 0.02571 0.07463
0 0.63357 0.29602 0.02429 0.0796
0 0.61357 0.29851 0.02714 0.06965
0 0.54429 0.29975 0.02571 0.06716
0 0.56429 0.29851 0.02 0.07463
0 0.53786 0.26741 0.03 0.05224
0 0.555 0.25249 0.02429 0.09701
0 0.71714 0.38308 0.03143 0.12438
0 0.51429 0.39179 0.03143 0.12189
0 0.50071 0.38308 0.02714 0.11443
0 0.48857 0.37189 0.02571 0.12189
0 0.50429 0.45274 0.02286 0.06468
0 0.49786 0.51119 0.02714 0.08209
0 0.48143 0.48881 0.02857 0.07214
0 0.44429 0.45896 0.02857 0.07711
0 0.41786 0.34204 0.03286 0.11194
0 0.39214 0.39055 0.02714 0.11443
0 0.34571 0.39428 0.03429 0.12687
0 0.35714 0.23507 0.03429 0.11194
0 0.31929 0.21766 0.03571 0.10697
0 0.33429 0.20522 0.02571 0.10697
0 0.32643 0.38308 0.03 0.1194
0 0.11857 0.41294 0.03429 0.11443
0 0.09286 0.32338 0.03143 0.10448
0 0.07214 0.3209 0.03 0.12438
0 0.18643 0.30846 0.03 0.10945
0 0.195 0.29229 0.03286 0.11194
0 0.17571 0.4403 0.03429 0.1194
0 0.19929 0.43284 0.04714 0.12438
0 0.16 0.41418 0.02571 0.12687
0 0.14429 0.37562 0.02857 0.11443
0 0.29929 0.10075 0.02429 0.05224
0 0.31 0.25995 0.02286 0.06219
0 0.305 0.29478 0.02143 0.05224
0 0.28643 0.28358 0.02429 0.0597
0 0.27429 0.26741 0.02571 0.05721
0 0.26571 0.24254 0.02571 0.06716
0 0.25071 0.24876 0.03 0.0597
0 0.34643 0.14801 0.02714 0.05721
0 0.43571 0.24254 0.02571 0.08706
0 0.42571 0.25622 0.02286 0.08955
0 0.41 0.24751 0.01714 0.07711
0 0.45286 0.21891 0.01714 0.0796
0 0.46643 0.22388 0.01571 0.08955
0 0.455 0.18408 0.02143 0.0796
0 0.40857 0.20896 0.02857 0.08458
0 0.39714 0.22264 0.02571 0.08706
0 0.49571 0.29229 0.02857 0.11692
0 0.49214 0.25373 0.02714 0.0995
0 0.47929 0.29602 0.03571 0.12438
0 0.46571 0.3097 0.03429 0.12687
0 0.45143 0.31343 0.03143 0.1194
0 0.43714 0.32214 0.03143 0.12189
0 0.41286 0.31841 0.02286 0.1194
0 0.39571 0.32463 0.02286 0.12687
0 0.37571 0.3097 0.02286 0.12687
0 0.39 0.29353 0.01714 0.13433
0 0.39571 0.26617 0.01714 0.12438
0 0.375 0.28607 0.02143 0.12935
0 0.38 0.26493 0.02 0.11692
0 0.39 0.20647 0.01714 0.10945
