0 0.6985714285714286 0.3072139303482587 0.03142857142857143 0.08706467661691543
0 0.46714285714285714 0.27114427860696516 0.02 0.08955223880597014
0 0.46214285714285713 0.23134328358208955 0.015714285714285715 0.06965174129353234
0 0.38142857142857145 0.24253731343283583 0.022857142857142857 0.08706467661691543
0 0.3535714285714286 0.24004975124378108 0.018571428571428572 0.08706467661691543
0 0.3271428571428571 0.24378109452736318 0.02 0.08955223880597014
0 0.33714285714285713 0.17786069651741293 0.014285714285714285 0.07711442786069651
0 0.2671428571428571 0.053482587064676616 0.02 0.06716417910447761
0 0.06142857142857143 0.06343283582089553 0.017142857142857144 0.05721393034825871
0 0.041428571428571426 0.07213930348258707 0.014285714285714285 0.07960199004975124
