0 0.827 0.9310344827586207 0.026 0.06896551724137931
0 0.749 0.8844827586206897 0.022 0.06551724137931035
0 0.747 0.6793103448275862 0.014 0.04827586206896552
0 0.717 0.6793103448275862 0.014 0.04827586206896552
0 0.767 0.65 0.01 0.03793103448275862
0 0.979 0.5810344827586207 0.01 0.03793103448275862
0 0.998 0.5224137931034483 0.008 0.03103448275862069
0 0.99 0.4724137931034483 0.004 0.027586206896551724
0 0.816 0.5620689655172414 0.012 0.027586206896551724
0 0.79 0.5672413793103448 0.012 0.03793103448275862
0 0.808 0.5189655172413793 0.008 0.03103448275862069
0 0.89 0.47413793103448276 0.008 0.02413793103448276
0 0.898 0.45689655172413796 0.008 0.02413793103448276
0 0.494 0.8482758620689655 0.02 0.07586206896551724
0 0.539 0.756896551724138 0.014 0.06551724137931035
0 0.423 0.9793103448275862 0.014 0.05517241379310345
0 0.433 0.9586206896551724 0.022 0.06206896551724138
0 0.439 0.9120689655172414 0.022 0.06551724137931035
0 0.623 0.7620689655172413 0.018 0.05517241379310345
0 0.565 0.7224137931034482 0.01 0.05862068965517241
0 0.652 0.6689655172413793 0.016 0.041379310344827586
