0 0.3264285714285714 0.6380597014925373 0.03 0.08706467661691543
0 0.41214285714285714 0.6853233830845771 0.024285714285714285 0.08208955223880597
0 0.45285714285714285 0.6902985074626866 0.037142857142857144 0.07213930348258707
0 0.5464285714285714 0.6430348258706468 0.03857142857142857 0.10696517412935323
0 0.45785714285714285 0.5584577114427861 0.02142857142857143 0.10199004975124377
0 0.44357142857142856 0.5485074626865671 0.02142857142857143 0.10199004975124377
0 0.5157142857142857 0.5161691542288557 0.02857142857142857 0.12686567164179105
0 0.49214285714285716 0.43532338308457713 0.027142857142857142 0.10945273631840796
0 0.2392857142857143 0.24004975124378108 0.02142857142857143 0.07213930348258707
0 0.21357142857142858 0.1455223880597015 0.024285714285714285 0.07711442786069651
0 0.27071428571428574 0.12189054726368159 0.02142857142857143 0.08955223880597014
0 0.2307142857142857 0.10323383084577115 0.018571428571428572 0.04228855721393035
0 0.22857142857142856 0.10074626865671642 0.02 0.06218905472636816
0 0.235 0.041044776119402986 0.02142857142857143 0.07711442786069651
0 0.2342857142857143 0.05845771144278607 0.02 0.07711442786069651
