0 0.597 0.8482758620689655 0.03 0.15172413793103448
0 0.677 0.8103448275862069 0.046 0.20689655172413793
0 0.83 0.9051724137931034 0.048 0.2103448275862069
0 0.782 0.7379310344827587 0.036 0.18620689655172415
0 0.855 0.7241379310344828 0.034 0.19310344827586207
0 0.92 0.8586206896551725 0.04 0.1724137931034483
0 0.974 0.85 0.032 0.19655172413793104
0 0.892 0.7086206896551724 0.032 0.18275862068965518
0 0.957 0.6913793103448276 0.038 0.19655172413793104
0 0.799 0.5862068965517241 0.038 0.19310344827586207
0 0.895 0.55 0.03 0.1482758620689655
0 0.918 0.6206896551724138 0.044 0.18620689655172415
0 0.938 0.4862068965517241 0.032 0.1793103448275862
0 0.974 0.5517241379310345 0.04 0.18620689655172415
