0 0.20357 0.88184 0.01571 0.06716
0 0.285 0.58209 0.01286 0.04478
0 0.15714 0.62687 0.00857 0.0597
0 0.19143 0.52363 0.00857 0.02736
0 0.11143 0.26741 0.00571 0.02736
0 0.01357 0.36318 0.01 0.03483
0 0.13714 0.18284 0.00571 0.02239
0 0.05643 0.21517 0.00429 0.02736
0 0.06714 0.21642 0.00571 0.02488
0 0.05286 0.15174 0.00286 0.0199
0 0.02286 0.10697 0.00286 0.01493
0 0.05571 0.11318 0.00286 0.01741
0 0.05286 0.11194 0.00286 0.0199
0 0.04929 0.55348 0.00714 0.04726
0 0.05571 0.551 0.00857 0.05224
