0 0.19785714285714287 0.3957816377171216 0.04428571428571428 0.09181141439205956
0 0.26 0.337468982630273 0.025714285714285714 0.12406947890818859
0 0.31214285714285717 0.3709677419354839 0.03857142857142857 0.12158808933002481
0 0.3464285714285714 0.30893300248138955 0.03857142857142857 0.11662531017369727
0 0.37714285714285717 0.3188585607940447 0.03428571428571429 0.1315136476426799
0 0.2842857142857143 0.17121588089330025 0.04 0.0794044665012407
0 0.3192857142857143 0.18114143920595532 0.03 0.07444168734491315
0 0.3678571428571429 0.18114143920595532 0.032857142857142856 0.07444168734491315
0 0.39714285714285713 0.17493796526054592 0.03142857142857143 0.07196029776674938
0 0.4278571428571429 0.16377171215880892 0.03571428571428571 0.08436724565756824
0 0.48428571428571426 0.1513647642679901 0.037142857142857144 0.08436724565756824
0 0.445 0.10669975186104218 0.027142857142857142 0.06451612903225806
0 0.14714285714285713 0.0794044665012407 0.03428571428571429 0.07444168734491315
0 0.1707142857142857 0.10049627791563276 0.027142857142857142 0.04714640198511166
0 0.18928571428571428 0.08933002481389578 0.027142857142857142 0.05459057071960298
0 0.22142857142857142 0.05583126550868486 0.037142857142857144 0.07692307692307693
