0 0.72214 0.23201 0.02143 0.06203
0 0.655 0.16005 0.02429 0.1067
0 0.325 0.53226 0.04429 0.12655
0 0.38857 0.48015 0.02857 0.13151
0 0.24714 0.71712 0.04571 0.13896
0 0.27071 0.76179 0.03571 0.16377
0 0.32214 0.81514 0.05 0.09677
0 0.33714 0.72581 0.04571 0.14144
0 0.37214 0.69727 0.03857 0.08437
0 0.38214 0.66998 0.04429 0.08933
0 0.39643 0.64888 0.03857 0.08189
0 0.24143 0.10174 0.02571 0.08437
0 0.40714 0.17866 0.03714 0.10918
0 0.19714 0.23077 0.03143 0.10422
0 0.26571 0.34491 0.02 0.12407
0 0.29 0.3598 0.02 0.12407
0 0.33929 0.27543 0.01857 0.07444
