0 0.214 0.9655172413793104 0.036 0.06206896551724138
0 0.149 0.7120689655172414 0.022 0.08620689655172414
0 0.193 0.6051724137931035 0.022 0.05862068965517241
0 0.197 0.5913793103448276 0.022 0.07241379310344828
0 0.127 0.27413793103448275 0.014 0.05862068965517241
0 0.085 0.11206896551724138 0.01 0.03793103448275862
0 0.027 0.2706896551724138 0.018 0.05172413793103448
0 0.156 0.08275862068965517 0.012 0.034482758620689655
0 0.166 0.08620689655172414 0.012 0.027586206896551724
0 0.119 0.06206896551724138 0.01 0.05517241379310345
0 0.05 0.02586206896551724 0.008 0.03793103448275862
0 0.441 0.11379310344827587 0.014 0.041379310344827586
0 0.542 0.13448275862068965 0.016 0.041379310344827586
0 0.551 0.14310344827586208 0.014 0.04482758620689655
