0 0.089 0.96034 0.062 0.21034
0 0.268 0.89138 0.072 0.21034
0 0.143 0.6931 0.082 0.1931
0 0.262 0.66897 0.056 0.17931
0 0.161 0.45345 0.038 0.14138
0 0.187 0.44655 0.058 0.18276
0 0.423 0.83103 0.042 0.24138
0 0.5 0.91034 0.056 0.23448
0 0.549 0.83276 0.062 0.13448
0 0.552 0.67414 0.044 0.14828
0 0.599 0.77069 0.046 0.19655
0 0.653 0.8431 0.058 0.15517
0 0.744 0.91034 0.056 0.14483
0 0.727 0.93621 0.022 0.1069
0 0.711 0.78621 0.038 0.09655
0 0.742 0.8069 0.024 0.08276
0 0.843 0.83621 0.03 0.16207
0 0.922 0.92931 0.044 0.23793
0 0.954 0.93448 0.052 0.21379
0 0.738 0.5069 0.04 0.09655
0 0.759 0.55172 0.038 0.12414
0 0.797 0.49828 0.014 0.05172
0 0.803 0.50862 0.022 0.05172
0 0.817 0.5069 0.018 0.06207
0 0.831 0.51552 0.022 0.07241
0 0.888 0.4931 0.024 0.15172
0 0.908 0.5 0.024 0.13793
0 0.975 0.36379 0.03 0.16897
0 0.996 0.10862 0.024 0.12759
0 0.924 0.13276 0.032 0.1069
0 0.915 0.10345 0.034 0.14483
0 0.97 0.08448 0.024 0.08621
0 0.893 0.07414 0.026 0.13448
0 0.868 0.06379 0.02 0.1
0 0.728 0.11724 0.032 0.13793
0 0.778 0.08448 0.024 0.0931
0 0.749 0.15 0.03 0.13448
0 0.748 0.21034 0.036 0.11724
0 0.583 0.36552 0.034 0.17241
0 0.496 0.06552 0.024 0.09655
0 0.488 0.08103 0.02 0.06552
0 0.479 0.05517 0.022 0.11034
0 0.33 0.05517 0.032 0.10345
