0 0.50786 0.62811 0.01286 0.05224
0 0.51429 0.6194 0.01429 0.04975
0 0.55071 0.54478 0.01286 0.04975
0 0.68429 0.5995 0.01429 0.02985
0 0.84214 0.47139 0.01 0.04229
0 0.69786 0.41418 0.01286 0.02736
0 0.70214 0.41169 0.01571 0.03234
0 0.64786 0.39428 0.01571 0.04726
0 0.50143 0.34204 0.01143 0.04726
0 0.69857 0.36816 0.01143 0.0398
0 0.68714 0.35572 0.01143 0.0398
0 0.69429 0.35448 0.00857 0.03731
0 0.72857 0.28234 0.01143 0.04726
0 0.73714 0.28234 0.00857 0.04726
0 0.74571 0.28607 0.00857 0.03483
0 0.74429 0.24378 0.01143 0.03483
0 0.58071 0.08955 0.01286 0.02985
0 0.47714 0.06592 0.01143 0.03234
0 0.64857 0.06468 0.01143 0.0398
