0 0.88929 0.9403 0.03571 0.11443
0 0.41357 0.96269 0.04429 0.0995
0 0.06643 0.75498 0.03 0.11692
0 0.03786 0.75373 0.03857 0.11443
0 0.41643 0.71642 0.02714 0.11443
0 0.41571 0.67537 0.02 0.04726
0 0.00929 0.42413 0.01857 0.04726
0 0.47786 0.30597 0.01 0.04478
0 0.60357 0.47388 0.01286 0.06716
0 0.59286 0.46393 0.01143 0.07214
0 0.88357 0.61567 0.01857 0.08706
0 0.90214 0.61443 0.02143 0.0995
0 0.91786 0.58333 0.01857 0.08706
0 0.89 0.46144 0.01429 0.06716
0 0.91714 0.44279 0.01143 0.06468
0 0.93286 0.49005 0.01143 0.06468
0 0.93857 0.50373 0.01143 0.05721
0 0.98214 0.4204 0.01 0.06965
0 0.95857 0.44279 0.01143 0.05473
0 0.95357 0.43781 0.01286 0.04478
0 0.96929 0.45896 0.00714 0.02736
