0 0.7878571428571428 0.03233830845771144 0.015714285714285715 0.06467661691542288
0 0.8578571428571429 0.13432835820895522 0.018571428571428572 0.08955223880597014
0 0.9728571428571429 0.16791044776119404 0.022857142857142857 0.07213930348258707
0 0.9385714285714286 0.24751243781094528 0.022857142857142857 0.10696517412935323
0 0.8042857142857143 0.30223880597014924 0.02 0.10696517412935323
0 0.8257142857142857 0.30970149253731344 0.017142857142857144 0.09203980099502487
0 0.8321428571428572 0.3793532338308458 0.018571428571428572 0.09701492537313433
0 0.8257142857142857 0.4701492537313433 0.02 0.10945273631840796
0 0.8728571428571429 0.3718905472636816 0.022857142857142857 0.10696517412935323
0 0.935 0.4228855721393035 0.024285714285714285 0.09950248756218906
0 0.9985714285714286 0.503731343283582 0.02857142857142857 0.08706467661691543
0 0.9907142857142858 0.4975124378109453 0.02142857142857143 0.08955223880597014
0 0.7085714285714285 0.43407960199004975 0.025714285714285714 0.11194029850746269
0 0.9 0.6019900497512438 0.022857142857142857 0.11442786069651742
0 0.9085714285714286 0.6355721393034826 0.02 0.06716417910447761
0 0.8671428571428571 0.763681592039801 0.022857142857142857 0.12437810945273632
0 0.9757142857142858 0.6604477611940298 0.02857142857142857 0.09701492537313433
0 0.9078571428571428 0.914179104477612 0.032857142857142856 0.07213930348258707
