0 0.185 0.8684863523573201 0.055714285714285716 0.10421836228287841
0 0.14214285714285715 0.8895781637717122 0.03571428571428571 0.0967741935483871
0 0.11714285714285715 0.9540942928039702 0.037142857142857144 0.07196029776674938
0 0.05785714285714286 0.9230769230769231 0.05 0.09429280397022333
0 0.405 0.17990074441687345 0.03571428571428571 0.12655086848635236
0 0.022857142857142857 0.3511166253101737 0.04 0.1513647642679901
0 0.305 0.062034739454094295 0.03571428571428571 0.12406947890818859
0 0.04 0.17369727047146402 0.04 0.14392059553349876
0 0.6478571428571429 0.3784119106699752 0.03857142857142857 0.12655086848635236
0 0.5671428571428572 0.6786600496277916 0.03428571428571429 0.1315136476426799
