0 0.99857 0.47139 0.01143 0.03234
0 0.99714 0.30597 0.00857 0.02488
0 0.99357 0.25124 0.00714 0.02488
0 0.90429 0.25498 0.00571 0.02239
0 0.88071 0.27985 0.00714 0.02736
0 0.87429 0.25373 0.00571 0.02985
0 0.88357 0.43284 0.01 0.02985
0 0.86357 0.47015 0.01 0.03483
0 0.78571 0.88682 0.01714 0.04229
0 0.78714 0.8694 0.01714 0.04229
0 0.81143 0.88308 0.01714 0.0597
0 0.82929 0.87687 0.01 0.06716
0 0.81714 0.85199 0.01429 0.06219
0 0.55357 0.70274 0.01571 0.05721
0 0.51786 0.78607 0.01571 0.05473
0 0.53143 0.77612 0.02 0.04975
0 0.50214 0.76741 0.01857 0.04229
0 0.385 0.84204 0.01286 0.08706
