0 0.5135714285714286 0.9527363184079602 0.018571428571428572 0.08955223880597014
0 0.475 0.9713930348258707 0.03 0.08706467661691543
0 0.6814285714285714 0.8818407960199005 0.02 0.06716417910447761
0 0.7585714285714286 0.7450248756218906 0.014285714285714285 0.0472636815920398
0 0.8978571428571429 0.4228855721393035 0.004285714285714286 0.024875621890547265
0 0.8814285714285715 0.4962686567164179 0.005714285714285714 0.02736318407960199
0 0.995 0.39800995024875624 0.004285714285714286 0.01990049751243781
0 0.9392857142857143 0.4116915422885572 0.004285714285714286 0.02736318407960199
0 0.9971428571428571 0.3582089552238806 0.005714285714285714 0.01990049751243781
0 0.9914285714285714 0.35074626865671643 0.002857142857142857 0.01990049751243781
