0 0.7964285714285714 0.8582089552238806 0.027142857142857142 0.0945273631840796
0 0.9592857142857143 0.9564676616915423 0.032857142857142856 0.15671641791044777
0 0.8042857142857143 0.6654228855721394 0.02857142857142857 0.12686567164179105
0 0.8935714285714286 0.6965174129353234 0.03 0.12437810945273632
0 0.9257142857142857 0.6902985074626866 0.025714285714285714 0.12189054726368159
0 0.8821428571428571 0.6592039800995025 0.041428571428571426 0.12437810945273632
0 0.9971428571428571 0.13432835820895522 0.014285714285714285 0.05970149253731343
0 0.8742857142857143 0.11069651741293532 0.008571428571428572 0.05721393034825871
0 0.87 0.0845771144278607 0.005714285714285714 0.04477611940298507
0 0.8764285714285714 0.0845771144278607 0.007142857142857143 0.03980099502487562
0 0.78 0.13681592039800994 0.011428571428571429 0.05472636815920398
0 0.735 0.11567164179104478 0.007142857142857143 0.03233830845771144
0 0.7428571428571429 0.10572139303482588 0.011428571428571429 0.05721393034825871
0 0.7592857142857142 0.10074626865671642 0.01 0.05721393034825871
0 0.6957142857142857 0.10323383084577115 0.011428571428571429 0.05223880597014925
0 0.31357142857142856 0.02736318407960199 0.01 0.03980099502487562
0 0.3964285714285714 0.03233830845771144 0.007142857142857143 0.04477611940298507
0 0.29428571428571426 0.03855721393034826 0.008571428571428572 0.02736318407960199
0 0.28714285714285714 0.03109452736318408 0.008571428571428572 0.0472636815920398
0 0.2814285714285714 0.029850746268656716 0.008571428571428572 0.04975124378109453
0 0.24428571428571427 0.08084577114427861 0.017142857142857144 0.05721393034825871
0 0.2842857142857143 0.10572139303482588 0.011428571428571429 0.05721393034825871
0 0.3028571428571429 0.13805970149253732 0.014285714285714285 0.06716417910447761
0 0.3192857142857143 0.13432835820895522 0.012857142857142857 0.06467661691542288
0 0.3192857142857143 0.15422885572139303 0.012857142857142857 0.05970149253731343
0 0.32357142857142857 0.16417910447761194 0.015714285714285715 0.06467661691542288
0 0.3342857142857143 0.17039800995024876 0.014285714285714285 0.06716417910447761
0 0.34785714285714286 0.16293532338308458 0.012857142857142857 0.06716417910447761
0 0.3585714285714286 0.17039800995024876 0.014285714285714285 0.07213930348258707
0 0.3628571428571429 0.16293532338308458 0.014285714285714285 0.07213930348258707
0 0.3942857142857143 0.08830845771144279 0.008571428571428572 0.05721393034825871
0 0.4228571428571429 0.16169154228855723 0.014285714285714285 0.06965174129353234
0 0.5292857142857142 0.14676616915422885 0.01 0.06467661691542288
0 0.54 0.15422885572139303 0.011428571428571429 0.06467661691542288
