0 0.46286 0.86318 0.02286 0.1194
0 0.48571 0.87189 0.02286 0.12189
0 0.56357 0.95025 0.02143 0.12438
0 0.57571 0.97015 0.02 0.12438
0 0.60286 0.95149 0.02286 0.13184
0 0.615 0.94527 0.01857 0.12438
0 0.16429 0.73632 0.02571 0.10448
0 0.19357 0.69154 0.01571 0.09453
0 0.39643 0.67537 0.02143 0.09204
0 0.3 0.66169 0.01714 0.0796
0 0.76214 0.77488 0.02429 0.10199
0 0.52 0.52612 0.02 0.07711
0 0.60071 0.58458 0.01857 0.08458
0 0.63929 0.58831 0.01857 0.08706
0 0.72929 0.66169 0.01571 0.08955
0 0.76429 0.66294 0.02286 0.10199
0 0.78429 0.69279 0.02286 0.10199
0 0.80429 0.71393 0.01714 0.04975
0 0.84857 0.73507 0.02571 0.11194
0 0.88714 0.75124 0.02 0.0995
0 0.91857 0.75746 0.02286 0.09701
0 0.93714 0.72886 0.02571 0.09453
0 0.825 0.66169 0.02429 0.09453
0 0.84643 0.67289 0.02143 0.09701
0 0.85929 0.64428 0.01857 0.08955
0 0.86714 0.70149 0.03143 0.06965
0 0.59214 0.52985 0.01286 0.06965
0 0.605 0.56219 0.01571 0.08458
0 0.625 0.56592 0.01571 0.07711
0 0.63286 0.5398 0.01429 0.07463
0 0.62214 0.53856 0.01571 0.06716
0 0.62 0.52861 0.01429 0.08209
0 0.605 0.54229 0.01286 0.0796
0 0.79143 0.61194 0.02 0.08955
0 0.80429 0.62811 0.01429 0.07711
0 0.845 0.62065 0.01571 0.08209
0 0.83286 0.6194 0.01143 0.08458
0 0.81214 0.60075 0.01286 0.06716
0 0.82571 0.6107 0.01143 0.07711
0 0.83929 0.53731 0.01286 0.07463
0 0.81357 0.51866 0.01286 0.07214
0 0.835 0.51493 0.01286 0.07463
0 0.50214 0.41045 0.01 0.05473
0 0.29 0.51244 0.02 0.0597
0 0.90143 0.38557 0.01143 0.0597
0 0.93429 0.38308 0.01143 0.05473
0 0.975 0.38682 0.01286 0.05721
0 0.96429 0.35075 0.01143 0.04478
0 0.93143 0.35945 0.01429 0.05224
0 0.60714 0.39055 0.01143 0.06468
0 0.55786 0.3806 0.01 0.0597
0 0.56357 0.39428 0.01 0.04726
0 0.57571 0.39179 0.00857 0.05721
0 0.57643 0.38308 0.01 0.04975
0 0.58643 0.39552 0.01 0.0597
0 0.58929 0.4005 0.00714 0.04478
0 0.46643 0.1505 0.00714 0.03731
0 0.50571 0.12935 0.00857 0.02488
0 0.71714 0.14303 0.00857 0.02239
0 0.11929 0.31716 0.01286 0.05224
0 0.06357 0.21144 0.01 0.0199
