0 0.8242857142857143 0.9626865671641791 0.02857142857142857 0.13930348258706468
0 0.8335714285714285 0.9104477611940298 0.027142857142857142 0.13432835820895522
0 0.9185714285714286 0.7873134328358209 0.022857142857142857 0.11691542288557213
0 0.8278571428571428 0.6915422885572139 0.03 0.11442786069651742
0 0.855 0.6654228855721394 0.032857142857142856 0.10199004975124377
0 0.87 0.650497512437811 0.02857142857142857 0.10199004975124377
0 0.8985714285714286 0.08333333333333333 0.011428571428571429 0.05223880597014925
0 0.7471428571428571 0.10199004975124377 0.011428571428571429 0.05472636815920398
0 0.47214285714285714 0.048507462686567165 0.012857142857142857 0.05223880597014925
0 0.2935714285714286 0.041044776119402986 0.012857142857142857 0.0472636815920398
0 0.2985714285714286 0.03482587064676617 0.011428571428571429 0.04477611940298507
0 0.2742857142857143 0.05472636815920398 0.014285714285714285 0.04975124378109453
0 0.095 0.0845771144278607 0.015714285714285715 0.05970149253731343
0 0.13142857142857142 0.07338308457711443 0.014285714285714285 0.03233830845771144
