0 0.6257142857142857 0.6069651741293532 0.005714285714285714 0.024875621890547265
0 0.7671428571428571 0.6529850746268657 0.008571428571428572 0.03731343283582089
0 0.7728571428571429 0.6218905472636815 0.008571428571428572 0.03482587064676617
0 0.7642857142857142 0.6293532338308457 0.008571428571428572 0.03482587064676617
0 0.8085714285714286 0.5248756218905473 0.005714285714285714 0.014925373134328358
0 0.8092857142857143 0.47885572139303484 0.004285714285714286 0.022388059701492536
0 0.8042857142857143 0.43656716417910446 0.002857142857142857 0.017412935323383085
0 0.8121428571428572 0.4191542288557214 0.004285714285714286 0.017412935323383085
0 0.8157142857142857 0.4228855721393035 0.002857142857142857 0.009950248756218905
0 0.8221428571428572 0.39552238805970147 0.004285714285714286 0.014925373134328358
0 0.9007142857142857 0.3818407960199005 0.004285714285714286 0.012437810945273632
0 0.9921428571428571 0.513681592039801 0.004285714285714286 0.022388059701492536
0 0.9564285714285714 0.48756218905472637 0.004285714285714286 0.01990049751243781
0 0.9392857142857143 0.4228855721393035 0.004285714285714286 0.009950248756218905
0 0.9464285714285714 0.43407960199004975 0.004285714285714286 0.012437810945273632
0 0.95 0.44029850746268656 0.002857142857142857 0.009950248756218905
