0 0.4607142857142857 0.9850746268656716 0.012857142857142857 0.07462686567164178
0 0.6042857142857143 0.9776119402985075 0.017142857142857144 0.07462686567164178
0 0.6342857142857142 0.9415422885572139 0.017142857142857144 0.07213930348258707
0 0.7421428571428571 0.6019900497512438 0.01 0.03980099502487562
0 0.7685714285714286 0.7300995024875622 0.014285714285714285 0.0472636815920398
0 0.6685714285714286 0.7412935323383084 0.008571428571428572 0.05970149253731343
0 0.675 0.7425373134328358 0.01 0.03233830845771144
0 0.9171428571428571 0.7014925373134329 0.008571428571428572 0.04975124378109453
0 0.8964285714285715 0.7027363184079602 0.01 0.03233830845771144
0 0.8864285714285715 0.6890547263681592 0.007142857142857143 0.029850746268656716
