0 0.10785714285714286 0.37965260545905705 0.01 0.02481389578163772
0 0.12857142857142856 0.4032258064516129 0.011428571428571429 0.017369727047146403
0 0.06285714285714286 0.6066997518610422 0.011428571428571429 0.022332506203473945
0 0.3007142857142857 0.7196029776674938 0.012857142857142857 0.02481389578163772
0 0.9028571428571428 0.9119106699751861 0.011428571428571429 0.017369727047146403
0 0.6835714285714286 0.7009925558312655 0.015714285714285715 0.017369727047146403
0 0.6371428571428571 0.7357320099255583 0.014285714285714285 0.022332506203473945
0 0.6157142857142858 0.6947890818858561 0.017142857142857144 0.01488833746898263
0 0.6 0.6786600496277916 0.014285714285714285 0.017369727047146403
0 0.5928571428571429 0.6935483870967742 0.014285714285714285 0.017369727047146403
0 0.595 0.705955334987593 0.015714285714285715 0.022332506203473945
0 0.08357142857142857 0.8126550868486352 0.01 0.022332506203473945
0 0.045 0.6910669975186104 0.01 0.022332506203473945
0 0.04071428571428572 0.707196029776675 0.01 0.019851116625310174
