0 0.3628571428571429 0.9502487562189055 0.014285714285714285 0.07960199004975124
0 0.37214285714285716 0.8855721393034826 0.041428571428571426 0.12935323383084577
0 0.44857142857142857 0.9390547263681592 0.022857142857142857 0.09701492537313433
0 0.23857142857142857 0.5945273631840796 0.02 0.07960199004975124
0 0.2092857142857143 0.5559701492537313 0.015714285714285715 0.08208955223880597
0 0.19 0.554726368159204 0.017142857142857144 0.07462686567164178
0 0.1657142857142857 0.5261194029850746 0.02 0.08208955223880597
0 0.13 0.5335820895522388 0.025714285714285714 0.08208955223880597
0 0.04071428571428572 0.650497512437811 0.024285714285714285 0.11194029850746269
0 0.01 0.7922885572139303 0.02 0.08208955223880597
0 0.013571428571428571 0.6492537313432836 0.027142857142857142 0.1044776119402985
