0 0.192 0.98966 0.04 0.11034
0 0.27 0.80862 0.028 0.1069
0 0.63 0.75517 0.04 0.08276
0 0.968 0.86724 0.044 0.1069
0 0.837 0.4931 0.034 0.09655
0 0.523 0.68276 0.03 0.09655
0 0.48 0.64483 0.028 0.09655
0 0.659 0.34655 0.034 0.08621
0 0.686 0.35517 0.032 0.07586
0 0.432 0.37241 0.02 0.08966
0 0.476 0.26724 0.02 0.05172
0 0.539 0.22069 0.022 0.06897
0 0.055 0.73103 0.022 0.09655
0 0.176 0.68276 0.024 0.09655
0 0.142 0.62931 0.02 0.08621
0 0.195 0.57241 0.018 0.08966
0 0.214 0.4931 0.02 0.08966
0 0.275 0.45517 0.018 0.07586
0 0.275 0.36034 0.022 0.08621
0 0.359 0.20172 0.022 0.07931
0 0.024 0.54138 0.02 0.08966
0 0.107 0.45862 0.014 0.08276
0 0.181 0.37586 0.018 0.07586
0 0.227 0.32931 0.018 0.07931
0 0.275 0.23448 0.018 0.07586
0 0.306 0.14828 0.016 0.06897
0 0.74 0.17414 0.024 0.06552
0 0.758 0.18103 0.024 0.06552
0 0.748 0.02586 0.032 0.05172
0 0.014 0.40862 0.02 0.07241
0 0.055 0.37586 0.014 0.08966
0 0.089 0.32069 0.018 0.08276
0 0.117 0.29483 0.018 0.06552
0 0.15 0.24483 0.02 0.07586
0 0.175 0.2069 0.018 0.07586
0 0.008 0.29138 0.016 0.07241
0 0.043 0.26034 0.018 0.07241
0 0.07 0.22241 0.016 0.06552
0 0.116 0.19655 0.02 0.04138
0 0.107 0.11552 0.014 0.06552
0 0.227 0.12931 0.022 0.05862
0 0.206 0.09138 0.016 0.05172
0 0.183 0.04483 0.014 0.07586
0 0.201 0.03793 0.022 0.06897
0 0.271 0.16897 0.018 0.05517
0 0.292 0.09138 0.016 0.05172
0 0.309 0.09655 0.018 0.06207
0 0.332 0.1 0.02 0.06897
0 0.347 0.09655 0.022 0.08276
