0 0.10857142857142857 0.27238805970149255 0.011428571428571429 0.06218905472636816
0 0.1 0.2997512437810945 0.011428571428571429 0.06218905472636816
0 0.12642857142857142 0.30970149253731344 0.01 0.06218905472636816
0 0.13785714285714284 0.31094527363184077 0.01 0.05970149253731343
0 0.15142857142857144 0.31343283582089554 0.011428571428571429 0.05970149253731343
0 0.15642857142857142 0.32213930348258707 0.012857142857142857 0.05721393034825871
0 0.025 0.5124378109452736 0.012857142857142857 0.04975124378109453
0 0.06357142857142857 0.5783582089552238 0.015714285714285715 0.05223880597014925
0 0.06142857142857143 0.5572139303482587 0.017142857142857144 0.05970149253731343
0 0.09928571428571428 0.5845771144278606 0.018571428571428572 0.05970149253731343
0 0.12 0.4937810945273632 0.017142857142857144 0.05721393034825871
0 0.1442857142857143 0.5422885572139303 0.017142857142857144 0.0845771144278607
0 0.16 0.554726368159204 0.008571428571428572 0.05970149253731343
0 0.17357142857142857 0.5671641791044776 0.012857142857142857 0.06965174129353234
0 0.4092857142857143 0.6330845771144279 0.015714285714285715 0.08706467661691543
0 0.4142857142857143 0.6019900497512438 0.02 0.07462686567164178
0 0.3871428571428571 0.5895522388059702 0.014285714285714285 0.06965174129353234
0 0.39357142857142857 0.5733830845771144 0.01 0.03731343283582089
0 0.37857142857142856 0.5671641791044776 0.02 0.07960199004975124
0 0.33714285714285713 0.7164179104477612 0.025714285714285714 0.06965174129353234
