0 0.15786 0.83085 0.01571 0.06468
0 0.13571 0.70398 0.01429 0.06965
0 0.45857 0.9204 0.01429 0.06965
0 0.50357 0.81219 0.01286 0.07214
0 0.49286 0.80473 0.01429 0.07711
0 0.52 0.79726 0.01429 0.06716
0 0.53429 0.70025 0.01714 0.06716
0 0.54571 0.699 0.01143 0.0597
0 0.56429 0.70398 0.01143 0.0597
0 0.56286 0.70149 0.01143 0.0597
0 0.615 0.57836 0.01 0.04726
0 0.33929 0.63682 0.01 0.04478
0 0.34643 0.6393 0.01 0.0398
0 0.36429 0.62313 0.00857 0.04229
0 0.355 0.62313 0.01 0.04229
0 0.42357 0.64677 0.01 0.04975
0 0.42214 0.63557 0.01 0.04726
0 0.435 0.64428 0.01 0.04975
0 0.44214 0.6393 0.01 0.04975
0 0.47214 0.6393 0.01 0.04975
0 0.54786 0.6592 0.00714 0.04478
0 0.56286 0.65796 0.01143 0.05224
0 0.57286 0.65796 0.01143 0.05224
0 0.55 0.60448 0.01143 0.0398
0 0.56286 0.60697 0.01143 0.04478
0 0.57286 0.61692 0.00857 0.02488
0 0.54714 0.62562 0.01143 0.02239
0 0.43071 0.57214 0.01 0.04478
0 0.41714 0.57214 0.00857 0.04478
0 0.42286 0.57463 0.00857 0.04478
0 0.74071 0.77488 0.01571 0.06716
0 0.73429 0.78856 0.01429 0.04975
0 0.98786 0.77736 0.01286 0.04229
0 0.98643 0.76617 0.01286 0.04478
0 0.93143 0.79104 0.01429 0.02985
0 0.92786 0.77985 0.01571 0.03234
0 0.86429 0.66791 0.01429 0.04229
0 0.93143 0.65174 0.00857 0.0199
0 0.89857 0.47015 0.00857 0.0199
