0 0.6685714285714286 0.9402985074626866 0.022857142857142857 0.0945273631840796
0 0.30857142857142855 0.7922885572139303 0.025714285714285714 0.08208955223880597
0 0.705 0.681592039800995 0.015714285714285715 0.08955223880597014
0 0.8778571428571429 0.6567164179104478 0.012857142857142857 0.04975124378109453
0 0.8814285714285715 0.6393034825870647 0.02 0.05472636815920398
0 0.7285714285714285 0.6405472636815921 0.017142857142857144 0.08706467661691543
0 0.9721428571428572 0.24129353233830847 0.01 0.04477611940298507
0 0.8235714285714286 0.236318407960199 0.01 0.04477611940298507
0 0.8657142857142858 0.09203980099502487 0.008571428571428572 0.03482587064676617
0 0.7778571428571428 0.208955223880597 0.01 0.04975124378109453
0 0.7871428571428571 0.20398009950248755 0.008571428571428572 0.04975124378109453
0 0.7664285714285715 0.20149253731343283 0.007142857142857143 0.04975124378109453
