0 0.8678571428571429 0.02729528535980149 0.007142857142857143 0.05459057071960298
0 0.9757142857142858 0.4044665012406948 0.025714285714285714 0.08436724565756824
0 0.9357142857142857 0.4044665012406948 0.017142857142857144 0.10421836228287841
0 0.9014285714285715 0.4205955334987593 0.02 0.05707196029776675
0 0.7464285714285714 0.22332506203473945 0.015714285714285715 0.08933002481389578
0 0.7892857142857143 0.2630272952853598 0.018571428571428572 0.08933002481389578
0 0.8692857142857143 0.2617866004962779 0.02142857142857143 0.07196029776674938
0 0.8964285714285715 0.24937965260545905 0.018571428571428572 0.0967741935483871
0 0.8585714285714285 0.3883374689826303 0.022857142857142857 0.08684863523573201
0 0.54 0.09553349875930521 0.022857142857142857 0.07692307692307693
0 0.5371428571428571 0.1054590570719603 0.011428571428571429 0.04714640198511166
0 0.6214285714285714 0.18734491315136476 0.022857142857142857 0.06699751861042183
0 0.3028571428571429 0.33126550868486354 0.04 0.09181141439205956
0 0.2785714285714286 0.38337468982630274 0.022857142857142857 0.10669975186104218
0 0.27 0.358560794044665 0.02857142857142857 0.10173697270471464
0 0.3464285714285714 0.641439205955335 0.032857142857142856 0.09181141439205956
0 0.3514285714285714 0.6774193548387096 0.03428571428571429 0.09429280397022333
0 0.8192857142857143 0.02729528535980149 0.01 0.05459057071960298
0 0.81 0.028535980148883373 0.011428571428571429 0.05707196029776675
0 0.8014285714285714 0.02729528535980149 0.011428571428571429 0.034739454094292806
0 0.7942857142857143 0.03598014888337469 0.011428571428571429 0.03722084367245657
0 0.7885714285714286 0.031017369727047148 0.014285714285714285 0.03722084367245657
0 0.74 0.02729528535980149 0.02 0.05459057071960298
0 0.7571428571428571 0.033498759305210915 0.011428571428571429 0.06699751861042183
