0 0.877 0.8913793103448275 0.026 0.09310344827586207
0 0.97 0.7379310344827587 0.016 0.06896551724137931
0 0.869 0.6293103448275862 0.014 0.05862068965517241
0 0.88 0.5655172413793104 0.016 0.041379310344827586
0 0.944 0.5465517241379311 0.016 0.04482758620689655
0 0.948 0.503448275862069 0.008 0.034482758620689655
0 0.775 0.9224137931034483 0.022 0.09310344827586207
0 0.794 0.8810344827586207 0.02 0.1
0 0.807 0.9517241379310345 0.026 0.09655172413793103
0 0.665 0.9534482758620689 0.022 0.07241379310344828
0 0.841 0.7758620689655172 0.018 0.06896551724137931
0 0.716 0.8982758620689655 0.024 0.07931034482758621
0 0.981 0.5448275862068965 0.006 0.041379310344827586
0 0.96 0.5431034482758621 0.016 0.04482758620689655
0 0.981 0.5137931034482759 0.01 0.041379310344827586
0 0.901 0.4793103448275862 0.01 0.027586206896551724
