0 0.056 0.7706896551724138 0.044 0.11379310344827587
0 0.045 0.8189655172413793 0.034 0.1
0 0.579 0.4206896551724138 0.038 0.10344827586206896
0 0.428 0.35344827586206895 0.036 0.1
0 0.409 0.30344827586206896 0.022 0.0896551724137931
0 0.393 0.31551724137931036 0.026 0.08620689655172414
0 0.113 0.3310344827586207 0.034 0.09655172413793103
0 0.108 0.1482758620689655 0.024 0.06206896551724138
0 0.1 0.22586206896551725 0.024 0.1
0 0.198 0.30344827586206896 0.024 0.08275862068965517
0 0.186 0.3741379310344828 0.02 0.1
0 0.199 0.3793103448275862 0.022 0.0896551724137931
0 0.194 0.10517241379310345 0.02 0.08620689655172414
0 0.204 0.09827586206896552 0.016 0.07931034482758621
0 0.221 0.09827586206896552 0.018 0.09310344827586207
0 0.233 0.1103448275862069 0.018 0.08275862068965517
0 0.4 0.16034482758620688 0.024 0.07931034482758621
0 0.423 0.17413793103448275 0.026 0.09310344827586207
0 0.501 0.20172413793103447 0.026 0.10689655172413794
0 0.967 0.1724137931034483 0.038 0.08275862068965517
0 0.44 0.04655172413793104 0.02 0.07931034482758621
0 0.488 0.08620689655172414 0.024 0.0896551724137931
0 0.523 0.14482758620689656 0.018 0.06206896551724138
0 0.71 0.15344827586206897 0.028 0.1
0 0.648 0.1810344827586207 0.024 0.09310344827586207
0 0.614 0.11724137931034483 0.024 0.07586206896551724
0 0.687 0.039655172413793106 0.022 0.07241379310344828
0 0.647 0.04655172413793104 0.022 0.08620689655172414
0 0.161 0.02586206896551724 0.018 0.05172413793103448
0 0.356 0.032758620689655175 0.02 0.06551724137931035
0 0.384 0.03103448275862069 0.02 0.06206896551724138
0 0.372 0.03103448275862069 0.012 0.06206896551724138
0 0.639 0.13275862068965516 0.014 0.07241379310344828
0 0.651 0.13448275862068965 0.018 0.07586206896551724
