0 0.97643 0.22705 0.03286 0.11663
0 0.195 0.56203 0.06714 0.14144
0 0.05571 0.58189 0.06286 0.17122
0 0.10429 0.51985 0.05429 0.15136
0 0.77071 0.83002 0.05 0.16129
0 0.61714 0.91315 0.06571 0.14888
0 0.58357 0.85856 0.03 0.11911
0 0.615 0.80893 0.03571 0.08933
0 0.66214 0.83871 0.02714 0.12407
0 0.70714 0.78784 0.03429 0.1464
0 0.68214 0.82754 0.01857 0.09677
0 0.68214 0.76303 0.04714 0.08685
0 0.69786 0.71836 0.03857 0.15633
0 0.64357 0.73201 0.02429 0.05459
0 0.66714 0.72333 0.02571 0.09181
0 0.655 0.66625 0.04143 0.13648
0 0.32286 0.92432 0.04 0.11663
0 0.33071 0.91563 0.03571 0.09429
0 0.695 0.40819 0.03857 0.14144
0 0.82214 0.44417 0.04143 0.14888
0 0.89643 0.46774 0.03571 0.16625
0 0.93214 0.4665 0.02714 0.14392
0 0.93071 0.64392 0.03286 0.1464
0 0.89643 0.67618 0.03286 0.1464
0 0.85929 0.76303 0.04143 0.12655
0 0.32143 0.70596 0.04571 0.15633
0 0.20286 0.84988 0.04857 0.11166
0 0.75071 0.36476 0.02429 0.10918
0 0.55786 0.2866 0.02429 0.09181
0 0.75929 0.36476 0.02143 0.09429
0 0.65071 0.31638 0.03857 0.09181
0 0.20429 0.97022 0.03429 0.05955
0 0.175 0.94913 0.02143 0.08685
0 0.19214 0.95533 0.03 0.0794
0 0.28429 0.72705 0.03714 0.134
0 0.81929 0.7134 0.04143 0.18114
0 0.26071 0.68983 0.04429 0.14392
0 0.53214 0.34243 0.03571 0.0794
0 0.98786 0.37717 0.03286 0.15881
0 0.89214 0.15633 0.02429 0.07444
0 0.92643 0.12159 0.02143 0.12407
0 0.82714 0.06452 0.02571 0.06948
0 0.95357 0.07072 0.02714 0.14144
0 0.96357 0.88089 0.05 0.2134
