0 0.39571428571428574 0.6529850746268657 0.022857142857142857 0.12686567164179105
0 0.19285714285714287 0.028606965174129355 0.011428571428571429 0.0472636815920398
0 0.405 0.3656716417910448 0.015714285714285715 0.07960199004975124
0 0.4357142857142857 0.3619402985074627 0.011428571428571429 0.06716417910447761
0 0.44642857142857145 0.33955223880597013 0.012857142857142857 0.07711442786069651
0 0.4635714285714286 0.3843283582089552 0.015714285714285715 0.09701492537313433
0 0.48428571428571426 0.376865671641791 0.02 0.10199004975124377
0 0.4278571428571429 0.4925373134328358 0.027142857142857142 0.10945273631840796
0 0.5435714285714286 0.19402985074626866 0.015714285714285715 0.0945273631840796
0 0.9814285714285714 0.8121890547263682 0.037142857142857144 0.1517412935323383
