0 0.8971428571428571 0.7960199004975125 0.04285714285714286 0.07462686567164178
0 0.985 0.5398009950248757 0.03 0.06467661691542288
0 0.9142857142857143 0.26616915422885573 0.02 0.05970149253731343
0 0.9228571428571428 0.25870646766169153 0.017142857142857144 0.05970149253731343
0 0.05071428571428571 0.17164179104477612 0.012857142857142857 0.06467661691542288
0 0.06428571428571428 0.17786069651741293 0.011428571428571429 0.05721393034825871
0 0.08142857142857143 0.17288557213930347 0.011428571428571429 0.07213930348258707
0 0.015 0.03109452736318408 0.012857142857142857 0.05721393034825871
0 0.027142857142857142 0.02736318407960199 0.011428571428571429 0.04975124378109453
0 0.2057142857142857 0.332089552238806 0.014285714285714285 0.07711442786069651
0 0.21785714285714286 0.3271144278606965 0.012857142857142857 0.07213930348258707
