0 0.227 0.9086206896551724 0.066 0.2517241379310345
0 0.041 0.9293103448275862 0.07 0.24482758620689654
0 0.04 0.7241379310344828 0.036 0.18620689655172415
0 0.02 0.7344827586206897 0.04 0.22758620689655173
0 0.508 0.3793103448275862 0.024 0.10344827586206896
0 0.489 0.3775862068965517 0.018 0.08620689655172414
0 0.057 0.4362068965517241 0.022 0.12758620689655173
0 0.031 0.4586206896551724 0.018 0.12413793103448276
0 0.013 0.4413793103448276 0.026 0.13793103448275862
0 0.01 0.21379310344827587 0.016 0.06896551724137931
0 0.022 0.21379310344827587 0.016 0.06206896551724138
0 0.052 0.22413793103448276 0.016 0.06896551724137931
0 0.072 0.2206896551724138 0.02 0.06206896551724138
0 0.02 0.2827586206896552 0.02 0.0896551724137931
0 0.025 0.3586206896551724 0.022 0.09655172413793103
0 0.136 0.21724137931034482 0.016 0.06896551724137931
0 0.162 0.2120689655172414 0.02 0.05862068965517241
0 0.161 0.27241379310344827 0.022 0.07586206896551724
0 0.147 0.25862068965517243 0.018 0.08275862068965517
0 0.093 0.3620689655172414 0.022 0.1310344827586207
0 0.117 0.3741379310344828 0.018 0.10689655172413794
0 0.126 0.36724137931034484 0.02 0.11379310344827587
0 0.141 0.35344827586206895 0.018 0.10689655172413794
0 0.069 0.3620689655172414 0.018 0.10344827586206896
0 0.052 0.3620689655172414 0.02 0.10344827586206896
0 0.048 0.3 0.02 0.07586206896551724
0 0.072 0.2982758620689655 0.016 0.07241379310344828
0 0.09 0.27241379310344827 0.012 0.06896551724137931
0 0.061 0.2706896551724138 0.014 0.06551724137931035
