0 0.198 0.9172413793103448 0.02 0.08275862068965517
0 0.294 0.9482758620689655 0.032 0.07586206896551724
0 0.105 0.8672413793103448 0.018 0.07931034482758621
0 0.12 0.853448275862069 0.012 0.05862068965517241
0 0.217 0.7913793103448276 0.018 0.06551724137931035
0 0.228 0.8 0.012 0.04827586206896552
0 0.374 0.896551724137931 0.024 0.08275862068965517
0 0.281 0.8793103448275862 0.014 0.05517241379310345
0 0.288 0.8758620689655172 0.016 0.06896551724137931
0 0.301 0.8689655172413793 0.01 0.04827586206896552
0 0.297 0.7258620689655172 0.018 0.05172413793103448
0 0.289 0.8068965517241379 0.014 0.06896551724137931
0 0.313 0.8482758620689655 0.018 0.06896551724137931
0 0.311 0.8172413793103448 0.018 0.06896551724137931
0 0.327 0.8310344827586207 0.018 0.08275862068965517
0 0.356 0.8655172413793103 0.02 0.08275862068965517
0 0.364 0.85 0.012 0.04482758620689655
0 0.398 0.8017241379310345 0.02 0.07241379310344828
0 0.409 0.8172413793103448 0.014 0.05517241379310345
0 0.418 0.8137931034482758 0.012 0.05517241379310345
0 0.517 0.7224137931034482 0.018 0.04482758620689655
0 0.539 0.7293103448275862 0.018 0.04482758620689655
0 0.295 0.6189655172413793 0.01 0.05172413793103448
0 0.275 0.6172413793103448 0.01 0.05517241379310345
0 0.179 0.5620689655172414 0.01 0.05517241379310345
0 0.1 0.6879310344827586 0.012 0.04482758620689655
0 0.108 0.6896551724137931 0.012 0.04827586206896552
0 0.009 0.7689655172413793 0.018 0.06206896551724138
0 0.026 0.6603448275862069 0.012 0.05172413793103448
0 0.058 0.6068965517241379 0.012 0.041379310344827586
0 0.059 0.6086206896551725 0.01 0.03103448275862069
0 0.066 0.5396551724137931 0.012 0.03793103448275862
0 0.01 0.6155172413793103 0.012 0.03793103448275862
