0 0.47429 0.41294 0.03143 0.09453
0 0.46714 0.27363 0.01714 0.0796
0 0.35286 0.18284 0.01714 0.08706
0 0.35429 0.19279 0.01714 0.06716
0 0.23357 0.81716 0.03857 0.09204
0 0.08357 0.79851 0.04429 0.0995
0 0.21786 0.77612 0.03 0.12438
0 0.38143 0.89801 0.03143 0.1194
0 0.77929 0.93657 0.03857 0.12687
0 0.72857 0.78234 0.03429 0.11692
0 0.89429 0.85199 0.03714 0.11194
0 0.97857 0.59826 0.02857 0.09701
0 0.96714 0.5 0.01714 0.11443
0 0.89786 0.25124 0.01857 0.09453
0 0.88143 0.25995 0.01429 0.09204
0 0.66286 0.25124 0.02 0.08955
0 0.66214 0.24254 0.01286 0.09701
