0 0.9864285714285714 0.7077114427860697 0.015714285714285715 0.06218905472636816
0 0.6142857142857143 0.6194029850746269 0.011428571428571429 0.06467661691542288
0 0.5885714285714285 0.664179104477612 0.017142857142857144 0.06965174129353234
0 0.5685714285714286 0.6492537313432836 0.017142857142857144 0.06467661691542288
0 0.56 0.5335820895522388 0.011428571428571429 0.05223880597014925
0 0.5371428571428571 0.4925373134328358 0.008571428571428572 0.04477611940298507
0 0.31 0.4763681592039801 0.011428571428571429 0.05223880597014925
0 0.3157142857142857 0.47885572139303484 0.014285714285714285 0.02736318407960199
0 0.7171428571428572 0.47388059701492535 0.011428571428571429 0.0472636815920398
0 0.05357142857142857 0.35074626865671643 0.01 0.03482587064676617
