0 0.301 0.8448275862068966 0.026 0.09655172413793103
0 0.344 0.8120689655172414 0.024 0.07931034482758621
0 0.373 0.9379310344827586 0.026 0.08275862068965517
0 0.378 0.9689655172413794 0.02 0.06206896551724138
0 0.508 0.5344827586206896 0.02 0.07586206896551724
0 0.818 0.906896551724138 0.028 0.10344827586206896
0 0.577 0.41551724137931034 0.014 0.07241379310344828
0 0.571 0.4086206896551724 0.014 0.06551724137931035
0 0.212 0.41206896551724137 0.012 0.05172413793103448
0 0.224 0.2913793103448276 0.016 0.05172413793103448
0 0.188 0.23620689655172414 0.012 0.04482758620689655
0 0.163 0.2189655172413793 0.01 0.04482758620689655
0 0.119 0.1706896551724138 0.01 0.03793103448275862
0 0.397 0.15172413793103448 0.01 0.04827586206896552
0 0.104 0.034482758620689655 0.008 0.034482758620689655
0 0.139 0.1310344827586207 0.01 0.034482758620689655
0 0.129 0.11724137931034483 0.01 0.041379310344827586
