0 0.9521428571428572 0.7151741293532339 0.027142857142857142 0.06716417910447761
0 0.74 0.3743781094527363 0.017142857142857144 0.08208955223880597
0 0.7378571428571429 0.3358208955223881 0.018571428571428572 0.07462686567164178
0 0.9421428571428572 0.24751243781094528 0.012857142857142857 0.05721393034825871
0 0.9921428571428571 0.22885572139303484 0.01 0.05970149253731343
0 0.9778571428571429 0.23134328358208955 0.012857142857142857 0.029850746268656716
0 0.875 0.22512437810945274 0.012857142857142857 0.03731343283582089
0 0.8728571428571429 0.22388059701492538 0.011428571428571429 0.029850746268656716
0 0.8557142857142858 0.1181592039800995 0.008571428571428572 0.04228855721393035
0 0.8942857142857142 0.1181592039800995 0.011428571428571429 0.03731343283582089
0 0.7078571428571429 0.13059701492537312 0.012857142857142857 0.05223880597014925
0 0.7728571428571429 0.036069651741293535 0.005714285714285714 0.03731343283582089
