0 0.09785714285714285 0.7823383084577115 0.02142857142857143 0.10696517412935323
0 0.08214285714285714 0.7674129353233831 0.02142857142857143 0.11194029850746269
0 0.07428571428571429 0.7562189054726368 0.022857142857142857 0.10945273631840796
0 0.025 0.7475124378109452 0.027142857142857142 0.11194029850746269
0 0.009285714285714286 0.585820895522388 0.018571428571428572 0.07711442786069651
0 0.24428571428571427 0.5621890547263682 0.017142857142857144 0.08955223880597014
0 0.2671428571428571 0.6069651741293532 0.02 0.0945273631840796
0 0.4092857142857143 0.5286069651741293 0.012857142857142857 0.05223880597014925
0 0.8378571428571429 0.9440298507462687 0.041428571428571426 0.08706467661691543
0 0.8492857142857143 0.931592039800995 0.027142857142857142 0.12686567164179105
0 0.8364285714285714 0.8482587064676617 0.032857142857142856 0.08955223880597014
0 0.8328571428571429 0.7761194029850746 0.025714285714285714 0.07462686567164178
0 0.8478571428571429 0.7375621890547264 0.032857142857142856 0.06716417910447761
0 0.8635714285714285 0.6840796019900498 0.032857142857142856 0.10945273631840796
0 0.875 0.7002487562189055 0.027142857142857142 0.09701492537313433
0 0.8278571428571428 0.3445273631840796 0.02142857142857143 0.07711442786069651
0 0.5692857142857143 0.3855721393034826 0.027142857142857142 0.07960199004975124
0 0.6228571428571429 0.3034825870646766 0.014285714285714285 0.06965174129353234
0 0.9335714285714286 0.029850746268656716 0.015714285714285715 0.04477611940298507
0 0.9521428571428572 0.029850746268656716 0.012857142857142857 0.04975124378109453
0 0.3992857142857143 0.26741293532338306 0.012857142857142857 0.0472636815920398
0 0.38 0.26119402985074625 0.011428571428571429 0.05472636815920398
0 0.28714285714285714 0.31840796019900497 0.02 0.04477611940298507
0 0.315 0.3358208955223881 0.02142857142857143 0.04975124378109453
0 0.19642857142857142 0.20522388059701493 0.024285714285714285 0.05223880597014925
0 0.21285714285714286 0.2126865671641791 0.017142857142857144 0.04228855721393035
0 0.18 0.20024875621890548 0.025714285714285714 0.05721393034825871
0 0.17357142857142857 0.19776119402985073 0.02142857142857143 0.0472636815920398
0 0.07428571428571429 0.13805970149253732 0.014285714285714285 0.0472636815920398
0 0.08285714285714285 0.14303482587064675 0.014285714285714285 0.0472636815920398
0 0.09071428571428572 0.15049751243781095 0.015714285714285715 0.0472636815920398
0 0.10142857142857142 0.16044776119402984 0.022857142857142857 0.0472636815920398
0 0.10642857142857143 0.1691542288557214 0.015714285714285715 0.04477611940298507
0 0.025714285714285714 0.30845771144278605 0.014285714285714285 0.0845771144278607
0 0.02857142857142857 0.4166666666666667 0.02 0.09701492537313433
0 0.05142857142857143 0.40298507462686567 0.017142857142857144 0.0945273631840796
0 0.07642857142857143 0.3818407960199005 0.012857142857142857 0.08208955223880597
0 0.08714285714285715 0.40422885572139305 0.017142857142857144 0.08208955223880597
0 0.12071428571428572 0.38681592039800994 0.018571428571428572 0.08208955223880597
0 0.155 0.3781094527363184 0.015714285714285715 0.06965174129353234
0 0.19 0.3694029850746269 0.014285714285714285 0.06218905472636816
0 0.05285714285714286 0.3333333333333333 0.017142857142857144 0.0845771144278607
