0 0.8942857142857142 0.972636815920398 0.03142857142857143 0.0845771144278607
0 0.8471428571428572 0.6865671641791045 0.025714285714285714 0.07462686567164178
0 0.8085714285714286 0.3246268656716418 0.011428571428571429 0.0472636815920398
0 0.6264285714285714 0.4054726368159204 0.012857142857142857 0.03980099502487562
0 0.02142857142857143 0.8383084577114428 0.02 0.05472636815920398
0 0.11714285714285715 0.8594527363184079 0.022857142857142857 0.06218905472636816
0 0.12071428571428572 0.8370646766169154 0.018571428571428572 0.05223880597014925
0 0.10785714285714286 0.6281094527363185 0.02142857142857143 0.05721393034825871
0 0.3821428571428571 0.3718905472636816 0.01 0.04228855721393035
0 0.4142857142857143 0.36069651741293535 0.011428571428571429 0.03980099502487562
0 0.6442857142857142 0.22885572139303484 0.011428571428571429 0.024875621890547265
