0 0.08 0.20172413793103447 0.024 0.11379310344827587
0 0.108 0.21379310344827587 0.028 0.1103448275862069
0 0.153 0.2603448275862069 0.026 0.1206896551724138
0 0.264 0.8379310344827586 0.04 0.1103448275862069
0 0.26 0.8017241379310345 0.036 0.1
0 0.045 0.3603448275862069 0.026 0.07931034482758621
0 0.041 0.3448275862068966 0.026 0.09655172413793103
0 0.009 0.09482758620689655 0.018 0.07931034482758621
0 0.039 0.09310344827586207 0.022 0.07586206896551724
0 0.042 0.10172413793103448 0.016 0.05862068965517241
0 0.172 0.5896551724137931 0.04 0.16551724137931034
0 0.212 0.5672413793103448 0.028 0.1482758620689655
0 0.289 0.6896551724137931 0.03 0.14482758620689656
0 0.41 0.7931034482758621 0.028 0.15862068965517243
0 0.43 0.6293103448275862 0.032 0.12758620689655173
0 0.706 0.7879310344827586 0.048 0.15517241379310345
0 0.546 0.7258620689655172 0.028 0.1413793103448276
0 0.88 0.7448275862068966 0.04 0.11724137931034483
0 0.935 0.7741379310344828 0.034 0.10689655172413794
