0 0.25285714285714284 0.43159203980099503 0.017142857142857144 0.07711442786069651
0 0.2907142857142857 0.44776119402985076 0.015714285714285715 0.06467661691542288
0 0.17214285714285715 0.8345771144278606 0.027142857142857142 0.12686567164179105
0 0.38857142857142857 0.6828358208955224 0.02 0.09203980099502487
0 0.46 0.6293532338308457 0.02 0.08955223880597014
0 0.49357142857142855 0.6305970149253731 0.024285714285714285 0.09701492537313433
0 0.5342857142857143 0.6007462686567164 0.02 0.10199004975124377
0 0.38857142857142857 0.36691542288557216 0.008571428571428572 0.06716417910447761
0 0.3807142857142857 0.35945273631840796 0.01 0.06716417910447761
0 0.29 0.3694029850746269 0.017142857142857144 0.0472636815920398
0 0.42928571428571427 0.3793532338308458 0.012857142857142857 0.07711442786069651
0 0.45357142857142857 0.3445273631840796 0.01 0.06716417910447761
0 0.4692857142857143 0.332089552238806 0.01 0.05223880597014925
0 0.5128571428571429 0.2997512437810945 0.011428571428571429 0.06716417910447761
0 0.7221428571428572 0.4987562189054726 0.015714285714285715 0.06716417910447761
0 0.8764285714285714 0.5012437810945274 0.015714285714285715 0.06716417910447761
0 0.8614285714285714 0.599502487562189 0.022857142857142857 0.06965174129353234
