0 0.41 0.55224 0.01714 0.08955
0 0.34643 0.62687 0.01571 0.08955
0 0.36571 0.64677 0.01714 0.09453
0 0.37857 0.62935 0.01429 0.09453
0 0.36143 0.52363 0.01714 0.08209
0 0.34 0.53109 0.01714 0.08209
0 0.325 0.51866 0.01857 0.08706
0 0.34357 0.48756 0.02143 0.08955
0 0.19571 0.31343 0.01143 0.05473
0 0.18357 0.30846 0.01286 0.0597
0 0.16929 0.30473 0.01286 0.06219
0 0.06929 0.11692 0.01 0.04975
0 0.08357 0.0908 0.00714 0.04726
0 0.08143 0.15672 0.00857 0.04975
0 0.1 0.15299 0.01143 0.04726
0 0.17714 0.14677 0.01143 0.04478
