0 0.6014285714285714 0.8188585607940446 0.017142857142857144 0.03970223325062035
0 0.6 0.05831265508684864 0.008571428571428572 0.03225806451612903
0 0.5928571428571429 0.052109181141439205 0.008571428571428572 0.02977667493796526
0 0.58 0.09181141439205956 0.008571428571428572 0.019851116625310174
0 0.5914285714285714 0.08436724565756824 0.011428571428571429 0.02977667493796526
0 0.7078571428571429 0.6277915632754343 0.01 0.02977667493796526
0 0.6835714285714286 0.630272952853598 0.01 0.02977667493796526
0 0.695 0.6203473945409429 0.007142857142857143 0.02977667493796526
0 0.7842857142857143 0.4913151364764268 0.011428571428571429 0.04466501240694789
0 0.7971428571428572 0.4838709677419355 0.008571428571428572 0.03970223325062035
0 0.7421428571428571 0.303970223325062 0.007142857142857143 0.03225806451612903
0 0.7035714285714286 0.9640198511166254 0.01 0.017369727047146403
0 0.7121428571428572 0.9652605459057072 0.007142857142857143 0.019851116625310174
