0 0.43714 0.73507 0.03143 0.11194
0 0.63714 0.7102 0.02571 0.11692
0 0.49714 0.63806 0.03429 0.12189
0 0.52643 0.58955 0.02143 0.12438
0 0.57714 0.5709 0.03143 0.10697
0 0.63 0.56716 0.03143 0.10945
0 0.66571 0.5908 0.02571 0.11692
0 0.68786 0.61692 0.02714 0.11443
0 0.72857 0.59204 0.02286 0.10448
0 0.79929 0.51493 0.02429 0.09453
0 0.88929 0.54975 0.02714 0.1194
0 0.625 0.41045 0.01857 0.0796
0 0.53643 0.35697 0.02143 0.11692
0 0.44571 0.64677 0.04286 0.06468
0 0.55857 0.67164 0.02857 0.06468
0 0.58643 0.64428 0.03 0.06965
0 0.60714 0.6791 0.02857 0.06468
0 0.63571 0.63557 0.02857 0.05721
0 0.79429 0.58582 0.03429 0.07214
0 0.60214 0.3495 0.02714 0.06219
0 0.56071 0.36194 0.02429 0.06716
0 0.49714 0.41169 0.02857 0.07214
0 0.47357 0.42164 0.03 0.08209
0 0.45 0.43159 0.02571 0.07711
0 0.64071 0.30721 0.02143 0.06219
0 0.66429 0.30721 0.02286 0.07214
