0 0.37286 0.29653 0.01143 0.07692
0 0.68214 0.95782 0.22429 0.08437
0 0.60071 0.50868 0.01857 0.09926
0 0.58786 0.49752 0.01571 0.08685
0 0.57786 0.50372 0.01571 0.09926
0 0.82571 0.64516 0.02571 0.11911
0 0.79071 0.65012 0.02714 0.11911
0 0.79429 0.52481 0.01714 0.10174
0 0.77857 0.5273 0.01714 0.09677
0 0.80071 0.36352 0.01571 0.08685
0 0.77857 0.39454 0.02 0.09429
0 0.65643 0.39206 0.01857 0.0794
0 0.64786 0.31638 0.01571 0.08189
0 0.635 0.31886 0.01571 0.07692
0 0.54857 0.26055 0.01429 0.0794
0 0.53786 0.28164 0.01286 0.07692
0 0.49143 0.23945 0.01429 0.07692
0 0.63786 0.21712 0.01571 0.07196
0 0.63429 0.21464 0.01714 0.07196
0 0.64571 0.17122 0.01429 0.07444
0 0.65571 0.16501 0.01714 0.067
0 0.54143 0.12159 0.01143 0.06948
0 0.53429 0.12407 0.01143 0.05955
0 0.49071 0.19355 0.01286 0.06948
0 0.48286 0.1464 0.01143 0.07444
0 0.74429 0.66749 0.02857 0.06948
0 0.70071 0.55583 0.02429 0.08933
0 0.63714 0.44045 0.02 0.067
0 0.52714 0.18362 0.01429 0.05955
0 0.45429 0.2134 0.01714 0.04963
