0 0.6807142857142857 0.31840796019900497 0.012857142857142857 0.05472636815920398
0 0.6407142857142857 0.32213930348258707 0.012857142857142857 0.05223880597014925
0 0.3585714285714286 0.5335820895522388 0.017142857142857144 0.06716417910447761
0 0.3264285714285714 0.5124378109452736 0.012857142857142857 0.06965174129353234
0 0.2842857142857143 0.5248756218905473 0.011428571428571429 0.05472636815920398
0 0.2892857142857143 0.5398009950248757 0.012857142857142857 0.04477611940298507
0 0.24857142857142858 0.5298507462686567 0.011428571428571429 0.04477611940298507
0 0.13 0.6368159203980099 0.022857142857142857 0.07960199004975124
0 0.09571428571428571 0.5945273631840796 0.02 0.03980099502487562
0 0.03642857142857143 0.6430348258706468 0.015714285714285715 0.06218905472636816
0 0.43214285714285716 0.5360696517412935 0.015714285714285715 0.0472636815920398
