0 0.012142857142857143 0.753731343283582 0.007142857142857143 0.04477611940298507
0 0.035 0.7661691542288557 0.012857142857142857 0.04975124378109453
0 0.062142857142857146 0.7786069651741293 0.012857142857142857 0.04975124378109453
0 0.07571428571428572 0.777363184079602 0.011428571428571429 0.05223880597014925
0 0.12571428571428572 0.7674129353233831 0.008571428571428572 0.0472636815920398
0 0.15857142857142856 0.777363184079602 0.008571428571428572 0.0472636815920398
0 0.21214285714285713 0.7860696517412935 0.01 0.05970149253731343
0 0.24642857142857144 0.8109452736318408 0.01 0.05970149253731343
0 0.2664285714285714 0.9067164179104478 0.018571428571428572 0.06218905472636816
0 0.2985714285714286 0.9527363184079602 0.014285714285714285 0.06965174129353234
0 0.34 0.931592039800995 0.011428571428571429 0.05721393034825871
0 0.3985714285714286 0.9552238805970149 0.011428571428571429 0.05970149253731343
0 0.4085714285714286 0.9589552238805971 0.008571428571428572 0.05721393034825871
0 0.2257142857142857 0.7562189054726368 0.008571428571428572 0.05472636815920398
0 0.2357142857142857 0.7611940298507462 0.008571428571428572 0.05970149253731343
0 0.2692857142857143 0.7661691542288557 0.01 0.05472636815920398
0 0.28 0.7674129353233831 0.011428571428571429 0.05223880597014925
0 0.14357142857142857 0.6480099502487562 0.007142857142857143 0.02736318407960199
0 0.12142857142857143 0.6753731343283582 0.005714285714285714 0.03233830845771144
0 0.275 0.6927860696517413 0.007142857142857143 0.03731343283582089
0 0.25357142857142856 0.763681592039801 0.007142857142857143 0.03482587064676617
0 0.25857142857142856 0.7599502487562189 0.005714285714285714 0.03731343283582089
0 0.2557142857142857 0.7450248756218906 0.008571428571428572 0.03731343283582089
0 0.24785714285714286 0.6480099502487562 0.007142857142857143 0.03233830845771144
0 0.25357142857142856 0.6492537313432836 0.004285714285714286 0.03482587064676617
0 0.26571428571428574 0.6716417910447762 0.005714285714285714 0.029850746268656716
0 0.2714285714285714 0.6716417910447762 0.005714285714285714 0.029850746268656716
0 0.2307142857142857 0.6865671641791045 0.007142857142857143 0.029850746268656716
0 0.3385714285714286 0.7524875621890548 0.008571428571428572 0.04228855721393035
