0 0.345 0.33275862068965517 0.018 0.04482758620689655
0 0.253 0.4810344827586207 0.018 0.05172413793103448
0 0.204 0.44310344827586207 0.02 0.05862068965517241
0 0.594 0.5827586206896552 0.016 0.06896551724137931
0 0.606 0.5793103448275863 0.02 0.05517241379310345
0 0.765 0.6913793103448276 0.018 0.07241379310344828
0 0.756 0.6327586206896552 0.02 0.06551724137931035
0 0.127 0.4879310344827586 0.014 0.04482758620689655
0 0.053 0.38275862068965516 0.018 0.05517241379310345
0 0.893 0.9775862068965517 0.026 0.07241379310344828
0 0.302 0.8724137931034482 0.016 0.06896551724137931
0 0.03 0.41551724137931034 0.016 0.04482758620689655
0 0.645 0.27586206896551724 0.01 0.041379310344827586
0 0.44 0.24482758620689654 0.012 0.041379310344827586
0 0.293 0.25517241379310346 0.014 0.04827586206896552
