0 0.3535714285714286 0.45409429280397023 0.03857142857142857 0.1141439205955335
0 0.14214285714285715 0.19478908188585609 0.05 0.10173697270471464
0 0.20642857142857143 0.1513647642679901 0.03571428571428571 0.12406947890818859
0 0.2664285714285714 0.15384615384615385 0.027142857142857142 0.12406947890818859
0 0.31285714285714283 0.13771712158808933 0.037142857142857144 0.12158808933002481
0 0.28285714285714286 0.05831265508684864 0.037142857142857144 0.11662531017369727
0 0.18714285714285714 0.04838709677419355 0.045714285714285714 0.08684863523573201
0 0.225 0.03970223325062035 0.03857142857142857 0.0794044665012407
0 0.25857142857142856 0.03970223325062035 0.02857142857142857 0.0794044665012407
0 0.305 0.03598014888337469 0.03 0.07196029776674938
0 0.335 0.033498759305210915 0.03 0.06699751861042183
