0 0.7371428571428571 0.03855721393034826 0.025714285714285714 0.07711442786069651
0 0.7692857142857142 0.028606965174129355 0.02142857142857143 0.05721393034825871
0 0.5207142857142857 0.3072139303482587 0.032857142857142856 0.12686567164179105
0 0.3442857142857143 0.3246268656716418 0.037142857142857144 0.13681592039800994
0 0.30428571428571427 0.22885572139303484 0.045714285714285714 0.1691542288557214
0 0.265 0.24129353233830847 0.041428571428571426 0.14925373134328357
0 0.22285714285714286 0.236318407960199 0.045714285714285714 0.14427860696517414
0 0.037142857142857144 0.44527363184079605 0.06 0.16417910447761194
0 0.07714285714285714 0.39925373134328357 0.04857142857142857 0.13681592039800994
0 0.17714285714285713 0.36318407960199006 0.02857142857142857 0.09950248756218906
0 0.26285714285714284 0.18781094527363185 0.037142857142857144 0.13681592039800994
0 0.20214285714285715 0.19527363184079602 0.032857142857142856 0.11194029850746269
0 0.16357142857142856 0.23880597014925373 0.02142857142857143 0.08955223880597014
