0 0.05857142857142857 0.3208955223880597 0.03428571428571429 0.13432835820895522
0 0.13142857142857142 0.7524875621890548 0.037142857142857144 0.10199004975124377
0 0.10642857142857143 0.7425373134328358 0.04428571428571428 0.11194029850746269
0 0.09857142857142857 0.7350746268656716 0.02 0.08208955223880597
0 0.355 0.12189054726368159 0.024285714285714285 0.11940298507462686
0 0.31214285714285717 0.9651741293532339 0.06428571428571428 0.08955223880597014
0 0.8642857142857143 0.16666666666666666 0.025714285714285714 0.07462686567164178
0 0.9285714285714286 0.15049751243781095 0.045714285714285714 0.10696517412935323
0 0.9835714285714285 0.35074626865671643 0.032857142857142856 0.0945273631840796
0 0.9135714285714286 0.8383084577114428 0.047142857142857146 0.11442786069651742
