0 0.65 0.7002487562189055 0.008571428571428572 0.03233830845771144
0 0.64 0.6890547263681592 0.008571428571428572 0.03482587064676617
0 0.6321428571428571 0.7014925373134329 0.007142857142857143 0.03980099502487562
0 0.6321428571428571 0.6567164179104478 0.007142857142857143 0.029850746268656716
0 0.6542857142857142 0.6467661691542289 0.011428571428571429 0.03482587064676617
0 0.6621428571428571 0.6927860696517413 0.007142857142857143 0.03731343283582089
0 0.6671428571428571 0.6940298507462687 0.008571428571428572 0.03980099502487562
0 0.6792857142857143 0.6927860696517413 0.007142857142857143 0.03731343283582089
0 0.5728571428571428 0.7201492537313433 0.005714285714285714 0.04228855721393035
0 0.5678571428571428 0.7213930348258707 0.01 0.03980099502487562
0 0.5614285714285714 0.7189054726368159 0.005714285714285714 0.04477611940298507
0 0.5928571428571429 0.7176616915422885 0.008571428571428572 0.03731343283582089
0 0.5935714285714285 0.7089552238805971 0.007142857142857143 0.01990049751243781
0 0.5357142857142857 0.7848258706467661 0.011428571428571429 0.0472636815920398
0 0.5235714285714286 0.7823383084577115 0.01 0.04228855721393035
0 0.9421428571428572 0.677860696517413 0.007142857142857143 0.02736318407960199
0 0.87 0.6616915422885572 0.008571428571428572 0.024875621890547265
0 0.9271428571428572 0.7052238805970149 0.005714285714285714 0.03731343283582089
0 0.9221428571428572 0.7089552238805971 0.007142857142857143 0.03482587064676617
0 0.9135714285714286 0.7014925373134329 0.007142857142857143 0.029850746268656716
0 0.9092857142857143 0.7002487562189055 0.007142857142857143 0.03233830845771144
0 0.8935714285714286 0.7002487562189055 0.007142857142857143 0.03233830845771144
0 0.8964285714285715 0.7263681592039801 0.01 0.03980099502487562
0 0.8621428571428571 0.7201492537313433 0.007142857142857143 0.03233830845771144
0 0.8621428571428571 0.7039800995024875 0.007142857142857143 0.03980099502487562
0 0.8585714285714285 0.7027363184079602 0.005714285714285714 0.03233830845771144
0 0.8557142857142858 0.7201492537313433 0.005714285714285714 0.03731343283582089
0 0.8521428571428571 0.7176616915422885 0.004285714285714286 0.03731343283582089
0 0.8464285714285714 0.7164179104477612 0.007142857142857143 0.03482587064676617
0 0.8435714285714285 0.7139303482587065 0.007142857142857143 0.03482587064676617
0 0.8164285714285714 0.7213930348258707 0.007142857142857143 0.029850746268656716
0 0.815 0.7139303482587065 0.007142857142857143 0.03482587064676617
0 0.8092857142857143 0.7139303482587065 0.007142857142857143 0.03482587064676617
0 0.8028571428571428 0.7201492537313433 0.008571428571428572 0.03233830845771144
0 0.8314285714285714 0.7164179104477612 0.008571428571428572 0.03980099502487562
0 0.9792857142857143 0.736318407960199 0.007142857142857143 0.029850746268656716
0 0.9792857142857143 0.7201492537313433 0.007142857142857143 0.02736318407960199
0 0.9714285714285714 0.7276119402985075 0.005714285714285714 0.03233830845771144
0 0.9728571428571429 0.722636815920398 0.005714285714285714 0.03731343283582089
0 0.8814285714285715 0.7201492537313433 0.008571428571428572 0.02736318407960199
0 0.9214285714285714 0.6144278606965174 0.005714285714285714 0.024875621890547265
0 0.8964285714285715 0.6156716417910447 0.004285714285714286 0.02736318407960199
0 0.8857142857142857 0.6144278606965174 0.005714285714285714 0.024875621890547265
