0 0.553 0.4068965517241379 0.018 0.04827586206896552
0 0.597 0.20517241379310344 0.018 0.05862068965517241
0 0.811 0.3413793103448276 0.018 0.05517241379310345
0 0.934 0.4689655172413793 0.016 0.06896551724137931
0 0.752 0.2603448275862069 0.012 0.06551724137931035
0 0.783 0.25 0.018 0.06551724137931035
0 0.468 0.9189655172413793 0.02 0.1
0 0.501 0.9051724137931034 0.022 0.08620689655172414
0 0.683 0.896551724137931 0.026 0.06206896551724138
0 0.953 0.45689655172413796 0.018 0.09310344827586207
0 0.964 0.4413793103448276 0.024 0.09655172413793103
0 0.729 0.9534482758620689 0.034 0.09310344827586207
