0 0.84 0.80224 0.01714 0.05721
0 0.92571 0.66045 0.01143 0.03234
0 0.96643 0.54602 0.01 0.05224
0 0.43357 0.82836 0.01286 0.04478
0 0.45286 0.83458 0.01429 0.05721
0 0.54929 0.73507 0.00714 0.03731
0 0.55786 0.73134 0.01571 0.05473
0 0.455 0.68532 0.01286 0.05224
0 0.61 0.66542 0.01429 0.05721
0 0.59714 0.6592 0.01143 0.04975
0 0.56143 0.65796 0.01714 0.05224
0 0.54571 0.64801 0.01429 0.04726
0 0.53 0.6393 0.01143 0.04478
0 0.49786 0.65796 0.01286 0.05721
0 0.49571 0.6306 0.01714 0.04726
0 0.55214 0.63308 0.01286 0.05224
0 0.56786 0.64303 0.01571 0.05224
0 0.57714 0.65299 0.01429 0.05224
0 0.60643 0.64055 0.01571 0.04726
0 0.88 0.40174 0.00857 0.03234
0 0.86714 0.39677 0.00857 0.02736
0 0.83286 0.62065 0.01143 0.04229
0 0.82929 0.60323 0.01286 0.03731
