0 0.024285714285714285 0.43283582089552236 0.011428571428571429 0.05472636815920398
0 0.037142857142857144 0.43656716417910446 0.008571428571428572 0.05721393034825871
0 0.06357142857142857 0.44402985074626866 0.015714285714285715 0.04228855721393035
0 0.07571428571428572 0.44527363184079605 0.011428571428571429 0.04975124378109453
0 0.10357142857142858 0.43034825870646765 0.01 0.05472636815920398
0 0.49642857142857144 0.5883084577114428 0.01 0.06218905472636816
0 0.5471428571428572 0.7885572139303483 0.011428571428571429 0.07462686567164178
0 0.4492857142857143 0.6902985074626866 0.012857142857142857 0.06716417910447761
0 0.8764285714285714 0.9378109452736318 0.03 0.09950248756218906
0 0.7128571428571429 0.7761194029850746 0.022857142857142857 0.05970149253731343
