0 0.45285714285714285 0.8955223880597015 0.02 0.05970149253731343
0 0.39714285714285713 0.8084577114427861 0.02 0.05970149253731343
0 0.3242857142857143 0.681592039800995 0.014285714285714285 0.05970149253731343
0 0.2914285714285714 0.6430348258706468 0.014285714285714285 0.04228855721393035
0 0.21357142857142858 0.5323383084577115 0.012857142857142857 0.05472636815920398
0 0.2292857142857143 0.5286069651741293 0.01 0.05721393034825871
0 0.18857142857142858 0.4490049751243781 0.011428571428571429 0.05223880597014925
0 0.18071428571428572 0.44029850746268656 0.01 0.05472636815920398
0 0.22642857142857142 0.5186567164179104 0.01 0.05223880597014925
0 0.215 0.5111940298507462 0.01 0.05223880597014925
0 0.16214285714285714 0.4539800995024876 0.012857142857142857 0.03233830845771144
0 0.45571428571428574 0.6131840796019901 0.011428571428571429 0.0472636815920398
0 0.4614285714285714 0.6131840796019901 0.011428571428571429 0.0472636815920398
