0 0.53 0.4664179104477612 0.014285714285714285 0.06218905472636816
0 0.5407142857142857 0.4689054726368159 0.012857142857142857 0.06218905472636816
0 0.56 0.5833333333333334 0.017142857142857144 0.07213930348258707
0 0.6057142857142858 0.5323383084577115 0.014285714285714285 0.05472636815920398
0 0.575 0.6405472636815921 0.015714285714285715 0.06716417910447761
0 0.6121428571428571 0.6305970149253731 0.012857142857142857 0.06716417910447761
0 0.6078571428571429 0.6231343283582089 0.012857142857142857 0.07213930348258707
0 0.7957142857142857 0.2798507462686567 0.011428571428571429 0.04228855721393035
0 0.9007142857142857 0.2263681592039801 0.007142857142857143 0.029850746268656716
0 0.9742857142857143 0.31592039800995025 0.008571428571428572 0.03980099502487562
