0 0.567 0.8310344827586207 0.01 0.034482758620689655
0 0.316 0.9724137931034482 0.012 0.05517241379310345
0 0.673 0.6068965517241379 0.01 0.034482758620689655
0 0.756 0.5810344827586207 0.008 0.03103448275862069
0 0.79 0.5241379310344828 0.008 0.027586206896551724
0 0.795 0.5293103448275862 0.01 0.02413793103448276
0 0.744 0.5568965517241379 0.008 0.02413793103448276
0 0.915 0.453448275862069 0.006 0.02413793103448276
0 0.643 0.5775862068965517 0.01 0.03103448275862069
0 0.624 0.6258620689655172 0.008 0.03793103448275862
0 0.716 0.5344827586206896 0.008 0.034482758620689655
0 0.71 0.5241379310344828 0.008 0.027586206896551724
0 0.757 0.5327586206896552 0.01 0.03103448275862069
0 0.729 0.5155172413793103 0.01 0.03793103448275862
0 0.565 0.6241379310344828 0.01 0.034482758620689655
0 0.899 0.4413793103448276 0.006 0.020689655172413793
0 0.835 0.5103448275862069 0.006 0.020689655172413793
0 0.83 0.5120689655172413 0.008 0.02413793103448276
0 0.823 0.5137931034482759 0.006 0.020689655172413793
0 0.925 0.41724137931034483 0.006 0.027586206896551724
0 0.769 0.4379310344827586 0.006 0.027586206896551724
0 0.778 0.4482758620689655 0.008 0.027586206896551724
