0 0.5 0.5920398009950248 0.011428571428571429 0.04975124378109453
0 0.4907142857142857 0.595771144278607 0.01 0.05721393034825871
0 0.5928571428571429 0.5099502487562189 0.011428571428571429 0.03980099502487562
0 0.8692857142857143 0.5236318407960199 0.01 0.0472636815920398
0 0.8671428571428571 0.48134328358208955 0.008571428571428572 0.03731343283582089
0 0.8578571428571429 0.41044776119402987 0.007142857142857143 0.029850746268656716
0 0.8707142857142857 0.4141791044776119 0.007142857142857143 0.03233830845771144
0 0.8735714285714286 0.39552238805970147 0.007142857142857143 0.01990049751243781
0 0.9028571428571428 0.43781094527363185 0.008571428571428572 0.01990049751243781
0 0.9178571428571428 0.5447761194029851 0.01 0.029850746268656716
0 0.9457142857142857 0.3246268656716418 0.005714285714285714 0.02736318407960199
0 0.9564285714285714 0.47761194029850745 0.007142857142857143 0.03980099502487562
0 0.9307142857142857 0.2885572139303483 0.004285714285714286 0.01990049751243781
0 0.9271428571428572 0.263681592039801 0.005714285714285714 0.01990049751243781
0 0.9992857142857143 0.3582089552238806 0.007142857142857143 0.01990049751243781
