0 0.11785714285714285 0.47885572139303484 0.007142857142857143 0.022388059701492536
0 0.11785714285714285 0.4763681592039801 0.01 0.02736318407960199
0 0.17285714285714285 0.6268656716417911 0.014285714285714285 0.04477611940298507
0 0.2842857142857143 0.4937810945273632 0.008571428571428572 0.03731343283582089
0 0.24571428571428572 0.6293532338308457 0.014285714285714285 0.04975124378109453
0 0.14857142857142858 0.9129353233830846 0.017142857142857144 0.07960199004975124
0 0.22714285714285715 0.8159203980099502 0.014285714285714285 0.06467661691542288
0 0.2885714285714286 0.9912935323383084 0.017142857142857144 0.06716417910447761
0 0.37 0.9626865671641791 0.014285714285714285 0.07960199004975124
0 0.5907142857142857 0.9415422885572139 0.012857142857142857 0.09701492537313433
0 0.5907142857142857 0.9800995024875622 0.01 0.04975124378109453
0 0.6035714285714285 0.9838308457711443 0.015714285714285715 0.05721393034825871
0 0.6085714285714285 0.9912935323383084 0.017142857142857144 0.05223880597014925
0 0.6278571428571429 0.9937810945273632 0.018571428571428572 0.06218905472636816
