0 0.9821428571428571 0.5 0.015714285714285715 0.0845771144278607
0 0.16642857142857143 0.30845771144278605 0.02142857142857143 0.0845771144278607
0 0.6421428571428571 0.5845771144278606 0.015714285714285715 0.05970149253731343
0 0.3414285714285714 0.6393034825870647 0.017142857142857144 0.07960199004975124
0 0.4 0.8407960199004975 0.03142857142857143 0.11940298507462686
0 0.45357142857142857 0.8644278606965174 0.018571428571428572 0.09203980099502487
0 0.8078571428571428 0.8233830845771144 0.027142857142857142 0.0945273631840796
0 0.625 0.9838308457711443 0.03857142857142857 0.10696517412935323
0 0.7028571428571428 0.8594527363184079 0.025714285714285714 0.11194029850746269
0 0.6528571428571428 0.7736318407960199 0.02 0.1044776119402985
