0 0.705 0.028535980148883373 0.018571428571428572 0.05707196029776675
0 0.7778571428571428 0.05086848635235732 0.015714285714285715 0.062034739454094295
0 0.8478571428571429 0.05459057071960298 0.01 0.06947890818858561
0 0.9385714285714286 0.06451612903225806 0.014285714285714285 0.06451612903225806
0 0.83 0.05583126550868486 0.011428571428571429 0.062034739454094295
0 0.8357142857142857 0.05831265508684864 0.011428571428571429 0.04218362282878412
0 0.8207142857142857 0.052109181141439205 0.015714285714285715 0.05955334987593052
0 0.7685714285714286 0.033498759305210915 0.022857142857142857 0.05707196029776675
0 0.7585714285714286 0.033498759305210915 0.017142857142857144 0.05707196029776675
0 0.7257142857142858 0.026054590570719603 0.017142857142857144 0.052109181141439205
0 0.7228571428571429 0.026054590570719603 0.014285714285714285 0.052109181141439205
0 0.74 0.028535980148883373 0.017142857142857144 0.05707196029776675
0 0.7378571428571429 0.02729528535980149 0.012857142857142857 0.05459057071960298
