0 0.6707142857142857 0.7972636815920398 0.03 0.12686567164179105
0 0.6964285714285714 0.7835820895522388 0.02142857142857143 0.12437810945273632
0 0.355 0.40671641791044777 0.02142857142857143 0.08208955223880597
0 0.36428571428571427 0.3793532338308458 0.017142857142857144 0.08706467661691543
0 0.40785714285714286 0.39552238805970147 0.012857142857142857 0.07960199004975124
0 0.41928571428571426 0.38681592039800994 0.012857142857142857 0.07213930348258707
0 0.4785714285714286 0.39925373134328357 0.011428571428571429 0.06218905472636816
0 0.5085714285714286 0.376865671641791 0.017142857142857144 0.09203980099502487
0 0.5721428571428572 0.40671641791044777 0.024285714285714285 0.09203980099502487
0 0.5921428571428572 0.45149253731343286 0.02142857142857143 0.08706467661691543
0 0.8228571428571428 0.38930348258706465 0.025714285714285714 0.09203980099502487
0 0.8442857142857143 0.39800995024875624 0.02 0.0845771144278607
