0 0.09785714285714285 0.8980099502487562 0.018571428571428572 0.05970149253731343
0 0.06285714285714286 0.8880597014925373 0.017142857142857144 0.05970149253731343
0 0.31357142857142856 0.8880597014925373 0.018571428571428572 0.04477611940298507
0 0.08357142857142857 0.664179104477612 0.01 0.05472636815920398
0 0.09142857142857143 0.6654228855721394 0.011428571428571429 0.05223880597014925
0 0.10642857142857143 0.6393034825870647 0.012857142857142857 0.05472636815920398
0 0.07642857142857143 0.5932835820895522 0.012857142857142857 0.04228855721393035
0 0.08857142857142856 0.6032338308457711 0.008571428571428572 0.0472636815920398
0 0.09857142857142857 0.6119402985074627 0.011428571428571429 0.04975124378109453
0 0.17142857142857143 0.6032338308457711 0.011428571428571429 0.05223880597014925
0 0.175 0.6019900497512438 0.01 0.04477611940298507
0 0.185 0.599502487562189 0.01 0.05472636815920398
0 0.023571428571428573 0.5460199004975125 0.01 0.05223880597014925
0 0.07 0.5111940298507462 0.008571428571428572 0.03233830845771144
0 0.08428571428571428 0.513681592039801 0.011428571428571429 0.03731343283582089
