0 0.057 0.5086206896551724 0.026 0.08620689655172414
0 0.011 0.44310344827586207 0.022 0.07931034482758621
0 0.051 0.3931034482758621 0.026 0.06896551724137931
0 0.143 0.4844827586206897 0.03 0.07931034482758621
0 0.299 0.6931034482758621 0.026 0.10344827586206896
0 0.095 0.49482758620689654 0.022 0.07241379310344828
0 0.095 0.46551724137931033 0.018 0.06896551724137931
0 0.01 0.35172413793103446 0.02 0.04827586206896552
0 0.063 0.1896551724137931 0.018 0.041379310344827586
0 0.007 0.1206896551724138 0.014 0.041379310344827586
