0 0.829 0.2706896551724138 0.006 0.017241379310344827
0 0.823 0.28620689655172415 0.006 0.020689655172413793
0 0.837 0.29482758620689653 0.006 0.017241379310344827
0 0.822 0.3310344827586207 0.008 0.020689655172413793
0 0.839 0.3413793103448276 0.006 0.020689655172413793
0 0.853 0.43103448275862066 0.01 0.027586206896551724
0 0.866 0.5293103448275862 0.012 0.03793103448275862
0 0.889 0.7327586206896551 0.014 0.04482758620689655
0 0.913 0.7362068965517241 0.01 0.03793103448275862
0 0.911 0.7275862068965517 0.014 0.04827586206896552
0 0.503 0.9862068965517241 0.018 0.06206896551724138
0 0.707 0.6655172413793103 0.01 0.041379310344827586
0 0.688 0.3120689655172414 0.008 0.02413793103448276
0 0.676 0.36379310344827587 0.008 0.02413793103448276
0 0.667 0.36724137931034484 0.006 0.02413793103448276
