0 0.028 0.9017241379310345 0.056 0.15517241379310345
0 0.2 0.8362068965517241 0.048 0.1413793103448276
0 0.253 0.8448275862068966 0.034 0.13793103448275862
0 0.233 0.6982758620689655 0.046 0.1482758620689655
0 0.319 0.6362068965517241 0.058 0.1482758620689655
0 0.267 0.6379310344827587 0.034 0.15172413793103448
0 0.174 0.5879310344827586 0.048 0.1206896551724138
0 0.026 0.5948275862068966 0.052 0.1413793103448276
0 0.811 0.47413793103448276 0.086 0.15517241379310345
0 0.892 0.49137931034482757 0.06 0.08620689655172414
0 0.715 0.16551724137931034 0.062 0.14482758620689656
0 0.665 0.12586206896551724 0.058 0.1482758620689655
0 0.145 0.36724137931034484 0.03 0.13448275862068965
0 0.253 0.10344827586206896 0.042 0.1724137931034483
0 0.115 0.1810344827586207 0.034 0.15517241379310345
0 0.07 0.14482758620689656 0.032 0.1724137931034483
