0 0.875 0.85199 0.01857 0.05721
0 0.83786 0.78109 0.01857 0.0796
0 0.89357 0.56468 0.01857 0.04975
0 0.705 0.33582 0.01286 0.05473
0 0.62357 0.16542 0.01 0.03731
0 0.64857 0.23507 0.04857 0.03731
0 0.29286 0.12438 0.00857 0.02985
0 0.28357 0.12313 0.00714 0.02736
0 0.63 0.86194 0.02286 0.06219
0 0.655 0.76119 0.02143 0.0597
0 0.66214 0.56219 0.01857 0.07463
0 0.23143 0.58458 0.01429 0.02985
0 0.23 0.58582 0.01714 0.04229
0 0.30429 0.38433 0.01429 0.05721
0 0.39786 0.24378 0.01 0.02488
0 0.37786 0.23632 0.01286 0.0398
0 0.36429 0.23507 0.00857 0.04726
0 0.53643 0.17537 0.01 0.02239
0 0.45929 0.07587 0.00714 0.01741
0 0.52929 0.10821 0.00714 0.02736
0 0.53 0.09826 0.00857 0.03234
0 0.52 0.03731 0.00571 0.00995
0 0.51214 0.02861 0.00429 0.01741
0 0.505 0.01741 0.00429 0.0199
