0 0.172 0.593103448275862 0.024 0.07586206896551724
0 0.169 0.5741379310344827 0.042 0.1413793103448276
0 0.126 0.5 0.04 0.11724137931034483
0 0.224 0.4724137931034483 0.036 0.13793103448275862
0 0.162 0.14310344827586208 0.032 0.07931034482758621
0 0.198 0.05517241379310345 0.02 0.08275862068965517
0 0.294 0.08620689655172414 0.032 0.07586206896551724
0 0.105 0.039655172413793106 0.018 0.07931034482758621
0 0.374 0.041379310344827586 0.024 0.08275862068965517
0 0.281 0.027586206896551724 0.014 0.05517241379310345
0 0.288 0.034482758620689655 0.016 0.06896551724137931
0 0.301 0.02413793103448276 0.01 0.04827586206896552
0 0.356 0.041379310344827586 0.02 0.08275862068965517
