0 0.67857 0.2866 0.02286 0.08685
0 0.75286 0.29777 0.02571 0.09926
0 0.9 0.44293 0.03143 0.11663
0 0.88357 0.44293 0.03571 0.09677
0 0.91357 0.4727 0.03 0.07196
0 0.93286 0.46774 0.02286 0.07692
0 0.94786 0.44541 0.02429 0.05211
0 0.955 0.42184 0.01857 0.10918
0 0.89571 0.20347 0.03143 0.09429
0 0.91286 0.13648 0.02571 0.08933
0 0.92429 0.12903 0.02286 0.09429
0 0.73 0.1129 0.02286 0.08189
0 0.28214 0.08685 0.01857 0.0794
0 0.29571 0.0732 0.01714 0.08685
0 0.275 0.07444 0.01857 0.08437
0 0.31214 0.067 0.01571 0.08933
0 0.36571 0.07692 0.02286 0.0794
0 0.36714 0.06079 0.02857 0.07196
0 0.41714 0.03226 0.02286 0.06452
0 0.58643 0.13772 0.02143 0.07692
0 0.65071 0.08313 0.02143 0.08685
