0 0.054285714285714284 0.208955223880597 0.008571428571428572 0.04477611940298507
0 0.02 0.17039800995024876 0.008571428571428572 0.03731343283582089
0 0.27214285714285713 0.6579601990049752 0.012857142857142857 0.06218905472636816
0 0.3414285714285714 0.5310945273631841 0.011428571428571429 0.06218905472636816
0 0.19 0.585820895522388 0.017142857142857144 0.07213930348258707
0 0.2664285714285714 0.2885572139303483 0.012857142857142857 0.04477611940298507
0 0.12071428571428572 0.07960199004975124 0.007142857142857143 0.03482587064676617
0 0.11642857142857142 0.07960199004975124 0.007142857142857143 0.03482587064676617
0 0.2007142857142857 0.09825870646766169 0.01 0.03233830845771144
0 0.1757142857142857 0.028606965174129355 0.005714285714285714 0.03233830845771144
0 0.27785714285714286 0.24378109452736318 0.007142857142857143 0.029850746268656716
0 0.21785714285714286 0.16417910447761194 0.007142857142857143 0.03482587064676617
