0 0.052 0.8706896551724138 0.04 0.1896551724137931
0 0.652 0.8741379310344828 0.036 0.18275862068965518
0 0.421 0.7 0.022 0.1310344827586207
0 0.97 0.7189655172413794 0.02 0.1
0 0.151 0.8655172413793103 0.034 0.19310344827586207
0 0.212 0.853448275862069 0.044 0.16896551724137931
0 0.374 0.8844827586206897 0.04 0.09310344827586207
0 0.324 0.8655172413793103 0.028 0.09655172413793103
0 0.295 0.8775862068965518 0.022 0.07241379310344828
0 0.027 0.7189655172413794 0.022 0.13448275862068965
0 0.055 0.6793103448275862 0.026 0.12413793103448276
0 0.139 0.7362068965517241 0.034 0.1482758620689655
0 0.212 0.6620689655172414 0.02 0.11724137931034483
0 0.257 0.6948275862068966 0.03 0.13448275862068965
0 0.318 0.6793103448275862 0.028 0.1310344827586207
0 0.353 0.6103448275862069 0.026 0.04827586206896552
0 0.425 0.6362068965517241 0.018 0.09310344827586207
0 0.454 0.5844827586206897 0.02 0.05172413793103448
0 0.444 0.5896551724137931 0.012 0.041379310344827586
0 0.424 0.5758620689655173 0.016 0.04827586206896552
0 0.295 0.6413793103448275 0.03 0.11724137931034483
0 0.284 0.6310344827586207 0.02 0.11724137931034483
0 0.18 0.5551724137931034 0.012 0.06896551724137931
0 0.219 0.5482758620689655 0.014 0.07586206896551724
0 0.223 0.5620689655172414 0.014 0.041379310344827586
0 0.246 0.5620689655172414 0.016 0.04827586206896552
0 0.151 0.6017241379310345 0.022 0.07241379310344828
0 0.054 0.5310344827586206 0.016 0.04827586206896552
0 0.23 0.8068965517241379 0.044 0.13793103448275862
0 0.184 0.8293103448275863 0.04 0.07931034482758621
