0 0.03643 0.61787 0.01286 0.06452
0 0.08071 0.7866 0.02143 0.05459
0 0.12571 0.76923 0.02286 0.0794
0 0.04071 0.45533 0.01 0.04218
0 0.075 0.44293 0.01286 0.03722
0 0.05071 0.41563 0.00714 0.03226
0 0.07786 0.38586 0.00714 0.03226
0 0.09214 0.35112 0.01 0.01737
0 0.09857 0.33375 0.00571 0.02233
0 0.04714 0.28908 0.00571 0.01241
0 0.23429 0.95533 0.02571 0.08933
0 0.28857 0.79156 0.02 0.08437
0 0.30929 0.79529 0.01286 0.07692
0 0.28786 0.7804 0.01286 0.08685
0 0.26929 0.70223 0.01286 0.07444
0 0.40286 0.83995 0.01714 0.06203
0 0.44 0.86725 0.01429 0.08189
0 0.46714 0.84864 0.02 0.05955
0 0.51857 0.86228 0.02 0.08685
0 0.54286 0.84864 0.01714 0.05459
0 0.54786 0.85856 0.02143 0.04963
0 0.56071 0.87469 0.01857 0.04715
0 0.57214 0.88586 0.01857 0.05459
0 0.58857 0.89578 0.02 0.05955
0 0.61214 0.91439 0.02429 0.05707
0 0.62571 0.89082 0.01714 0.04963
0 0.63286 0.86973 0.01429 0.04715
0 0.61143 0.86725 0.01714 0.04715
0 0.71071 0.94045 0.02143 0.04467
0 0.73 0.94541 0.02 0.05459
0 0.74429 0.94417 0.02 0.05211
0 0.51 0.82754 0.02 0.05707
0 0.53071 0.80645 0.01857 0.06948
0 0.555 0.80769 0.01286 0.07692
0 0.57571 0.81266 0.01143 0.08189
0 0.58071 0.81141 0.01571 0.07444
0 0.59286 0.80769 0.01143 0.07196
0 0.65929 0.9268 0.01857 0.08685
0 0.69286 0.94417 0.01429 0.10174
0 0.675 0.72457 0.01571 0.06452
0 0.60786 0.78288 0.01857 0.05211
0 0.62143 0.78164 0.01429 0.04467
0 0.39286 0.71464 0.01143 0.0397
0 0.36214 0.62531 0.01286 0.04963
0 0.26357 0.59677 0.01286 0.06203
0 0.275 0.57568 0.01 0.05955
0 0.17 0.64392 0.01714 0.04715
0 0.16929 0.64144 0.01571 0.04218
0 0.22214 0.56948 0.01286 0.03722
0 0.385 0.50496 0.01 0.03722
0 0.24214 0.47022 0.00714 0.03722
0 0.19786 0.38834 0.00714 0.03722
0 0.21143 0.38337 0.00571 0.03722
0 0.21571 0.34739 0.00571 0.02978
0 0.19643 0.32754 0.00714 0.02978
0 0.195 0.2866 0.00429 0.01737
0 0.135 0.45285 0.00714 0.04218
0 0.11357 0.27047 0.00429 0.02481
0 0.105 0.29032 0.00429 0.01985
0 0.10071 0.29404 0.00429 0.02233
0 0.09071 0.2928 0.00429 0.01985
0 0.10929 0.23201 0.00429 0.01737
0 0.16214 0.27667 0.00429 0.02233
0 0.18786 0.27916 0.00429 0.01737
0 0.18071 0.25931 0.00429 0.01737
0 0.18929 0.2531 0.00429 0.01985
0 0.19214 0.26675 0.00429 0.02233
0 0.19929 0.30025 0.00714 0.01489
0 0.20429 0.29404 0.00571 0.01737
0 0.205 0.27543 0.00429 0.01489
0 0.19929 0.26179 0.00429 0.01737
