0 0.217 0.9258620689655173 0.074 0.1482758620689655
0 0.812 0.453448275862069 0.048 0.1896551724137931
0 0.597 0.55 0.062 0.1482758620689655
0 0.92 0.4103448275862069 0.048 0.19310344827586207
0 0.89 0.2810344827586207 0.048 0.16896551724137931
0 0.799 0.31724137931034485 0.03 0.16551724137931034
0 0.686 0.35172413793103446 0.04 0.1724137931034483
0 0.656 0.35 0.052 0.15517241379310345
0 0.621 0.4224137931034483 0.042 0.17586206896551723
0 0.593 0.42931034482758623 0.066 0.1482758620689655
0 0.579 0.23448275862068965 0.034 0.14482758620689656
0 0.642 0.2827586206896552 0.032 0.13793103448275862
0 0.367 0.05517241379310345 0.046 0.1103448275862069
0 0.449 0.05344827586206897 0.018 0.10689655172413794
0 0.463 0.05344827586206897 0.018 0.10689655172413794
0 0.531 0.039655172413793106 0.034 0.07931034482758621
0 0.509 0.04310344827586207 0.022 0.08620689655172414
0 0.221 0.029310344827586206 0.018 0.05862068965517241
