0 0.11428571428571428 0.794044665012407 0.037142857142857144 0.11910669975186104
0 0.2907142857142857 0.41687344913151364 0.024285714285714285 0.08933002481389578
0 0.2671428571428571 0.445409429280397 0.017142857142857144 0.08684863523573201
0 0.26285714285714284 0.4267990074441687 0.02 0.0794044665012407
0 0.18785714285714286 0.4813895781637717 0.024285714285714285 0.08933002481389578
0 0.009285714285714286 0.21215880893300249 0.018571428571428572 0.07196029776674938
0 0.04357142857142857 0.34491315136476425 0.012857142857142857 0.0794044665012407
0 0.011428571428571429 0.36352357320099254 0.022857142857142857 0.08188585607940446
0 0.02857142857142857 0.47766749379652607 0.02857142857142857 0.052109181141439205
0 0.007857142857142858 0.09429280397022333 0.015714285714285715 0.05955334987593052
0 0.056428571428571425 0.03970223325062035 0.012857142857142857 0.05459057071960298
0 0.2671428571428571 0.04094292803970223 0.011428571428571429 0.04714640198511166
0 0.2978571428571429 0.022332506203473945 0.012857142857142857 0.04466501240694789
0 0.32785714285714285 0.07444168734491315 0.015714285714285715 0.04466501240694789
0 0.36714285714285716 0.06327543424317618 0.011428571428571429 0.04218362282878412
0 0.42714285714285716 0.2109181141439206 0.017142857142857144 0.05459057071960298
0 0.4928571428571429 0.03225806451612903 0.014285714285714285 0.04962779156327544
0 0.505 0.018610421836228287 0.01 0.03722084367245657
0 0.22857142857142856 0.3709677419354839 0.02 0.06699751861042183
