0 0.52 0.8793532338308457 0.04 0.16169154228855723
0 0.4307142857142857 0.8345771144278606 0.03857142857142857 0.14676616915422885
0 0.5142857142857142 0.5298507462686567 0.025714285714285714 0.0945273631840796
0 0.6214285714285714 0.48880597014925375 0.02857142857142857 0.08706467661691543
0 0.7292857142857143 0.4601990049751244 0.032857142857142856 0.08955223880597014
0 0.7635714285714286 0.4527363184079602 0.024285714285714285 0.0945273631840796
0 0.7864285714285715 0.44527363184079605 0.018571428571428572 0.06965174129353234
0 0.012857142857142857 0.32213930348258707 0.02 0.08208955223880597
0 0.225 0.8022388059701493 0.032857142857142856 0.1517412935323383
0 0.24142857142857144 0.7077114427860697 0.02857142857142857 0.10199004975124377
0 0.32785714285714285 0.24502487562189054 0.007142857142857143 0.07213930348258707
0 0.32142857142857145 0.236318407960199 0.014285714285714285 0.07462686567164178
0 0.07428571428571429 0.15049751243781095 0.02 0.06716417910447761
0 0.09214285714285714 0.15796019900497513 0.018571428571428572 0.08208955223880597
