0 0.435 0.6588089330024814 0.018571428571428572 0.08684863523573201
0 0.45 0.6563275434243176 0.014285714285714285 0.08684863523573201
0 0.4735714285714286 0.6563275434243176 0.02142857142857143 0.08684863523573201
0 0.3842857142857143 0.6104218362282878 0.02 0.07444168734491315
0 0.565 0.8287841191066998 0.018571428571428572 0.08933002481389578
0 0.48857142857142855 0.8163771712158809 0.022857142857142857 0.08933002481389578
0 0.1707142857142857 0.36476426799007444 0.01 0.05955334987593052
0 0.27071428571428574 0.2878411910669975 0.015714285714285715 0.05459057071960298
0 0.245 0.22952853598014888 0.012857142857142857 0.04218362282878412
0 0.15142857142857144 0.11290322580645161 0.008571428571428572 0.03722084367245657
0 0.16142857142857142 0.11290322580645161 0.011428571428571429 0.03722084367245657
0 0.027142857142857142 0.12406947890818859 0.011428571428571429 0.02977667493796526
