0 0.807 0.9413793103448276 0.062 0.10344827586206896
0 0.249 0.9603448275862069 0.046 0.2103448275862069
0 0.26 0.8603448275862069 0.036 0.1896551724137931
0 0.215 0.7879310344827586 0.046 0.16206896551724137
0 0.197 0.846551724137931 0.082 0.17586206896551723
0 0.104 0.7706896551724138 0.04 0.17586206896551723
0 0.492 0.9017241379310345 0.06 0.19655172413793104
0 0.41 0.8775862068965518 0.064 0.1896551724137931
0 0.01 0.23793103448275862 0.02 0.08275862068965517
0 0.016 0.4 0.016 0.1103448275862069
0 0.048 0.22758620689655173 0.016 0.06896551724137931
0 0.113 0.5896551724137931 0.062 0.06896551724137931
0 0.11 0.5482758620689655 0.02 0.09655172413793103
0 0.139 0.41724137931034483 0.014 0.0896551724137931
0 0.089 0.2913793103448276 0.018 0.09310344827586207
0 0.118 0.2189655172413793 0.012 0.07241379310344828
0 0.171 0.20689655172413793 0.014 0.06206896551724138
0 0.189 0.12586206896551724 0.01 0.05862068965517241
0 0.17 0.2913793103448276 0.024 0.04482758620689655
0 0.302 0.12413793103448276 0.012 0.04827586206896552
0 0.351 0.22586206896551725 0.014 0.07241379310344828
0 0.41 0.12586206896551724 0.012 0.05172413793103448
0 0.406 0.3017241379310345 0.016 0.08620689655172414
0 0.48 0.2603448275862069 0.012 0.06551724137931035
0 0.503 0.22586206896551725 0.018 0.03793103448275862
0 0.514 0.25862068965517243 0.012 0.06206896551724138
0 0.552 0.25517241379310346 0.012 0.06896551724137931
0 0.478 0.47758620689655173 0.02 0.07241379310344828
0 0.313 0.5620689655172414 0.022 0.12413793103448276
0 0.656 0.4982758620689655 0.036 0.1206896551724138
0 0.657 0.3431034482758621 0.014 0.07241379310344828
0 0.659 0.24655172413793103 0.018 0.07241379310344828
0 0.627 0.2689655172413793 0.022 0.07586206896551724
0 0.799 0.23620689655172414 0.018 0.08620689655172414
0 0.822 0.253448275862069 0.016 0.06551724137931035
0 0.775 0.2293103448275862 0.022 0.08620689655172414
0 0.745 0.23620689655172414 0.014 0.07931034482758621
0 0.759 0.24310344827586206 0.014 0.07931034482758621
0 0.601 0.24655172413793103 0.014 0.06551724137931035
0 0.574 0.19827586206896552 0.02 0.04482758620689655
0 0.58 0.1896551724137931 0.008 0.05517241379310345
0 0.578 0.1810344827586207 0.02 0.04482758620689655
0 0.544 0.7034482758620689 0.04 0.12413793103448276
0 0.586 0.7224137931034482 0.036 0.13448275862068965
0 0.617 0.7155172413793104 0.03 0.13448275862068965
0 0.38 0.5844827586206897 0.02 0.07241379310344828
0 0.397 0.593103448275862 0.022 0.10344827586206896
0 0.41 0.5775862068965517 0.024 0.09310344827586207
0 0.43 0.5948275862068966 0.016 0.07931034482758621
0 0.431 0.596551724137931 0.026 0.07586206896551724
0 0.432 0.5672413793103448 0.028 0.06551724137931035
0 0.953 0.5862068965517241 0.034 0.0896551724137931
