0 0.95714 0.25995 0.00571 0.03731
0 0.96 0.25995 0.00571 0.03234
0 0.98929 0.22388 0.00714 0.02488
0 0.43571 0.53607 0.01714 0.07214
0 0.43143 0.21517 0.00571 0.03731
0 0.49143 0.38806 0.00857 0.04975
0 0.48071 0.38433 0.01 0.04229
0 0.40786 0.36816 0.01286 0.05473
0 0.46 0.37065 0.01714 0.04478
0 0.52786 0.37811 0.01286 0.04975
0 0.56643 0.4204 0.01286 0.06468
0 0.59143 0.3495 0.01143 0.04229
0 0.56929 0.35697 0.00714 0.04726
0 0.78071 0.3408 0.01 0.0398
0 0.60571 0.25622 0.00571 0.03483
0 0.61071 0.25746 0.00714 0.03234
0 0.64857 0.33085 0.00857 0.04478
0 0.64286 0.33085 0.00857 0.04478
0 0.62786 0.31965 0.01 0.03731
