0 0.014285714285714285 0.9516129032258065 0.014285714285714285 0.07196029776674938
0 0.05 0.6277915632754343 0.011428571428571429 0.04466501240694789
0 0.06142857142857143 0.6377171215880894 0.011428571428571429 0.04466501240694789
0 0.06428571428571428 0.6203473945409429 0.011428571428571429 0.04466501240694789
0 0.11142857142857143 0.3325062034739454 0.008571428571428572 0.034739454094292806
0 0.14285714285714285 0.369727047146402 0.011428571428571429 0.03970223325062035
0 0.15928571428571428 0.34863523573200994 0.01 0.03722084367245657
0 0.12571428571428572 0.3349875930521092 0.011428571428571429 0.03970223325062035
0 0.20142857142857143 0.2617866004962779 0.008571428571428572 0.03225806451612903
0 0.09285714285714286 0.17866004962779156 0.008571428571428572 0.02977667493796526
0 0.18642857142857142 0.1761786600496278 0.007142857142857143 0.02977667493796526
0 0.19214285714285714 0.17369727047146402 0.007142857142857143 0.02977667493796526
