0 0.6535714285714286 0.8942786069651741 0.015714285714285715 0.11194029850746269
0 0.7464285714285714 0.8606965174129353 0.02142857142857143 0.1044776119402985
0 0.7635714285714286 0.8582089552238806 0.024285714285714285 0.1044776119402985
0 0.7607142857142857 0.8917910447761194 0.024285714285714285 0.11194029850746269
0 0.8271428571428572 0.5758706467661692 0.014285714285714285 0.08208955223880597
0 0.8321428571428572 0.5 0.01 0.06965174129353234
0 0.8385714285714285 0.4962686567164179 0.011428571428571429 0.07213930348258707
0 0.8942857142857142 0.3370646766169154 0.011428571428571429 0.03731343283582089
0 0.8785714285714286 0.2997512437810945 0.005714285714285714 0.02736318407960199
0 0.9714285714285714 0.2935323383084577 0.008571428571428572 0.03482587064676617
0 0.96 0.22388059701492538 0.005714285714285714 0.03482587064676617
0 0.8614285714285714 0.20771144278606965 0.005714285714285714 0.02736318407960199
