0 0.7492857142857143 0.05831265508684864 0.07285714285714286 0.11662531017369727
0 0.28785714285714287 0.06451612903225806 0.024285714285714285 0.12903225806451613
0 0.3092857142857143 0.05955334987593052 0.03 0.11910669975186104
0 0.3142857142857143 0.062034739454094295 0.025714285714285714 0.12406947890818859
0 0.10285714285714286 0.05707196029776675 0.025714285714285714 0.1141439205955335
0 0.12428571428571429 0.11662531017369727 0.03428571428571429 0.11910669975186104
0 0.2007142857142857 0.20843672456575682 0.041428571428571426 0.12903225806451613
0 0.18857142857142858 0.15508684863523572 0.03142857142857143 0.1662531017369727
0 0.065 0.17245657568238212 0.024285714285714285 0.14640198511166252
0 0.055 0.13399503722084366 0.03 0.1141439205955335
0 0.5807142857142857 0.3188585607940447 0.041428571428571426 0.141439205955335
0 0.5671428571428572 0.3709677419354839 0.03142857142857143 0.13647642679900746
0 0.5557142857142857 0.33002481389578164 0.04 0.12903225806451613
