0 0.294 0.6396551724137931 0.036 0.11379310344827587
0 0.47 0.8689655172413793 0.044 0.15862068965517243
0 0.509 0.44482758620689655 0.026 0.1103448275862069
0 0.731 0.5189655172413793 0.022 0.11379310344827587
0 0.756 0.4896551724137931 0.024 0.07586206896551724
0 0.815 0.49137931034482757 0.03 0.08620689655172414
0 0.815 0.4810344827586207 0.034 0.08620689655172414
0 0.78 0.4103448275862069 0.02 0.09655172413793103
0 0.799 0.39655172413793105 0.022 0.09655172413793103
0 0.903 0.3293103448275862 0.03 0.07241379310344828
0 0.818 0.25 0.016 0.09310344827586207
0 0.878 0.022413793103448276 0.02 0.04482758620689655
0 0.39 0.24482758620689654 0.024 0.08275862068965517
0 0.247 0.2103448275862069 0.022 0.04827586206896552
0 0.273 0.19310344827586207 0.03 0.05517241379310345
0 0.997 0.08275862068965517 0.018 0.04827586206896552
