0 0.9957142857142857 0.6529850746268657 0.011428571428571429 0.0472636815920398
0 0.9985714285714286 0.6343283582089553 0.011428571428571429 0.05472636815920398
0 0.9814285714285714 0.5385572139303483 0.011428571428571429 0.03233830845771144
0 0.9678571428571429 0.5348258706467661 0.01 0.03482587064676617
0 0.9907142857142858 0.7400497512437811 0.012857142857142857 0.03731343283582089
0 0.9685714285714285 0.7947761194029851 0.014285714285714285 0.04228855721393035
0 0.9357142857142857 0.7873134328358209 0.017142857142857144 0.03731343283582089
0 0.8714285714285714 0.8557213930348259 0.014285714285714285 0.04477611940298507
0 0.7442857142857143 0.9228855721393034 0.017142857142857144 0.03980099502487562
0 0.7464285714285714 0.6144278606965174 0.01 0.029850746268656716
0 0.7414285714285714 0.6094527363184079 0.014285714285714285 0.03482587064676617
0 0.9821428571428571 0.6865671641791045 0.01 0.04975124378109453
0 0.975 0.6853233830845771 0.007142857142857143 0.0472636815920398
0 0.8007142857142857 0.40671641791044777 0.01 0.03731343283582089
0 0.7157142857142857 0.45149253731343286 0.008571428571428572 0.022388059701492536
0 0.7242857142857143 0.41044776119402987 0.008571428571428572 0.029850746268656716
0 0.7042857142857143 0.4154228855721393 0.008571428571428572 0.01990049751243781
0 0.7721428571428571 0.33955223880597013 0.007142857142857143 0.022388059701492536
0 0.7592857142857142 0.3271144278606965 0.007142857142857143 0.017412935323383085
0 0.7557142857142857 0.3445273631840796 0.005714285714285714 0.012437810945273632
0 0.75 0.3370646766169154 0.005714285714285714 0.012437810945273632
0 0.7542857142857143 0.2935323383084577 0.008571428571428572 0.024875621890547265
0 0.7492857142857143 0.3009950248756219 0.007142857142857143 0.01990049751243781
0 0.7428571428571429 0.2947761194029851 0.008571428571428572 0.03233830845771144
0 0.7028571428571428 0.24129353233830847 0.005714285714285714 0.014925373134328358
0 0.585 0.45149253731343286 0.01 0.03731343283582089
0 0.5342857142857143 0.43656716417910446 0.005714285714285714 0.02736318407960199
0 0.5285714285714286 0.39303482587064675 0.005714285714285714 0.04975124378109453
0 0.37 0.9154228855721394 0.011428571428571429 0.03980099502487562
0 0.3842857142857143 0.9029850746268657 0.02 0.06965174129353234
0 0.3028571428571429 0.7898009950248757 0.011428571428571429 0.06218905472636816
0 0.36142857142857143 0.7512437810945274 0.011428571428571429 0.06467661691542288
0 0.3992857142857143 0.7251243781094527 0.012857142857142857 0.05223880597014925
0 0.49214285714285716 0.7599502487562189 0.015714285714285715 0.06218905472636816
0 0.4942857142857143 0.7251243781094527 0.011428571428571429 0.05721393034825871
0 0.4785714285714286 0.7512437810945274 0.011428571428571429 0.05472636815920398
0 0.43785714285714283 0.7475124378109452 0.012857142857142857 0.05223880597014925
0 0.4592857142857143 0.7388059701492538 0.015714285714285715 0.05472636815920398
0 0.4471428571428571 0.7276119402985075 0.011428571428571429 0.05721393034825871
0 0.4185714285714286 0.7350746268656716 0.017142857142857144 0.05721393034825871
0 0.42642857142857143 0.7176616915422885 0.012857142857142857 0.06716417910447761
