0 0.04857142857142857 0.6082089552238806 0.014285714285714285 0.04228855721393035
0 0.16642857142857143 0.6853233830845771 0.012857142857142857 0.05223880597014925
0 0.18071428571428572 0.7002487562189055 0.012857142857142857 0.05721393034825871
0 0.17714285714285713 0.6853233830845771 0.011428571428571429 0.04228855721393035
0 0.18357142857142858 0.6828358208955224 0.012857142857142857 0.0472636815920398
0 0.21571428571428572 0.9738805970149254 0.017142857142857144 0.07711442786069651
0 0.15928571428571428 0.5410447761194029 0.012857142857142857 0.03233830845771144
0 0.34714285714285714 0.5584577114427861 0.011428571428571429 0.04228855721393035
0 0.065 0.4900497512437811 0.007142857142857143 0.03980099502487562
0 0.15857142857142856 0.4651741293532338 0.011428571428571429 0.029850746268656716
0 0.15714285714285714 0.472636815920398 0.011428571428571429 0.024875621890547265
0 0.1792857142857143 0.47512437810945274 0.007142857142857143 0.029850746268656716
0 0.17714285714285713 0.4552238805970149 0.005714285714285714 0.029850746268656716
0 0.12285714285714286 0.3370646766169154 0.005714285714285714 0.02736318407960199
0 0.12571428571428572 0.3370646766169154 0.008571428571428572 0.02736318407960199
0 0.20214285714285715 0.31343283582089554 0.01 0.024875621890547265
0 0.21714285714285714 0.3208955223880597 0.008571428571428572 0.01990049751243781
0 0.21428571428571427 0.2848258706467662 0.005714285714285714 0.017412935323383085
0 0.21071428571428572 0.24502487562189054 0.007142857142857143 0.017412935323383085
0 0.12214285714285714 0.2736318407960199 0.007142857142857143 0.01990049751243781
0 0.22 0.22761194029850745 0.005714285714285714 0.017412935323383085
0 0.12214285714285714 0.21517412935323382 0.007142857142857143 0.017412935323383085
0 0.28214285714285714 0.26865671641791045 0.007142857142857143 0.024875621890547265
0 0.2885714285714286 0.27860696517412936 0.005714285714285714 0.024875621890547265
0 0.29714285714285715 0.2810945273631841 0.005714285714285714 0.029850746268656716
0 0.3092857142857143 0.277363184079602 0.007142857142857143 0.022388059701492536
0 0.30142857142857143 0.32338308457711445 0.008571428571428572 0.024875621890547265
0 0.27285714285714285 0.2064676616915423 0.005714285714285714 0.01990049751243781
0 0.3585714285714286 0.42786069651741293 0.011428571428571429 0.03482587064676617
0 0.35642857142857143 0.41044776119402987 0.007142857142857143 0.029850746268656716
0 0.36642857142857144 0.4092039800995025 0.01 0.03233830845771144
0 0.375 0.5186567164179104 0.012857142857142857 0.03731343283582089
0 0.3585714285714286 0.5124378109452736 0.011428571428571429 0.03980099502487562
0 0.3657142857142857 0.5174129353233831 0.011428571428571429 0.04477611940298507
0 0.4664285714285714 0.595771144278607 0.01 0.04228855721393035
0 0.45357142857142857 0.5945273631840796 0.01 0.04477611940298507
0 0.4828571428571429 0.6082089552238806 0.014285714285714285 0.02736318407960199
0 0.48642857142857143 0.5970149253731343 0.012857142857142857 0.029850746268656716
0 0.5164285714285715 0.6231343283582089 0.018571428571428572 0.0472636815920398
0 0.455 0.6579601990049752 0.012857142857142857 0.0472636815920398
0 0.395 0.6728855721393034 0.007142857142857143 0.03731343283582089
0 0.405 0.6890547263681592 0.01 0.04975124378109453
0 0.4107142857142857 0.7027363184079602 0.015714285714285715 0.0472636815920398
0 0.5078571428571429 0.7400497512437811 0.01 0.03233830845771144
0 0.5178571428571429 0.7288557213930348 0.015714285714285715 0.05472636815920398
0 0.4407142857142857 0.7885572139303483 0.015714285714285715 0.05472636815920398
0 0.40714285714285714 0.7860696517412935 0.014285714285714285 0.05970149253731343
0 0.42 0.7922885572139303 0.017142857142857144 0.04228855721393035
0 0.47214285714285714 0.6567164179104478 0.01 0.03980099502487562
0 0.5578571428571428 0.8432835820895522 0.015714285714285715 0.04477611940298507
0 0.4421428571428571 0.6032338308457711 0.012857142857142857 0.03233830845771144
