0 0.46785714285714286 0.3337468982630273 0.03 0.10173697270471464
0 0.4278571428571429 0.3014888337468983 0.024285714285714285 0.11166253101736973
0 0.39357142857142857 0.14516129032258066 0.024285714285714285 0.08684863523573201
0 0.3992857142857143 0.09057071960297766 0.02142857142857143 0.08684863523573201
0 0.36428571428571427 0.12406947890818859 0.014285714285714285 0.08436724565756824
0 0.32571428571428573 0.0967741935483871 0.014285714285714285 0.08436724565756824
0 0.32071428571428573 0.08188585607940446 0.01 0.08436724565756824
0 0.30857142857142855 0.07568238213399504 0.014285714285714285 0.08188585607940446
0 0.3678571428571429 0.06823821339950373 0.018571428571428572 0.08684863523573201
0 0.3457142857142857 0.07692307692307693 0.014285714285714285 0.08436724565756824
0 0.3335714285714286 0.07444168734491315 0.012857142857142857 0.0794044665012407
