0 0.48857142857142855 0.42039800995024873 0.014285714285714285 0.06965174129353234
0 0.455 0.43905472636815923 0.02142857142857143 0.07711442786069651
0 0.44571428571428573 0.4552238805970149 0.011428571428571429 0.03980099502487562
0 0.45785714285714285 0.4216417910447761 0.015714285714285715 0.08706467661691543
0 0.44785714285714284 0.43034825870646765 0.015714285714285715 0.07462686567164178
0 0.7542857142857143 0.9713930348258707 0.025714285714285714 0.10199004975124377
0 0.4614285714285714 0.277363184079602 0.017142857142857144 0.0472636815920398
0 0.48142857142857143 0.22014925373134328 0.014285714285714285 0.05721393034825871
0 0.6421428571428571 0.05721393034825871 0.007142857142857143 0.03482587064676617
0 0.6285714285714286 0.022388059701492536 0.005714285714285714 0.03482587064676617
0 0.6871428571428572 0.033582089552238806 0.011428571428571429 0.03233830845771144
0 0.5271428571428571 0.018656716417910446 0.008571428571428572 0.03233830845771144
0 0.4707142857142857 0.06840796019900497 0.012857142857142857 0.04228855721393035
0 0.7164285714285714 0.4552238805970149 0.018571428571428572 0.05472636815920398
0 0.7428571428571429 0.43781094527363185 0.017142857142857144 0.05970149253731343
0 0.885 0.26616915422885573 0.01 0.05970149253731343
0 0.94 0.2898009950248756 0.02 0.04228855721393035
0 0.9378571428571428 0.38308457711442784 0.012857142857142857 0.03980099502487562
0 0.9328571428571428 0.39054726368159204 0.014285714285714285 0.05472636815920398
0 0.9985714285714286 0.3706467661691542 0.02 0.04477611940298507
