0 0.203 0.34655172413793106 0.034 0.11379310344827587
0 0.263 0.4017241379310345 0.046 0.11379310344827587
0 0.522 0.5862068965517241 0.052 0.13793103448275862
0 0.58 0.33793103448275863 0.044 0.14482758620689656
0 0.677 0.4706896551724138 0.046 0.1206896551724138
0 0.769 0.3793103448275862 0.054 0.1310344827586207
0 0.855 0.43103448275862066 0.046 0.11724137931034483
0 0.897 0.44482758620689655 0.054 0.13793103448275862
0 0.839 0.22586206896551725 0.042 0.1206896551724138
0 0.286 0.0603448275862069 0.024 0.1206896551724138
