0 0.08857142857142856 0.760545905707196 0.014285714285714285 0.022332506203473945
0 0.10428571428571429 0.7543424317617866 0.014285714285714285 0.02481389578163772
0 0.4878571428571429 0.6004962779156328 0.012857142857142857 0.01488833746898263
0 0.58 0.5372208436724566 0.014285714285714285 0.022332506203473945
0 0.5814285714285714 0.5669975186104218 0.014285714285714285 0.022332506203473945
0 0.92 0.3771712158808933 0.02 0.02481389578163772
0 0.4957142857142857 0.5781637717121588 0.011428571428571429 0.02481389578163772
0 0.4828571428571429 0.5818858560794045 0.011428571428571429 0.022332506203473945
0 0.835 0.5781637717121588 0.015714285714285715 0.02481389578163772
0 0.6521428571428571 0.5459057071960298 0.015714285714285715 0.02481389578163772
0 0.9235714285714286 0.06451612903225806 0.018571428571428572 0.02977667493796526
0 0.6514285714285715 0.5223325062034739 0.014285714285714285 0.017369727047146403
0 0.5085714285714286 0.8089330024813896 0.014285714285714285 0.02481389578163772
0 0.5071428571428571 0.8337468982630273 0.014285714285714285 0.02481389578163772
0 0.48928571428571427 0.8870967741935484 0.007142857142857143 0.017369727047146403
0 0.49357142857142855 0.901985111662531 0.01 0.017369727047146403
0 0.8828571428571429 0.5533498759305211 0.014285714285714285 0.02481389578163772
0 0.8571428571428571 0.5732009925558312 0.014285714285714285 0.02481389578163772
0 0.9107142857142857 0.5459057071960298 0.015714285714285715 0.02481389578163772
0 0.9542857142857143 0.5806451612903226 0.014285714285714285 0.02481389578163772
0 0.9335714285714286 0.4143920595533499 0.015714285714285715 0.02481389578163772
0 0.7342857142857143 0.44168734491315137 0.014285714285714285 0.02481389578163772
0 0.82 0.42431761786600497 0.014285714285714285 0.02481389578163772
0 0.9578571428571429 0.4044665012406948 0.015714285714285715 0.02481389578163772
0 0.9714285714285714 0.3970223325062035 0.014285714285714285 0.02481389578163772
0 0.9871428571428571 0.3970223325062035 0.014285714285714285 0.02481389578163772
0 0.8728571428571429 0.4813895781637717 0.014285714285714285 0.02481389578163772
0 0.86 0.47270471464019853 0.014285714285714285 0.022332506203473945
