0 0.018571428571428572 0.9477611940298507 0.037142857142857144 0.1044776119402985
0 0.06 0.9763681592039801 0.03428571428571429 0.08208955223880597
0 0.03571428571428571 0.39800995024875624 0.02 0.11442786069651742
0 0.025714285714285714 0.39427860696517414 0.02 0.12189054726368159
0 0.2892857142857143 0.24751243781094528 0.015714285714285715 0.10199004975124377
0 0.27 0.24004975124378108 0.017142857142857144 0.09701492537313433
0 0.2978571428571429 0.20398009950248755 0.01 0.1044776119402985
0 0.27071428571428574 0.19402985074626866 0.01 0.05472636815920398
0 0.2671428571428571 0.15671641791044777 0.011428571428571429 0.05472636815920398
0 0.5535714285714286 0.13432835820895522 0.02142857142857143 0.0845771144278607
0 0.045 0.24875621890547264 0.018571428571428572 0.05472636815920398
0 0.075 0.2599502487562189 0.02142857142857143 0.07711442786069651
0 0.09571428571428571 0.23880597014925373 0.022857142857142857 0.06467661691542288
0 0.08785714285714286 0.22512437810945274 0.015714285714285715 0.06716417910447761
0 0.1 0.22512437810945274 0.014285714285714285 0.05721393034825871
0 0.115 0.263681592039801 0.024285714285714285 0.0945273631840796
0 0.13285714285714287 0.27238805970149255 0.02 0.10199004975124377
0 0.1 0.024875621890547265 0.014285714285714285 0.04975124378109453
0 0.7671428571428571 0.11940298507462686 0.014285714285714285 0.05970149253731343
0 0.7021428571428572 0.19402985074626866 0.015714285714285715 0.08955223880597014
0 0.8707142857142857 0.22263681592039802 0.024285714285714285 0.09701492537313433
0 0.8807142857142857 0.21890547263681592 0.032857142857142856 0.1044776119402985
0 0.5578571428571428 0.23134328358208955 0.02142857142857143 0.09950248756218906
