0 0.37285714285714283 0.9776119402985075 0.011428571428571429 0.05472636815920398
0 0.5828571428571429 0.9800995024875622 0.011428571428571429 0.05970149253731343
0 0.6635714285714286 0.9664179104477612 0.007142857142857143 0.05223880597014925
0 0.67 0.9664179104477612 0.005714285714285714 0.05223880597014925
0 0.7407142857142858 0.9937810945273632 0.012857142857142857 0.05721393034825871
0 0.8642857142857143 0.9763681592039801 0.011428571428571429 0.05223880597014925
0 0.7885714285714286 0.9850746268656716 0.011428571428571429 0.04975124378109453
0 0.68 0.9527363184079602 0.011428571428571429 0.05472636815920398
0 0.6742857142857143 0.9676616915422885 0.008571428571428572 0.04975124378109453
0 0.655 0.9191542288557214 0.012857142857142857 0.05223880597014925
0 0.6414285714285715 0.914179104477612 0.008571428571428572 0.0472636815920398
0 0.6478571428571429 0.9092039800995025 0.01 0.0472636815920398
0 0.7364285714285714 0.9353233830845771 0.015714285714285715 0.029850746268656716
0 0.6785714285714286 0.8992537313432836 0.014285714285714285 0.05223880597014925
0 0.505 0.8544776119402985 0.01 0.04228855721393035
0 0.49857142857142855 0.9191542288557214 0.014285714285714285 0.03731343283582089
0 0.475 0.945273631840796 0.015714285714285715 0.05472636815920398
0 0.3585714285714286 0.9017412935323383 0.011428571428571429 0.05223880597014925
0 0.3157142857142857 0.8942786069651741 0.011428571428571429 0.0472636815920398
0 0.25 0.9664179104477612 0.014285714285714285 0.05721393034825871
0 0.21428571428571427 0.931592039800995 0.011428571428571429 0.0472636815920398
0 0.4014285714285714 0.9937810945273632 0.011428571428571429 0.05721393034825871
0 0.44142857142857145 0.9527363184079602 0.008571428571428572 0.04975124378109453
0 0.43 0.9502487562189055 0.011428571428571429 0.04975124378109453
0 0.42928571428571427 0.9402985074626866 0.012857142857142857 0.05970149253731343
0 0.32142857142857145 0.9502487562189055 0.008571428571428572 0.04975124378109453
0 0.28714285714285714 0.9191542288557214 0.008571428571428572 0.05223880597014925
0 0.21571428571428572 0.8308457711442786 0.008571428571428572 0.04477611940298507
0 0.18571428571428572 0.8706467661691543 0.008571428571428572 0.03482587064676617
0 0.095 0.8980099502487562 0.012857142857142857 0.03980099502487562
0 0.047857142857142855 0.7960199004975125 0.01 0.03980099502487562
0 0.060714285714285714 0.8196517412935324 0.01 0.03233830845771144
0 0.13071428571428573 0.8631840796019901 0.007142857142857143 0.03980099502487562
0 0.14857142857142858 0.8470149253731343 0.005714285714285714 0.04228855721393035
