0 0.9585714285714285 0.2667493796526055 0.017142857142857144 0.10669975186104218
0 0.8607142857142858 0.3337468982630273 0.018571428571428572 0.10173697270471464
0 0.8235714285714286 0.25806451612903225 0.018571428571428572 0.10421836228287841
0 0.8071428571428572 0.3064516129032258 0.022857142857142857 0.10669975186104218
0 0.8028571428571428 0.29156327543424315 0.02 0.11166253101736973
0 0.6907142857142857 0.2667493796526055 0.027142857142857142 0.0967741935483871
0 0.74 0.23200992555831265 0.022857142857142857 0.11166253101736973
0 0.7607142857142857 0.2816377171215881 0.03 0.1315136476426799
0 0.7528571428571429 0.2655086848635236 0.014285714285714285 0.09429280397022333
0 0.5135714285714286 0.15384615384615385 0.012857142857142857 0.05955334987593052
0 0.18928571428571428 0.24813895781637718 0.024285714285714285 0.1141439205955335
0 0.17642857142857143 0.3052109181141439 0.02142857142857143 0.10421836228287841
0 0.09571428571428571 0.6861042183622829 0.03142857142857143 0.08684863523573201
0 0.3921428571428571 0.20471464019851116 0.015714285714285715 0.07196029776674938
0 0.01 0.20099255583126552 0.02 0.09925558312655088
0 0.05357142857142857 0.18982630272952852 0.024285714285714285 0.10173697270471464
0 0.085 0.1774193548387097 0.02142857142857143 0.0967741935483871
0 0.10428571428571429 0.1662531017369727 0.02 0.09925558312655088
0 0.29214285714285715 0.18610421836228289 0.012857142857142857 0.06451612903225806
0 0.3028571428571429 0.1600496277915633 0.014285714285714285 0.062034739454094295
0 0.31642857142857145 0.17121588089330025 0.012857142857142857 0.06947890818858561
0 0.36 0.06451612903225806 0.011428571428571429 0.05955334987593052
0 0.37642857142857145 0.06327543424317618 0.012857142857142857 0.062034739454094295
0 0.39071428571428574 0.10049627791563276 0.012857142857142857 0.062034739454094295
0 0.4042857142857143 0.07196029776674938 0.011428571428571429 0.05955334987593052
0 0.42428571428571427 0.04218362282878412 0.008571428571428572 0.05459057071960298
0 0.4421428571428571 0.052109181141439205 0.01 0.05459057071960298
0 0.36357142857142855 0.1501240694789082 0.018571428571428572 0.05707196029776675
0 0.44857142857142857 0.07320099255583126 0.011428571428571429 0.04218362282878412
