0 0.99071 0.79602 0.01 0.0398
0 0.00786 0.99502 0.01571 0.0597
0 0.05643 0.9403 0.01286 0.05473
0 0.26714 0.94154 0.01143 0.04726
0 0.29786 0.92289 0.01286 0.04478
0 0.32786 0.97512 0.01571 0.04478
0 0.36714 0.96393 0.01143 0.04229
0 0.49286 0.93284 0.01429 0.04975
0 0.505 0.91169 0.01 0.03731
0 0.44071 0.89801 0.01 0.0398
0 0.38 0.8893 0.01143 0.04726
0 0.42857 0.86692 0.01143 0.04229
0 0.41357 0.86567 0.01 0.0398
0 0.41357 0.88557 0.01 0.0398
0 0.44714 0.87313 0.01143 0.0398
0 0.56286 0.79353 0.00857 0.04478
0 0.535 0.83582 0.00714 0.0398
0 0.54286 0.83582 0.01143 0.0398
0 0.54286 0.86443 0.00857 0.04726
0 0.53 0.85199 0.00857 0.03731
0 0.55071 0.86194 0.01 0.04726
0 0.305 0.85945 0.01 0.04726
0 0.32071 0.85075 0.01 0.0398
0 0.31214 0.83831 0.00714 0.04478
0 0.35571 0.80348 0.00857 0.04478
0 0.37143 0.76368 0.00571 0.03483
0 0.38143 0.76244 0.00857 0.03234
0 0.33143 0.85945 0.00857 0.04726
0 0.34071 0.85821 0.00714 0.04478
0 0.34571 0.85697 0.00857 0.04726
0 0.35143 0.8607 0.00857 0.04478
0 0.35857 0.85572 0.00857 0.0398
0 0.36571 0.85945 0.00857 0.05224
0 0.37214 0.8607 0.01 0.04478
0 0.41714 0.78358 0.00857 0.0398
