0 0.729 0.596551724137931 0.014 0.041379310344827586
0 0.723 0.5982758620689655 0.014 0.03793103448275862
0 0.784 0.6724137931034483 0.012 0.04827586206896552
0 0.884 0.7275862068965517 0.012 0.04827586206896552
0 0.992 0.6155172413793103 0.016 0.03103448275862069
0 0.968 0.6637931034482759 0.012 0.03793103448275862
0 0.941 0.6810344827586207 0.014 0.04482758620689655
0 0.962 0.5913793103448276 0.012 0.04482758620689655
0 0.948 0.5517241379310345 0.012 0.034482758620689655
0 0.647 0.5724137931034483 0.018 0.041379310344827586
0 0.909 0.5086206896551724 0.014 0.03793103448275862
