0 0.7857142857142857 0.43781094527363185 0.014285714285714285 0.0845771144278607
0 0.47 0.5559701492537313 0.022857142857142857 0.08208955223880597
0 0.4514285714285714 0.5310945273631841 0.02857142857142857 0.10199004975124377
0 0.46 0.472636815920398 0.025714285714285714 0.0945273631840796
0 0.5257142857142857 0.5447761194029851 0.025714285714285714 0.0945273631840796
0 0.5764285714285714 0.5236318407960199 0.02142857142857143 0.09203980099502487
0 0.585 0.5335820895522388 0.024285714285714285 0.09203980099502487
0 0.2864285714285714 0.5398009950248757 0.02142857142857143 0.0845771144278607
0 0.2978571428571429 0.568407960199005 0.03 0.10199004975124377
0 0.24571428571428572 0.572139303482587 0.022857142857142857 0.1044776119402985
0 0.14 0.5671641791044776 0.022857142857142857 0.1044776119402985
0 0.1957142857142857 0.5609452736318408 0.02 0.08706467661691543
0 0.19714285714285715 0.5609452736318408 0.02857142857142857 0.08208955223880597
0 0.20285714285714285 0.7487562189054726 0.03428571428571429 0.1044776119402985
0 0.03428571428571429 0.5746268656716418 0.017142857142857144 0.06965174129353234
