0 0.21785714285714286 0.2617866004962779 0.02142857142857143 0.11662531017369727
0 0.17214285714285715 0.3523573200992556 0.02142857142857143 0.12406947890818859
0 0.145 0.2692307692307692 0.018571428571428572 0.11166253101736973
0 0.28285714285714286 0.45409429280397023 0.03142857142857143 0.16377171215880892
0 0.32142857142857145 0.4292803970223325 0.022857142857142857 0.1488833746898263
0 0.21071428571428572 0.5930521091811415 0.027142857142857142 0.1488833746898263
0 0.19214285714285714 0.6191066997518611 0.03 0.1662531017369727
0 0.11785714285714285 0.7555831265508685 0.05 0.1761786600496278
0 0.07428571428571429 0.8424317617866005 0.04857142857142857 0.20099255583126552
0 0.032857142857142856 0.924317617866005 0.04 0.1513647642679901
0 0.010714285714285714 0.8883374689826302 0.02142857142857143 0.20843672456575682
0 0.012857142857142857 0.8461538461538461 0.025714285714285714 0.1935483870967742
