0 0.26429 0.98632 0.01143 0.05721
0 0.44857 0.81965 0.01143 0.04726
0 0.35571 0.74751 0.01143 0.04229
0 0.325 0.75124 0.01 0.04478
0 0.155 0.699 0.01 0.0398
0 0.11929 0.70149 0.00714 0.02488
0 0.38 0.71393 0.00857 0.04478
0 0.38429 0.71393 0.00571 0.03483
0 0.17571 0.62313 0.00571 0.03234
0 0.27214 0.59701 0.01 0.02985
0 0.22429 0.57587 0.00571 0.03234
0 0.21643 0.57587 0.00714 0.03234
0 0.16429 0.54851 0.00571 0.02736
0 0.12929 0.60448 0.00714 0.03483
0 0.125 0.60448 0.00714 0.0199
0 0.14786 0.5 0.00714 0.02488
0 0.07857 0.5398 0.00571 0.0199
0 0.04857 0.4602 0.00571 0.0199
0 0.05429 0.45647 0.00571 0.01741
0 0.13429 0.49751 0.00571 0.0199
0 0.13714 0.46642 0.00286 0.01741
0 0.03643 0.45647 0.00714 0.01741
