0 0.87 0.97069 0.044 0.23103
0 0.954 0.91207 0.032 0.21724
0 0.265 0.5431 0.042 0.12759
0 0.427 0.54828 0.034 0.15172
0 0.554 0.6431 0.04 0.15517
0 0.626 0.64138 0.028 0.12414
0 0.74 0.66897 0.052 0.08276
0 0.765 0.65172 0.034 0.07586
0 0.494 0.43621 0.028 0.13448
0 0.55 0.47759 0.032 0.14828
0 0.602 0.51379 0.024 0.13793
0 0.894 0.63621 0.028 0.16897
0 0.871 0.62586 0.034 0.08621
0 0.975 0.58793 0.026 0.15517
0 0.88 0.48793 0.04 0.06552
0 0.722 0.54655 0.04 0.15517
0 0.733 0.49483 0.026 0.14138
0 0.651 0.43621 0.038 0.13448
0 0.617 0.42069 0.026 0.11724
0 0.584 0.37931 0.028 0.05517
0 0.608 0.37759 0.024 0.05862
0 0.545 0.39138 0.034 0.1069
0 0.429 0.31724 0.018 0.09655
0 0.396 0.27414 0.02 0.08621
0 0.461 0.27414 0.018 0.1
0 0.503 0.32931 0.018 0.1
0 0.489 0.29138 0.014 0.1
0 0.555 0.30862 0.022 0.1
0 0.569 0.28793 0.03 0.0931
0 0.629 0.29828 0.022 0.1
0 0.643 0.28621 0.022 0.09655
0 0.704 0.34655 0.024 0.1
0 0.719 0.34828 0.034 0.10345
0 0.941 0.22414 0.018 0.06897
0 0.943 0.31552 0.022 0.1
0 0.811 0.26379 0.018 0.1
0 0.802 0.23966 0.016 0.07931
0 0.774 0.23966 0.016 0.07241
0 0.745 0.25862 0.022 0.09655
0 0.712 0.18276 0.02 0.06897
0 0.733 0.30862 0.03 0.06552
0 0.677 0.25 0.018 0.08621
0 0.654 0.23966 0.02 0.08621
0 0.325 0.19138 0.018 0.07931
0 0.948 0.1431 0.012 0.05862
0 0.957 0.1431 0.014 0.05862
0 0.992 0.12759 0.012 0.06207
