0 0.025714285714285714 0.35199004975124376 0.008571428571428572 0.022388059701492536
0 0.02857142857142857 0.376865671641791 0.008571428571428572 0.03731343283582089
0 0.03142857142857143 0.5833333333333334 0.011428571428571429 0.02736318407960199
0 0.03 0.595771144278607 0.008571428571428572 0.02736318407960199
0 0.09285714285714286 0.5012437810945274 0.011428571428571429 0.04228855721393035
0 0.14357142857142857 0.4539800995024876 0.01 0.03731343283582089
0 0.16857142857142857 0.5472636815920398 0.008571428571428572 0.024875621890547265
0 0.16642857142857143 0.5398009950248757 0.01 0.029850746268656716
0 0.24642857142857144 0.7549751243781094 0.012857142857142857 0.03233830845771144
0 0.2892857142857143 0.8420398009950248 0.018571428571428572 0.0472636815920398
0 0.29285714285714287 0.8594527363184079 0.011428571428571429 0.03233830845771144
0 0.43142857142857144 0.681592039800995 0.017142857142857144 0.04975124378109453
0 0.4714285714285714 0.7425373134328358 0.014285714285714285 0.05223880597014925
0 0.5685714285714286 0.8606965174129353 0.022857142857142857 0.05970149253731343
0 0.575 0.8731343283582089 0.012857142857142857 0.06467661691542288
