0 0.21571 0.79602 0.01714 0.09453
0 0.02429 0.35448 0.01143 0.07711
0 0.04357 0.35448 0.01286 0.07214
0 0.13071 0.3893 0.01286 0.06219
0 0.06 0.31841 0.01143 0.0597
0 0.085 0.31219 0.01 0.05721
0 0.285 0.3495 0.01286 0.06716
0 0.27071 0.3806 0.01 0.06965
0 0.26071 0.37189 0.01286 0.07711
0 0.16643 0.3607 0.01 0.06965
0 0.17571 0.36443 0.01143 0.07711
0 0.12786 0.32214 0.01571 0.06219
0 0.19857 0.42164 0.00857 0.04229
0 0.20571 0.4204 0.01143 0.0597
0 0.21429 0.42413 0.00857 0.05721
0 0.61571 0.38184 0.01714 0.06219
0 0.71214 0.41294 0.01571 0.04975
0 0.93643 0.3607 0.01857 0.04478
0 0.79357 0.65796 0.01857 0.06219
0 0.93714 0.41542 0.01143 0.04975
