0 0.26857 0.76923 0.02 0.0794
0 0.48714 0.84864 0.01429 0.08933
0 0.58143 0.77792 0.02 0.08685
0 0.66929 0.83375 0.01286 0.08933
0 0.68929 0.85856 0.02143 0.10422
0 0.76 0.73573 0.01143 0.07692
0 0.79071 0.70223 0.01 0.07444
0 0.89643 0.59677 0.01286 0.06203
0 0.97929 0.61787 0.01286 0.06452
0 0.98357 0.45533 0.01 0.04218
0 0.91357 0.50124 0.01 0.04963
0 0.92643 0.50868 0.01 0.04467
0 0.86571 0.45906 0.00857 0.04467
0 0.93286 0.36849 0.00571 0.0273
0 0.99357 0.41563 0.00714 0.03226
0 0.99 0.28908 0.00571 0.01241
