0 0.055 0.7997512437810945 0.024285714285714285 0.09203980099502487
0 0.105 0.9104477611940298 0.024285714285714285 0.08955223880597014
0 0.15071428571428572 0.9440298507462687 0.02142857142857143 0.08706467661691543
0 0.5821428571428572 0.3843283582089552 0.01 0.05223880597014925
0 0.57 0.3805970149253731 0.017142857142857144 0.05472636815920398
0 0.6328571428571429 0.417910447761194 0.011428571428571429 0.06467661691542288
0 0.65 0.4191542288557214 0.011428571428571429 0.05721393034825871
0 0.6635714285714286 0.42412935323383083 0.012857142857142857 0.06218905472636816
0 0.6757142857142857 0.42661691542288555 0.011428571428571429 0.05721393034825871
0 0.7014285714285714 0.376865671641791 0.017142857142857144 0.06218905472636816
0 0.6885714285714286 0.40671641791044777 0.011428571428571429 0.06218905472636816
0 0.775 0.06965174129353234 0.012857142857142857 0.024875621890547265
0 0.8171428571428572 0.14427860696517414 0.011428571428571429 0.04477611940298507
0 0.8257142857142857 0.1417910447761194 0.011428571428571429 0.03980099502487562
