0 0.27 0.6364764267990074 0.03428571428571429 0.0967741935483871
0 0.3385714285714286 0.1662531017369727 0.02857142857142857 0.09925558312655088
0 0.23214285714285715 0.13027295285359802 0.032857142857142856 0.08188585607940446
0 0.21857142857142858 0.04094292803970223 0.022857142857142857 0.08188585607940446
0 0.42142857142857143 0.04838709677419355 0.03428571428571429 0.0967741935483871
0 0.49214285714285716 0.04218362282878412 0.024285714285714285 0.08436724565756824
0 0.3964285714285714 0.04590570719602978 0.027142857142857142 0.09181141439205956
0 0.40785714285714286 0.04590570719602978 0.027142857142857142 0.09181141439205956
0 0.4307142857142857 0.04218362282878412 0.027142857142857142 0.08436724565756824
0 0.6785714285714286 0.043424317617866005 0.037142857142857144 0.08684863523573201
