0 0.145 0.034482758620689655 0.026 0.04827586206896552
0 0.126 0.056896551724137934 0.02 0.05172413793103448
0 0.044 0.5465517241379311 0.024 0.05862068965517241
0 0.172 0.22586206896551725 0.02 0.05862068965517241
0 0.176 0.25862068965517243 0.016 0.06206896551724138
0 0.015 0.7275862068965517 0.03 0.11724137931034483
0 0.031 0.7293103448275862 0.026 0.04482758620689655
0 0.11 0.9706896551724138 0.02 0.05862068965517241
0 0.154 0.9275862068965517 0.028 0.14482758620689656
0 0.297 0.5103448275862069 0.022 0.1103448275862069
0 0.342 0.45 0.024 0.11379310344827587
0 0.273 0.4224137931034483 0.03 0.07931034482758621
0 0.438 0.4206896551724138 0.02 0.04827586206896552
0 0.393 0.33793103448275863 0.018 0.05517241379310345
0 0.24 0.2206896551724138 0.016 0.06206896551724138
0 0.239 0.1 0.022 0.06896551724137931
0 0.34 0.17413793103448275 0.02 0.07241379310344828
0 0.319 0.17758620689655172 0.022 0.07931034482758621
0 0.309 0.11206896551724138 0.018 0.07241379310344828
0 0.411 0.11724137931034483 0.014 0.08275862068965517
0 0.393 0.1206896551724138 0.018 0.05517241379310345
0 0.243 0.034482758620689655 0.018 0.06896551724137931
0 0.278 0.03103448275862069 0.016 0.06206896551724138
0 0.444 0.034482758620689655 0.02 0.06896551724137931
0 0.523 0.027586206896551724 0.014 0.05517241379310345
0 0.614 0.032758620689655175 0.016 0.06551724137931035
0 0.565 0.1206896551724138 0.022 0.041379310344827586
0 0.607 0.14655172413793102 0.022 0.05172413793103448
0 0.6 0.20344827586206896 0.028 0.05517241379310345
0 0.582 0.2293103448275862 0.012 0.07241379310344828
0 0.522 0.23620689655172414 0.02 0.06551724137931035
0 0.82 0.13793103448275862 0.02 0.08275862068965517
0 0.89 0.13448275862068965 0.016 0.08275862068965517
0 0.695 0.32068965517241377 0.034 0.0896551724137931
0 0.784 0.3103448275862069 0.024 0.06206896551724138
0 0.774 0.28620689655172415 0.024 0.06896551724137931
0 0.82 0.2827586206896552 0.024 0.08275862068965517
0 0.845 0.3275862068965517 0.018 0.10344827586206896
0 0.877 0.2482758620689655 0.014 0.06896551724137931
0 0.98 0.3137931034482759 0.024 0.0896551724137931
