0 0.40214285714285714 0.8233830845771144 0.012857142857142857 0.07960199004975124
0 0.39785714285714285 0.7935323383084577 0.018571428571428572 0.07462686567164178
0 0.2807142857142857 0.746268656716418 0.02142857142857143 0.0945273631840796
0 0.26285714285714284 0.7437810945273632 0.02 0.0845771144278607
0 0.21571428571428572 0.6480099502487562 0.017142857142857144 0.08208955223880597
0 0.3485714285714286 0.6106965174129353 0.017142857142857144 0.07213930348258707
0 0.33285714285714285 0.6119402985074627 0.014285714285714285 0.07462686567164178
0 0.08785714285714286 0.20398009950248755 0.015714285714285715 0.05472636815920398
0 0.18785714285714286 0.1480099502487562 0.012857142857142857 0.0472636815920398
0 0.13857142857142857 0.012437810945273632 0.005714285714285714 0.024875621890547265
0 0.125 0.01616915422885572 0.007142857142857143 0.03233830845771144
0 0.004285714285714286 0.013681592039800995 0.008571428571428572 0.02736318407960199
