0 0.91357 0.06328 0.02429 0.12655
0 0.94214 0.07072 0.02714 0.14144
0 0.99357 0.31017 0.03286 0.16873
0 0.85 0.58933 0.04571 0.17122
0 0.89214 0.65509 0.03857 0.18362
0 0.86214 0.87097 0.09 0.1737
0 0.92714 0.8536 0.03429 0.14392
0 0.96571 0.8933 0.04286 0.2134
0 0.71357 0.68983 0.03857 0.20844
0 0.71214 0.58189 0.03571 0.08189
0 0.395 0.84491 0.05571 0.19603
0 0.48 0.50372 0.03714 0.14392
0 0.51357 0.43548 0.05 0.13648
0 0.25786 0.30645 0.03857 0.15633
0 0.28429 0.29404 0.04571 0.15633
0 0.64286 0.07568 0.03143 0.15136
0 0.73857 0.07072 0.02857 0.14144
