0 0.3078571428571429 0.07692307692307693 0.018571428571428572 0.08436724565756824
0 0.31142857142857144 0.09181141439205956 0.011428571428571429 0.0794044665012407
0 0.32142857142857145 0.09553349875930521 0.017142857142857144 0.07196029776674938
0 0.46714285714285714 0.04094292803970223 0.02 0.08188585607940446
0 0.5842857142857143 0.038461538461538464 0.017142857142857144 0.07692307692307693
0 0.59 0.0707196029776675 0.017142857142857144 0.09181141439205956
0 0.5214285714285715 0.04590570719602978 0.017142857142857144 0.06699751861042183
0 0.5514285714285714 0.043424317617866005 0.017142857142857144 0.08684863523573201
0 0.5414285714285715 0.03598014888337469 0.014285714285714285 0.07196029776674938
0 0.5528571428571428 0.03722084367245657 0.017142857142857144 0.07444168734491315
0 0.5271428571428571 0.1228287841191067 0.022857142857142857 0.0967741935483871
0 0.5878571428571429 0.1513647642679901 0.018571428571428572 0.08933002481389578
0 0.43785714285714283 0.10794044665012408 0.02142857142857143 0.09181141439205956
0 0.4592857142857143 0.1054590570719603 0.02142857142857143 0.08188585607940446
0 0.39071428571428574 0.16501240694789082 0.018571428571428572 0.08684863523573201
0 0.9442857142857143 0.15632754342431762 0.037142857142857144 0.18362282878411912
0 0.7892857142857143 0.18858560794044665 0.02142857142857143 0.11910669975186104
0 0.8157142857142857 0.1588089330024814 0.025714285714285714 0.12903225806451613
0 0.8314285714285714 0.1774193548387097 0.02 0.12655086848635236
0 0.805 0.27543424317617865 0.04428571428571428 0.18858560794044665
0 0.83 0.2866004962779156 0.05142857142857143 0.21588089330024815
0 0.6978571428571428 0.3920595533498759 0.047142857142857146 0.20843672456575682
0 0.6978571428571428 0.7133995037220844 0.05285714285714286 0.1513647642679901
0 0.5842857142857143 0.6823821339950372 0.037142857142857144 0.17369727047146402
0 0.6464285714285715 0.6550868486352357 0.018571428571428572 0.1687344913151365
0 0.13 0.369727047146402 0.045714285714285714 0.23325062034739455
0 0.39571428571428574 0.3970223325062035 0.07428571428571429 0.19851116625310175
0 0.5407142857142857 0.303970223325062 0.05285714285714286 0.20099255583126552
0 0.5014285714285714 0.27543424317617865 0.054285714285714284 0.19851116625310175
0 0.4357142857142857 0.3027295285359802 0.054285714285714284 0.20843672456575682
0 0.34214285714285714 0.24317617866004962 0.05 0.1935483870967742
0 0.32571428571428573 0.23573200992555832 0.05714285714285714 0.17866004962779156
