0 0.91929 0.36692 0.01286 0.06716
0 0.93357 0.37935 0.01286 0.06219
0 0.85071 0.90174 0.02429 0.12687
0 0.98214 0.90174 0.03571 0.11692
0 0.03 0.68905 0.02571 0.08458
0 0.04643 0.68408 0.01571 0.07463
0 0.45857 0.45398 0.02286 0.08209
0 0.53857 0.42662 0.01714 0.07214
0 0.51714 0.44776 0.02 0.08458
0 0.57357 0.41542 0.01857 0.08458
0 0.575 0.449 0.01571 0.04726
0 0.785 0.42537 0.01571 0.04478
0 0.76071 0.43159 0.01857 0.04726
0 0.71214 0.48507 0.01 0.07463
0 0.98786 0.62189 0.01286 0.08955
0 0.97357 0.60199 0.01571 0.08955
0 0.95786 0.59453 0.01857 0.09453
0 0.75429 0.52736 0.02 0.08955
0 0.78929 0.5398 0.01571 0.0796
0 0.67643 0.80224 0.03286 0.12189
0 0.68 0.80224 0.02 0.08209
0 0.68857 0.50498 0.01714 0.07463
0 0.68786 0.49502 0.01571 0.07463
0 0.535 0.70771 0.02143 0.11692
0 0.53214 0.70647 0.02714 0.0995
