0 0.143 0.87931 0.03 0.08276
0 0.223 0.8569 0.026 0.0931
0 0.275 0.81379 0.026 0.08276
0 0.281 0.78276 0.022 0.11724
0 0.269 0.77069 0.022 0.1
0 0.355 0.78103 0.026 0.1069
0 0.423 0.74655 0.022 0.06552
0 0.429 0.73621 0.022 0.07241
0 0.519 0.72241 0.018 0.05172
0 0.506 0.70345 0.02 0.08276
0 0.54 0.68103 0.024 0.0931
0 0.527 0.67069 0.022 0.08621
0 0.575 0.66379 0.022 0.08621
0 0.63 0.63448 0.024 0.08966
0 0.585 0.60862 0.014 0.07241
0 0.596 0.61034 0.016 0.08276
0 0.733 0.58966 0.018 0.07586
0 0.721 0.58793 0.014 0.07241
0 0.778 0.44138 0.016 0.05517
0 0.797 0.44138 0.018 0.05517
0 0.743 0.3069 0.01 0.02759
