0 0.062142857142857146 0.945273631840796 0.027142857142857142 0.08955223880597014
0 0.21142857142857144 0.8781094527363185 0.03142857142857143 0.07462686567164178
0 0.39 0.7898009950248757 0.02857142857142857 0.06716417910447761
0 0.5064285714285715 0.6579601990049752 0.027142857142857142 0.04228855721393035
0 0.2842857142857143 0.8345771144278606 0.02 0.04228855721393035
0 0.25357142857142856 0.5310945273631841 0.018571428571428572 0.04228855721393035
0 0.25142857142857145 0.572139303482587 0.017142857142857144 0.05970149253731343
0 0.30428571428571427 0.36318407960199006 0.011428571428571429 0.05970149253731343
0 0.2814285714285714 0.25 0.011428571428571429 0.03731343283582089
0 0.485 0.15547263681592038 0.01 0.022388059701492536
0 0.5085714285714286 0.24253731343283583 0.011428571428571429 0.02736318407960199
0 0.5157142857142857 0.14427860696517414 0.008571428571428572 0.03482587064676617
0 0.4907142857142857 0.12189054726368159 0.01 0.03482587064676617
0 0.18214285714285713 0.20398009950248755 0.012857142857142857 0.03482587064676617
0 0.17 0.19527363184079602 0.008571428571428572 0.03731343283582089
0 0.16285714285714287 0.19154228855721392 0.008571428571428572 0.03482587064676617
0 0.2507142857142857 0.09203980099502487 0.012857142857142857 0.01990049751243781
0 0.21071428571428572 0.05721393034825871 0.01 0.01990049751243781
