0 0.285 0.7238805970149254 0.012857142857142857 0.04975124378109453
0 0.31 0.7276119402985075 0.014285714285714285 0.0472636815920398
0 0.32142857142857145 0.7338308457711443 0.014285714285714285 0.04477611940298507
0 0.3385714285714286 0.7350746268656716 0.014285714285714285 0.04228855721393035
0 0.3264285714285714 0.7126865671641791 0.012857142857142857 0.03731343283582089
0 0.3435714285714286 0.7126865671641791 0.015714285714285715 0.0472636815920398
0 0.3464285714285714 0.7276119402985075 0.012857142857142857 0.0472636815920398
0 0.6192857142857143 0.7288557213930348 0.012857142857142857 0.03980099502487562
0 0.43642857142857144 0.49129353233830847 0.012857142857142857 0.0472636815920398
0 0.465 0.486318407960199 0.01 0.04228855721393035
0 0.5092857142857142 0.4228855721393035 0.01 0.024875621890547265
0 0.575 0.3917910447761194 0.007142857142857143 0.03233830845771144
0 0.6092857142857143 0.4253731343283582 0.01 0.03980099502487562
0 0.675 0.2922885572139303 0.007142857142857143 0.02736318407960199
0 0.6742857142857143 0.332089552238806 0.008571428571428572 0.03233830845771144
0 0.7242857142857143 0.23880597014925373 0.005714285714285714 0.029850746268656716
0 0.7285714285714285 0.23880597014925373 0.002857142857142857 0.024875621890547265
0 0.7371428571428571 0.22139303482587064 0.005714285714285714 0.024875621890547265
0 0.745 0.23880597014925373 0.004285714285714286 0.024875621890547265
0 0.5135714285714286 0.8942786069651741 0.015714285714285715 0.07213930348258707
0 0.8428571428571429 0.75 0.014285714285714285 0.05223880597014925
0 0.8514285714285714 0.5335820895522388 0.011428571428571429 0.03731343283582089
