0 0.813 0.9672413793103448 0.014 0.03793103448275862
0 0.828 0.8896551724137931 0.012 0.034482758620689655
0 0.938 0.8896551724137931 0.012 0.034482758620689655
0 0.881 0.7344827586206897 0.01 0.027586206896551724
0 0.905 0.7379310344827587 0.006 0.020689655172413793
0 0.878 0.7137931034482758 0.008 0.020689655172413793
0 0.882 0.6948275862068966 0.008 0.02413793103448276
0 0.827 0.7310344827586207 0.006 0.020689655172413793
0 0.819 0.7189655172413794 0.01 0.02413793103448276
0 0.826 0.7172413793103448 0.008 0.020689655172413793
0 0.873 0.646551724137931 0.01 0.017241379310344827
