0 0.91286 0.97022 0.03714 0.05955
0 0.87071 0.95161 0.04429 0.09677
0 0.82929 0.89702 0.04714 0.12655
0 0.54071 0.75931 0.04143 0.14888
0 0.69357 0.74814 0.04714 0.13151
0 0.45857 0.54963 0.03429 0.12655
0 0.46286 0.47146 0.03429 0.11414
0 0.50643 0.40074 0.02429 0.12655
0 0.60857 0.40074 0.03143 0.11166
0 0.65214 0.45409 0.03 0.11911
0 0.63 0.36476 0.02857 0.11414
0 0.47286 0.2928 0.03143 0.11414
0 0.52071 0.26923 0.02714 0.12655
0 0.38786 0.23697 0.02429 0.11663
0 0.41286 0.19107 0.02571 0.13896
0 0.39357 0.18859 0.02714 0.13896
0 0.78929 0.60174 0.04143 0.17122
0 0.79214 0.58561 0.03286 0.13896
0 0.96214 0.64516 0.04143 0.14888
0 0.98214 0.62531 0.03571 0.13896
0 0.79 0.96774 0.04286 0.06452
0 0.77286 0.94045 0.04286 0.11414
0 0.73571 0.88958 0.04286 0.10174
0 0.68357 0.86973 0.03857 0.10174
0 0.60786 0.68362 0.05857 0.06203
0 0.54571 0.53598 0.04286 0.06452
0 0.54429 0.5 0.03714 0.07196
0 0.55 0.43921 0.04286 0.06948
0 0.96214 0.53102 0.04143 0.0794
0 0.87286 0.54715 0.03429 0.09677
0 0.84429 0.5335 0.03143 0.08933
0 0.81214 0.51489 0.03 0.09677
0 0.79429 0.4665 0.03714 0.08933
0 0.78143 0.44169 0.02857 0.09429
0 0.72929 0.36352 0.03857 0.13648
0 0.57643 0.35608 0.02714 0.14144
0 0.62429 0.22581 0.03143 0.11414
0 0.57357 0.34491 0.02143 0.09926
0 0.715 0.3536 0.03 0.14144
0 0.74714 0.35112 0.03143 0.14144
0 0.695 0.35112 0.03 0.1464
0 0.66214 0.32754 0.03286 0.11414
0 0.65143 0.31017 0.03143 0.13896
0 0.44429 0.04467 0.02 0.08933
