0 0.124 0.3120689655172414 0.012 0.017241379310344827
0 0.132 0.3258620689655172 0.012 0.017241379310344827
0 0.139 0.31724137931034485 0.014 0.013793103448275862
0 0.132 0.30344827586206896 0.016 0.020689655172413793
0 0.094 0.5155172413793103 0.02 0.017241379310344827
0 0.071 0.5482758620689655 0.018 0.013793103448275862
0 0.066 0.5551724137931034 0.016 0.020689655172413793
0 0.066 0.5344827586206896 0.012 0.020689655172413793
0 0.115 0.6224137931034482 0.018 0.02413793103448276
0 0.162 0.5913793103448276 0.012 0.017241379310344827
0 0.159 0.5775862068965517 0.014 0.017241379310344827
0 0.174 0.5344827586206896 0.012 0.013793103448275862
0 0.197 0.5810344827586207 0.014 0.017241379310344827
0 0.208 0.5672413793103448 0.012 0.010344827586206896
0 0.206 0.5586206896551724 0.016 0.013793103448275862
0 0.206 0.5465517241379311 0.016 0.017241379310344827
0 0.219 0.593103448275862 0.018 0.013793103448275862
0 0.253 0.6120689655172413 0.014 0.017241379310344827
0 0.249 0.6068965517241379 0.01 0.013793103448275862
0 0.319 0.5224137931034483 0.018 0.017241379310344827
0 0.314 0.5844827586206897 0.016 0.017241379310344827
0 0.335 0.5689655172413793 0.014 0.020689655172413793
0 0.377 0.5413793103448276 0.014 0.013793103448275862
0 0.389 0.5586206896551724 0.018 0.013793103448275862
0 0.406 0.5517241379310345 0.02 0.020689655172413793
0 0.476 0.5120689655172413 0.016 0.017241379310344827
0 0.525 0.5551724137931034 0.014 0.013793103448275862
0 0.523 0.5362068965517242 0.014 0.017241379310344827
0 0.221 0.696551724137931 0.014 0.020689655172413793
0 0.162 0.653448275862069 0.012 0.017241379310344827
0 0.162 0.6413793103448275 0.016 0.020689655172413793
0 0.183 0.7827586206896552 0.014 0.020689655172413793
0 0.167 0.8189655172413793 0.018 0.02413793103448276
0 0.281 0.7603448275862069 0.01 0.017241379310344827
0 0.3 0.75 0.008 0.02413793103448276
0 0.317 0.7258620689655172 0.018 0.017241379310344827
0 0.308 0.75 0.008 0.017241379310344827
0 0.246 0.9017241379310345 0.016 0.017241379310344827
0 0.209 0.9086206896551724 0.014 0.017241379310344827
0 0.209 0.9568965517241379 0.018 0.02413793103448276
0 0.194 0.9655172413793104 0.012 0.013793103448275862
0 0.178 0.9655172413793104 0.016 0.013793103448275862
0 0.179 0.9844827586206897 0.01 0.010344827586206896
0 0.332 0.9448275862068966 0.012 0.013793103448275862
0 0.381 0.9896551724137931 0.014 0.006896551724137931
0 0.563 0.1413793103448276 0.01 0.013793103448275862
0 0.589 0.13275862068965516 0.01 0.017241379310344827
0 0.599 0.01896551724137931 0.014 0.017241379310344827
0 0.559 0.006896551724137931 0.014 0.013793103448275862
0 0.507 0.015517241379310345 0.01 0.017241379310344827
0 0.568 0.996551724137931 0.012 0.013793103448275862
0 0.542 0.9913793103448276 0.012 0.010344827586206896
0 0.54 0.9827586206896551 0.008 0.013793103448275862
0 0.529 0.9913793103448276 0.01 0.010344827586206896
0 0.473 0.9724137931034482 0.01 0.013793103448275862
0 0.411 0.9775862068965517 0.01 0.017241379310344827
0 0.419 0.9758620689655172 0.01 0.013793103448275862
0 0.458 0.9241379310344827 0.012 0.013793103448275862
0 0.376 0.8862068965517241 0.012 0.013793103448275862
0 0.374 0.8706896551724138 0.008 0.010344827586206896
0 0.377 0.8620689655172413 0.01 0.013793103448275862
0 0.376 0.8413793103448276 0.012 0.013793103448275862
0 0.359 0.8413793103448276 0.01 0.013793103448275862
0 0.356 0.8310344827586207 0.008 0.013793103448275862
0 0.362 0.8155172413793104 0.008 0.010344827586206896
0 0.353 0.7275862068965517 0.014 0.027586206896551724
0 0.396 0.8224137931034483 0.008 0.010344827586206896
0 0.392 0.8155172413793104 0.008 0.010344827586206896
0 0.386 0.7620689655172413 0.012 0.020689655172413793
0 0.374 0.7155172413793104 0.008 0.010344827586206896
0 0.372 0.7224137931034482 0.008 0.010344827586206896
0 0.368 0.7155172413793104 0.008 0.010344827586206896
0 0.363 0.7137931034482758 0.006 0.013793103448275862
0 0.359 0.7120689655172414 0.01 0.010344827586206896
0 0.358 0.7034482758620689 0.008 0.006896551724137931
0 0.357 0.6982758620689655 0.01 0.010344827586206896
0 0.374 0.6310344827586207 0.008 0.013793103448275862
0 0.401 0.6706896551724137 0.006 0.010344827586206896
0 0.405 0.6603448275862069 0.006 0.010344827586206896
0 0.401 0.65 0.006 0.010344827586206896
0 0.415 0.6396551724137931 0.006 0.010344827586206896
0 0.456 0.743103448275862 0.008 0.010344827586206896
0 0.458 0.7637931034482759 0.012 0.017241379310344827
0 0.446 0.8758620689655172 0.012 0.013793103448275862
0 0.436 0.8706896551724138 0.012 0.017241379310344827
0 0.457 0.903448275862069 0.01 0.013793103448275862
0 0.469 0.8724137931034482 0.01 0.013793103448275862
0 0.477 0.8620689655172413 0.01 0.013793103448275862
0 0.474 0.8379310344827586 0.012 0.020689655172413793
0 0.449 0.8137931034482758 0.01 0.013793103448275862
0 0.455 0.7982758620689655 0.01 0.017241379310344827
0 0.437 0.7689655172413793 0.006 0.013793103448275862
0 0.435 0.756896551724138 0.01 0.010344827586206896
0 0.427 0.7413793103448276 0.006 0.013793103448275862
0 0.418 0.7344827586206897 0.012 0.013793103448275862
0 0.412 0.7241379310344828 0.008 0.013793103448275862
0 0.407 0.7172413793103448 0.01 0.013793103448275862
0 0.402 0.7103448275862069 0.008 0.006896551724137931
0 0.401 0.7172413793103448 0.006 0.013793103448275862
0 0.397 0.7189655172413794 0.006 0.010344827586206896
0 0.501 0.7551724137931034 0.01 0.006896551724137931
0 0.543 0.8482758620689655 0.01 0.013793103448275862
0 0.549 0.8310344827586207 0.01 0.013793103448275862
0 0.468 0.8172413793103448 0.012 0.013793103448275862
0 0.479 0.8103448275862069 0.006 0.013793103448275862
0 0.484 0.8086206896551724 0.008 0.010344827586206896
0 0.482 0.8155172413793104 0.008 0.010344827586206896
0 0.498 0.8103448275862069 0.008 0.013793103448275862
0 0.508 0.8068965517241379 0.008 0.013793103448275862
0 0.513 0.8051724137931034 0.01 0.017241379310344827
0 0.52 0.8 0.008 0.013793103448275862
0 0.527 0.7948275862068965 0.01 0.017241379310344827
0 0.53 0.7862068965517242 0.008 0.013793103448275862
0 0.537 0.7810344827586206 0.006 0.010344827586206896
0 0.547 0.7637931034482759 0.01 0.010344827586206896
0 0.549 0.756896551724138 0.01 0.017241379310344827
0 0.553 0.753448275862069 0.01 0.017241379310344827
0 0.578 0.7224137931034482 0.008 0.010344827586206896
0 0.588 0.7086206896551724 0.008 0.017241379310344827
0 0.589 0.7344827586206897 0.006 0.013793103448275862
0 0.579 0.8241379310344827 0.01 0.013793103448275862
0 0.576 0.8068965517241379 0.008 0.013793103448275862
0 0.583 0.8051724137931034 0.01 0.010344827586206896
0 0.598 0.8327586206896552 0.008 0.017241379310344827
0 0.592 0.8241379310344827 0.008 0.013793103448275862
0 0.598 0.8120689655172414 0.008 0.017241379310344827
0 0.607 0.7982758620689655 0.006 0.010344827586206896
0 0.586 0.7810344827586206 0.008 0.010344827586206896
0 0.591 0.7689655172413793 0.01 0.013793103448275862
0 0.597 0.7862068965517242 0.01 0.013793103448275862
0 0.605 0.7793103448275862 0.01 0.013793103448275862
0 0.605 0.7672413793103449 0.006 0.010344827586206896
0 0.613 0.7517241379310344 0.006 0.013793103448275862
0 0.611 0.7448275862068966 0.006 0.013793103448275862
0 0.614 0.7155172413793104 0.008 0.010344827586206896
0 0.613 0.6982758620689655 0.01 0.017241379310344827
0 0.646 0.7258620689655172 0.008 0.010344827586206896
0 0.657 0.7275862068965517 0.006 0.013793103448275862
0 0.663 0.7293103448275862 0.006 0.010344827586206896
0 0.665 0.7379310344827587 0.01 0.013793103448275862
0 0.652 0.7379310344827587 0.008 0.013793103448275862
0 0.646 0.7413793103448276 0.008 0.013793103448275862
0 0.627 0.7827586206896552 0.01 0.020689655172413793
0 0.679 0.8068965517241379 0.01 0.013793103448275862
0 0.664 0.7982758620689655 0.008 0.010344827586206896
0 0.659 0.7948275862068965 0.006 0.010344827586206896
0 0.628 0.8189655172413793 0.008 0.010344827586206896
0 0.636 0.8327586206896552 0.008 0.010344827586206896
0 0.635 0.8224137931034483 0.006 0.010344827586206896
0 0.615 0.8517241379310345 0.006 0.020689655172413793
0 0.618 0.85 0.008 0.010344827586206896
0 0.605 0.8672413793103448 0.006 0.010344827586206896
0 0.612 0.8775862068965518 0.008 0.010344827586206896
0 0.607 0.8810344827586207 0.006 0.010344827586206896
0 0.631 0.9017241379310345 0.006 0.010344827586206896
0 0.626 0.8948275862068965 0.004 0.010344827586206896
0 0.664 0.9689655172413794 0.012 0.013793103448275862
0 0.695 0.9344827586206896 0.006 0.013793103448275862
0 0.684 0.9362068965517242 0.008 0.010344827586206896
0 0.686 0.9396551724137931 0.004 0.010344827586206896
0 0.717 0.8982758620689655 0.01 0.010344827586206896
0 0.818 0.803448275862069 0.008 0.013793103448275862
0 0.783 0.8568965517241379 0.006 0.010344827586206896
0 0.777 0.8620689655172413 0.006 0.006896551724137931
0 0.827 0.8827586206896552 0.006 0.013793103448275862
0 0.807 0.8827586206896552 0.006 0.013793103448275862
0 0.8 0.8862068965517241 0.008 0.013793103448275862
0 0.729 0.9948275862068966 0.01 0.017241379310344827
0 0.218 0.8931034482758621 0.012 0.013793103448275862
0 0.664 0.5586206896551724 0.012 0.013793103448275862
0 0.668 0.5448275862068965 0.012 0.013793103448275862
0 0.685 0.5689655172413793 0.01 0.013793103448275862
0 0.676 0.596551724137931 0.012 0.020689655172413793
0 0.732 0.6137931034482759 0.012 0.013793103448275862
0 0.738 0.5982758620689655 0.008 0.010344827586206896
0 0.745 0.5844827586206897 0.01 0.017241379310344827
0 0.748 0.6068965517241379 0.008 0.013793103448275862
0 0.761 0.6327586206896552 0.01 0.017241379310344827
0 0.785 0.6137931034482759 0.014 0.013793103448275862
0 0.786 0.6017241379310345 0.008 0.017241379310344827
0 0.814 0.5793103448275863 0.008 0.013793103448275862
0 0.824 0.5862068965517241 0.008 0.013793103448275862
0 0.883 0.6103448275862069 0.01 0.013793103448275862
0 0.891 0.6482758620689655 0.01 0.013793103448275862
0 0.89 0.6689655172413793 0.012 0.013793103448275862
0 0.915 0.6655172413793103 0.01 0.013793103448275862
0 0.766 0.7120689655172414 0.012 0.010344827586206896
0 0.76 0.7034482758620689 0.008 0.013793103448275862
0 0.758 0.7137931034482758 0.008 0.013793103448275862
0 0.784 0.6844827586206896 0.008 0.010344827586206896
0 0.791 0.696551724137931 0.01 0.013793103448275862
0 0.798 0.6879310344827586 0.012 0.017241379310344827
0 0.942 0.696551724137931 0.008 0.013793103448275862
0 0.903 0.7017241379310345 0.01 0.017241379310344827
0 0.912 0.7051724137931035 0.008 0.010344827586206896
0 0.912 0.6982758620689655 0.008 0.010344827586206896
0 0.871 0.8155172413793104 0.01 0.017241379310344827
0 0.884 0.7931034482758621 0.008 0.013793103448275862
0 0.891 0.8051724137931034 0.01 0.017241379310344827
0 0.951 0.7706896551724138 0.01 0.017241379310344827
0 0.991 0.6724137931034483 0.01 0.013793103448275862
0 0.99 0.6551724137931034 0.012 0.013793103448275862
0 0.911 0.5896551724137931 0.01 0.013793103448275862
0 0.967 0.8637931034482759 0.006 0.010344827586206896
0 0.944 0.8637931034482759 0.008 0.017241379310344827
0 0.935 0.8810344827586207 0.01 0.017241379310344827
0 0.939 0.9051724137931034 0.01 0.017241379310344827
0 0.898 0.8775862068965518 0.008 0.017241379310344827
0 0.882 0.8879310344827587 0.008 0.010344827586206896
0 0.867 0.8913793103448275 0.01 0.017241379310344827
0 0.86 0.8982758620689655 0.012 0.017241379310344827
0 0.854 0.9017241379310345 0.008 0.017241379310344827
0 0.851 0.9120689655172414 0.006 0.010344827586206896
0 0.838 0.9103448275862069 0.008 0.013793103448275862
0 0.844 0.9258620689655173 0.008 0.010344827586206896
0 0.834 0.9224137931034483 0.012 0.010344827586206896
0 0.868 0.9275862068965517 0.008 0.013793103448275862
0 0.888 0.9258620689655173 0.008 0.010344827586206896
0 0.902 0.9310344827586207 0.012 0.013793103448275862
0 0.925 0.9327586206896552 0.01 0.017241379310344827
0 0.954 0.9396551724137931 0.004 0.010344827586206896
0 0.964 0.906896551724138 0.012 0.020689655172413793
0 0.985 0.8931034482758621 0.01 0.013793103448275862
0 0.975 0.9258620689655173 0.01 0.017241379310344827
0 0.972 0.9810344827586207 0.008 0.017241379310344827
0 0.952 0.9827586206896551 0.016 0.020689655172413793
0 0.921 0.9724137931034482 0.006 0.013793103448275862
0 0.926 0.9913793103448276 0.008 0.010344827586206896
0 0.901 0.9689655172413794 0.006 0.013793103448275862
0 0.893 0.9534482758620689 0.006 0.017241379310344827
0 0.857 0.9379310344827586 0.01 0.013793103448275862
0 0.883 0.9775862068965517 0.01 0.02413793103448276
0 0.866 0.9724137931034482 0.008 0.013793103448275862
0 0.854 0.9568965517241379 0.012 0.017241379310344827
0 0.852 0.9775862068965517 0.012 0.017241379310344827
0 0.831 0.9586206896551724 0.006 0.006896551724137931
0 0.836 0.9793103448275862 0.008 0.020689655172413793
0 0.916 0.3706896551724138 0.008 0.010344827586206896
0 0.906 0.3689655172413793 0.008 0.020689655172413793
0 0.87 0.4586206896551724 0.008 0.013793103448275862
0 0.868 0.47413793103448276 0.012 0.017241379310344827
0 0.885 0.49482758620689654 0.006 0.017241379310344827
0 0.895 0.4982758620689655 0.01 0.017241379310344827
0 0.979 0.33620689655172414 0.01 0.017241379310344827
0 0.985 0.33448275862068966 0.01 0.020689655172413793
0 0.982 0.42931034482758623 0.008 0.010344827586206896
0 0.972 0.43448275862068964 0.008 0.013793103448275862
0 0.913 0.02413793103448276 0.01 0.020689655172413793
0 0.937 0.013793103448275862 0.01 0.020689655172413793
0 0.924 0.01206896551724138 0.012 0.02413793103448276
0 0.034 0.10517241379310345 0.016 0.02413793103448276
0 0.725 0.01206896551724138 0.01 0.02413793103448276
0 0.82 0.022413793103448276 0.016 0.02413793103448276
0 0.748 0.9534482758620689 0.008 0.010344827586206896
0 0.761 0.95 0.01 0.010344827586206896
0 0.764 0.9672413793103448 0.008 0.010344827586206896
0 0.747 0.9672413793103448 0.01 0.010344827586206896
0 0.749 0.9793103448275862 0.01 0.013793103448275862
0 0.742 0.9706896551724138 0.012 0.017241379310344827
0 0.768 0.9258620689655173 0.008 0.010344827586206896
0 0.816 0.903448275862069 0.004 0.013793103448275862
0 0.809 0.903448275862069 0.006 0.013793103448275862
0 0.801 0.903448275862069 0.01 0.013793103448275862
0 0.779 0.9224137931034483 0.01 0.017241379310344827
0 0.77 0.9448275862068966 0.012 0.013793103448275862
0 0.779 0.95 0.01 0.010344827586206896
0 0.788 0.95 0.008 0.010344827586206896
0 0.788 0.9620689655172414 0.008 0.013793103448275862
0 0.782 0.9655172413793104 0.008 0.013793103448275862
0 0.775 0.9655172413793104 0.006 0.006896551724137931
0 0.778 0.9603448275862069 0.008 0.010344827586206896
0 0.763 0.9775862068965517 0.01 0.010344827586206896
0 0.761 0.9982758620689656 0.006 0.010344827586206896
0 0.757 0.9913793103448276 0.01 0.010344827586206896
0 0.793 0.9086206896551724 0.006 0.010344827586206896
0 0.789 0.9120689655172414 0.006 0.010344827586206896
0 0.784 0.9155172413793103 0.008 0.010344827586206896
0 0.783 0.9396551724137931 0.01 0.010344827586206896
0 0.789 0.9310344827586207 0.006 0.013793103448275862
0 0.835 0.9396551724137931 0.006 0.010344827586206896
