0 0.7885714285714286 0.7835820895522388 0.025714285714285714 0.10945273631840796
0 0.7564285714285715 0.8569651741293532 0.041428571428571426 0.11194029850746269
0 0.7407142857142858 0.8768656716417911 0.027142857142857142 0.07213930348258707
0 0.6714285714285714 0.9465174129353234 0.04 0.09701492537313433
0 0.6807142857142857 0.8669154228855721 0.027142857142857142 0.12189054726368159
0 0.675 0.8159203980099502 0.024285714285714285 0.11442786069651742
0 0.3757142857142857 0.8146766169154229 0.02857142857142857 0.12686567164179105
0 0.3485714285714286 0.8917910447761194 0.03142857142857143 0.11691542288557213
0 0.15285714285714286 0.753731343283582 0.03142857142857143 0.11442786069651742
0 0.10285714285714286 0.6567164179104478 0.037142857142857144 0.11442786069651742
0 0.12857142857142856 0.6206467661691543 0.03428571428571429 0.11194029850746269
0 0.03785714285714286 0.458955223880597 0.041428571428571426 0.07711442786069651
0 0.085 0.03855721393034826 0.018571428571428572 0.07213930348258707
0 0.3742857142857143 0.12064676616915423 0.02 0.06716417910447761
0 0.38642857142857145 0.1281094527363184 0.018571428571428572 0.05721393034825871
0 0.5135714285714286 0.21766169154228857 0.024285714285714285 0.08208955223880597
0 0.6507142857142857 0.14054726368159204 0.02142857142857143 0.06218905472636816
0 0.6678571428571428 0.11567164179104478 0.02142857142857143 0.0472636815920398
0 0.69 0.13059701492537312 0.02 0.03731343283582089
0 0.8 0.14427860696517414 0.017142857142857144 0.06467661691542288
0 0.7892857142857143 0.1480099502487562 0.015714285714285715 0.06218905472636816
