0 0.09929 0.08333 0.01571 0.04229
0 0.16714 0.1592 0.01429 0.04975
0 0.15929 0.16045 0.02143 0.05224
0 0.07286 0.16791 0.02286 0.05721
0 0.09786 0.24005 0.01857 0.04726
0 0.03929 0.34577 0.02714 0.0796
0 0.14071 0.42537 0.02714 0.07463
0 0.125 0.43781 0.03 0.08458
0 0.50857 0.04975 0.01143 0.04478
0 0.40286 0.06219 0.01429 0.04478
0 0.38857 0.12687 0.01429 0.04975
0 0.42857 0.28607 0.01429 0.04975
0 0.39643 0.38184 0.01571 0.06716
0 0.28214 0.47886 0.01857 0.09204
0 0.26643 0.48259 0.01857 0.0796
0 0.56357 0.37313 0.01857 0.0398
0 0.58214 0.41169 0.01571 0.03731
0 0.57286 0.42413 0.02 0.08706
0 0.55643 0.44776 0.01571 0.08458
0 0.50143 0.47264 0.02286 0.05473
0 0.42071 0.54851 0.02143 0.10199
0 0.45357 0.5199 0.01857 0.0597
0 0.47571 0.56219 0.02857 0.05473
0 0.48357 0.54851 0.02143 0.04726
0 0.43714 0.54353 0.01714 0.07711
0 0.68071 0.28483 0.01571 0.07711
0 0.66429 0.35697 0.01143 0.07214
0 0.66643 0.39055 0.01286 0.0597
0 0.66214 0.39677 0.01 0.04229
0 0.66929 0.43408 0.01571 0.07214
0 0.66071 0.57587 0.01857 0.10199
0 0.64357 0.52239 0.01571 0.08955
0 0.67857 0.47139 0.01714 0.08209
0 0.64929 0.48383 0.02429 0.05721
0 0.65571 0.44527 0.01714 0.04478
0 0.65571 0.43408 0.02286 0.04229
0 0.57857 0.5199 0.01429 0.04478
0 0.57286 0.51244 0.01429 0.02985
0 0.5 0.61567 0.01714 0.08706
0 0.50429 0.63433 0.02 0.08955
0 0.555 0.65796 0.02429 0.05224
0 0.55786 0.63682 0.02429 0.04975
0 0.54143 0.62065 0.01714 0.06219
0 0.40429 0.62935 0.02857 0.0597
0 0.37214 0.70522 0.02143 0.05224
0 0.365 0.7301 0.03 0.06716
0 0.35643 0.76617 0.03 0.07463
0 0.34571 0.84577 0.02571 0.06468
0 0.33643 0.86194 0.03286 0.06716
0 0.34643 0.99502 0.03 0.0597
0 0.31714 0.88184 0.02857 0.10199
0 0.70143 0.45771 0.01714 0.08458
0 0.81857 0.5398 0.01429 0.09453
0 0.81571 0.49254 0.01429 0.0796
0 0.81071 0.51119 0.01286 0.03731
0 0.77286 0.301 0.01143 0.06965
0 0.79071 0.29353 0.01857 0.08458
0 0.80643 0.29353 0.01286 0.06965
0 0.85571 0.301 0.01429 0.05473
0 0.89571 0.28856 0.01429 0.06965
0 0.93071 0.30597 0.01286 0.02488
0 0.95071 0.29478 0.01571 0.04229
0 0.94714 0.27488 0.01429 0.04726
0 0.98286 0.27612 0.01429 0.04975
0 0.99929 0.28483 0.01571 0.04726
0 0.85929 0.08333 0.01571 0.05721
0 0.89 0.03109 0.02 0.05224
0 0.91571 0.07463 0.01429 0.05473
0 0.93929 0.0995 0.01286 0.0597
0 0.98286 0.14055 0.01143 0.06219
0 0.99929 0.07338 0.01286 0.05721
0 0.97286 0.03358 0.01429 0.05224
0 0.86571 0.99751 0.01714 0.1393
