0 0.60214 0.75746 0.02429 0.09204
0 0.59643 0.7102 0.01571 0.06716
0 0.57286 0.68905 0.01714 0.09453
0 0.71286 0.76119 0.02 0.06965
0 0.65429 0.5908 0.01429 0.08706
0 0.63571 0.59328 0.01714 0.08209
0 0.65571 0.66667 0.01429 0.07463
0 0.63643 0.67413 0.01286 0.0796
0 0.50429 0.56841 0.01143 0.04726
0 0.51143 0.55721 0.01429 0.05473
0 0.73071 0.45896 0.01571 0.05721
0 0.71929 0.62438 0.01571 0.0597
0 0.69143 0.35323 0.01429 0.06468
0 0.78643 0.1306 0.01 0.04726
0 0.95571 0.2301 0.01143 0.05224
0 0.98357 0.06468 0.00714 0.04975
0 0.97429 0.06716 0.00857 0.0398
0 0.78357 0.04478 0.01 0.05473
