0 0.8942857142857142 0.7437810945273632 0.04857142857142857 0.11442786069651742
0 0.9107142857142857 0.05099502487562189 0.02142857142857143 0.06218905472636816
0 0.6178571428571429 0.0236318407960199 0.015714285714285715 0.0472636815920398
0 0.48928571428571427 0.2263681592039801 0.024285714285714285 0.08955223880597014
0 0.45571428571428574 0.24875621890547264 0.022857142857142857 0.0845771144278607
0 0.42428571428571427 0.24875621890547264 0.02 0.07960199004975124
0 0.18642857142857142 0.22512437810945274 0.018571428571428572 0.09701492537313433
0 0.205 0.23756218905472637 0.018571428571428572 0.09203980099502487
0 0.008571428571428572 0.2263681592039801 0.017142857142857144 0.0945273631840796
0 0.04857142857142857 0.5174129353233831 0.02857142857142857 0.11940298507462686
0 0.01 0.5945273631840796 0.02 0.09950248756218906
0 0.1742857142857143 0.677860696517413 0.03428571428571429 0.09203980099502487
