0 0.247 0.9844827586206897 0.058 0.21724137931034482
0 0.288 0.8448275862068966 0.06 0.1103448275862069
0 0.411 0.8844827586206897 0.042 0.09310344827586207
0 0.453 0.8948275862068965 0.062 0.08620689655172414
0 0.568 0.9379310344827586 0.044 0.08275862068965517
0 0.618 0.9586206896551724 0.048 0.0896551724137931
0 0.056 0.9568965517241379 0.052 0.19655172413793104
0 0.103 0.8948275862068965 0.042 0.19655172413793104
0 0.065 0.8810344827586207 0.034 0.16206896551724137
0 0.049 0.7810344827586206 0.018 0.12758620689655173
0 0.016 0.7413793103448276 0.032 0.06206896551724138
0 0.056 0.8672413793103448 0.056 0.1482758620689655
0 0.168 0.8068965517241379 0.08 0.09655172413793103
0 0.14 0.753448275862069 0.028 0.12758620689655173
0 0.364 0.7879310344827586 0.028 0.15517241379310345
0 0.338 0.7741379310344828 0.04 0.1413793103448276
0 0.436 0.7120689655172414 0.028 0.13448275862068965
0 0.544 0.7379310344827587 0.032 0.13793103448275862
0 0.637 0.7310344827586207 0.026 0.12413793103448276
0 0.595 0.7068965517241379 0.038 0.09655172413793103
0 0.574 0.6931034482758621 0.02 0.12413793103448276
0 0.555 0.7258620689655172 0.026 0.12758620689655173
0 0.526 0.7068965517241379 0.024 0.13793103448275862
0 0.651 0.6896551724137931 0.018 0.10344827586206896
0 0.5 0.6258620689655172 0.02 0.04482758620689655
0 0.476 0.6103448275862069 0.02 0.08275862068965517
0 0.428 0.6206896551724138 0.02 0.06206896551724138
0 0.396 0.653448275862069 0.024 0.07931034482758621
0 0.355 0.6586206896551724 0.022 0.06896551724137931
0 0.198 0.7172413793103448 0.032 0.13793103448275862
0 0.217 0.696551724137931 0.026 0.08275862068965517
0 0.183 0.6827586206896552 0.026 0.04827586206896552
0 0.169 0.6586206896551724 0.03 0.034482758620689655
0 0.082 0.6448275862068965 0.02 0.10344827586206896
0 0.183 0.6293103448275862 0.022 0.07241379310344828
0 0.191 0.6068965517241379 0.014 0.0896551724137931
