0 0.918 0.6293103448275862 0.028 0.1
0 0.97 0.9189655172413793 0.032 0.07241379310344828
0 0.397 0.9258620689655173 0.034 0.1413793103448276
0 0.386 0.9655172413793104 0.024 0.06896551724137931
0 0.277 0.9431034482758621 0.042 0.1
0 0.236 0.9224137931034483 0.032 0.12758620689655173
0 0.125 0.7793103448275862 0.03 0.12413793103448276
0 0.451 0.3896551724137931 0.022 0.07586206896551724
0 0.482 0.38275862068965516 0.024 0.04827586206896552
0 0.229 0.49482758620689654 0.026 0.05862068965517241
0 0.877 0.32241379310344825 0.018 0.05172413793103448
0 0.887 0.3310344827586207 0.018 0.06206896551724138
0 0.896 0.19137931034482758 0.016 0.05172413793103448
0 0.888 0.19827586206896552 0.016 0.05172413793103448
0 0.736 0.24310344827586206 0.02 0.07241379310344828
0 0.796 0.1896551724137931 0.012 0.04827586206896552
0 0.92 0.17413793103448275 0.008 0.05172413793103448
0 0.706 0.19137931034482758 0.012 0.05862068965517241
0 0.723 0.12586206896551724 0.01 0.05172413793103448
0 0.732 0.12413793103448276 0.012 0.04827586206896552
0 0.765 0.10344827586206896 0.01 0.041379310344827586
0 0.822 0.12931034482758622 0.016 0.04482758620689655
0 0.937 0.1396551724137931 0.014 0.05172413793103448
0 0.922 0.06206896551724138 0.012 0.041379310344827586
0 0.894 0.020689655172413793 0.012 0.027586206896551724
0 0.859 0.02586206896551724 0.01 0.03793103448275862
0 0.877 0.020689655172413793 0.01 0.027586206896551724
0 0.924 0.017241379310344827 0.012 0.027586206896551724
0 0.659 0.2620689655172414 0.014 0.06206896551724138
0 0.674 0.2827586206896552 0.016 0.041379310344827586
0 0.639 0.3603448275862069 0.03 0.05862068965517241
0 0.707 0.3103448275862069 0.014 0.06896551724137931
0 0.714 0.30689655172413793 0.016 0.04827586206896552
0 0.686 0.27413793103448275 0.016 0.05862068965517241
