0 0.5528571428571428 0.7885572139303483 0.014285714285714285 0.07462686567164178
0 0.5557142857142857 0.7686567164179104 0.008571428571428572 0.03482587064676617
0 0.012857142857142857 0.777363184079602 0.022857142857142857 0.07711442786069651
0 0.31 0.6629353233830846 0.014285714285714285 0.06218905472636816
0 0.3271428571428571 0.6629353233830846 0.017142857142857144 0.06218905472636816
0 0.24642857142857144 0.5808457711442786 0.015714285714285715 0.05721393034825871
0 0.30142857142857143 0.5907960199004975 0.014285714285714285 0.04228855721393035
0 0.31642857142857145 0.5833333333333334 0.015714285714285715 0.05721393034825871
0 0.6028571428571429 0.6380597014925373 0.014285714285714285 0.0472636815920398
0 0.6157142857142858 0.6355721393034826 0.011428571428571429 0.05721393034825871
0 0.625 0.6243781094527363 0.01 0.04975124378109453
0 0.6171428571428571 0.6181592039800995 0.011428571428571429 0.0472636815920398
0 0.8464285714285714 0.5360696517412935 0.01 0.03731343283582089
0 0.8921428571428571 0.44029850746268656 0.01 0.029850746268656716
