0 0.15857142857142856 0.5496277915632755 0.022857142857142857 0.15632754342431762
0 0.175 0.4392059553349876 0.027142857142857142 0.15384615384615385
0 0.19357142857142856 0.4838709677419355 0.024285714285714285 0.15384615384615385
0 0.5742857142857143 0.5570719602977667 0.045714285714285714 0.15632754342431762
0 0.41285714285714287 0.2803970223325062 0.02857142857142857 0.13895781637717122
0 0.45357142857142857 0.23449131513647642 0.03 0.12655086848635236
0 0.46714285714285714 0.2977667493796526 0.03428571428571429 0.1488833746898263
0 0.6821428571428572 0.31389578163771714 0.03571428571428571 0.14640198511166252
0 0.7057142857142857 0.3523573200992556 0.045714285714285714 0.14392059553349876
0 0.7142857142857143 0.3238213399503722 0.037142857142857144 0.16129032258064516
0 0.74 0.3598014888337469 0.037142857142857144 0.13399503722084366
0 0.7328571428571429 0.3349875930521092 0.05142857142857143 0.14392059553349876
0 0.8092857142857143 0.9057071960297767 0.05 0.17369727047146402
0 0.8557142857142858 0.8163771712158809 0.05714285714285714 0.14392059553349876
0 0.8357142857142857 0.4057071960297767 0.05142857142857143 0.16129032258064516
0 0.8357142857142857 0.2555831265508685 0.04 0.1488833746898263
0 0.8635714285714285 0.22704714640198512 0.05857142857142857 0.14640198511166252
0 0.8842857142857142 0.3014888337468983 0.045714285714285714 0.13647642679900746
0 0.91 0.2692307692307692 0.054285714285714284 0.14640198511166252
0 0.6357142857142857 0.17245657568238212 0.037142857142857144 0.1513647642679901
0 0.5864285714285714 0.15384615384615385 0.027142857142857142 0.12903225806451613
0 0.5964285714285714 0.09305210918114144 0.024285714285714285 0.11662531017369727
0 0.7457142857142857 0.09925558312655088 0.04 0.14392059553349876
