0 0.003 0.4068965517241379 0.006 0.020689655172413793
0 0.024 0.4896551724137931 0.008 0.027586206896551724
0 0.06 0.5396551724137931 0.012 0.05172413793103448
0 0.039 0.5431034482758621 0.01 0.03793103448275862
0 0.023 0.5413793103448276 0.01 0.034482758620689655
0 0.007 0.5327586206896552 0.01 0.03793103448275862
0 0.058 0.5793103448275863 0.012 0.05517241379310345
0 0.047 0.603448275862069 0.014 0.041379310344827586
0 0.132 0.6258620689655172 0.012 0.05862068965517241
0 0.222 0.7758620689655172 0.02 0.07586206896551724
0 0.221 0.5810344827586207 0.01 0.05862068965517241
0 0.34 0.75 0.012 0.07241379310344828
0 0.284 0.7879310344827586 0.012 0.06551724137931035
0 0.294 0.7896551724137931 0.016 0.06896551724137931
0 0.304 0.8068965517241379 0.02 0.07586206896551724
0 0.445 0.8327586206896552 0.018 0.05862068965517241
0 0.475 0.8413793103448276 0.018 0.0896551724137931
0 0.488 0.853448275862069 0.012 0.05172413793103448
0 0.5 0.8344827586206897 0.012 0.06206896551724138
0 0.491 0.8275862068965517 0.014 0.06896551724137931
0 0.501 0.8068965517241379 0.018 0.06206896551724138
0 0.753 0.8706896551724138 0.022 0.08620689655172414
0 0.542 0.9482758620689655 0.032 0.06896551724137931
0 0.522 0.9482758620689655 0.028 0.06206896551724138
0 0.61 0.9793103448275862 0.028 0.09655172413793103
0 0.661 0.9982758620689656 0.026 0.07931034482758621
0 0.329 0.8655172413793103 0.026 0.08275862068965517
0 0.359 0.8741379310344828 0.026 0.07931034482758621
0 0.38 0.8637931034482759 0.02 0.07241379310344828
0 0.032 0.7017241379310345 0.012 0.04482758620689655
0 0.029 0.6931034482758621 0.018 0.05517241379310345
0 0.067 0.6741379310344827 0.014 0.04482758620689655
0 0.08 0.7103448275862069 0.016 0.05517241379310345
0 0.039 0.9327586206896552 0.026 0.07931034482758621
0 0.108 0.9051724137931034 0.028 0.09310344827586207
0 0.202 0.8120689655172414 0.024 0.06551724137931035
0 0.196 0.903448275862069 0.02 0.0896551724137931
0 0.188 0.95 0.028 0.07931034482758621
0 0.461 0.7224137931034482 0.018 0.07241379310344828
0 0.471 0.7293103448275862 0.01 0.05172413793103448
0 0.485 0.7275862068965517 0.014 0.07586206896551724
