0 0.6728571428571428 0.34739454094292804 0.02857142857142857 0.08436724565756824
0 0.72 0.6464019851116626 0.05142857142857143 0.1761786600496278
0 0.7664285714285715 0.705955334987593 0.041428571428571426 0.20595533498759305
0 0.8092857142857143 0.7853598014888338 0.03857142857142857 0.18114143920595532
0 0.8471428571428572 0.7903225806451613 0.02857142857142857 0.1662531017369727
0 0.9128571428571428 0.771712158808933 0.04285714285714286 0.1935483870967742
0 0.9528571428571428 0.8424317617866005 0.045714285714285714 0.18610421836228289
0 0.95 0.7468982630272953 0.03428571428571429 0.1141439205955335
0 0.8742857142857143 0.609181141439206 0.045714285714285714 0.11662531017369727
0 0.8957142857142857 0.5918114143920595 0.04285714285714286 0.12158808933002481
