0 0.05357 0.62687 0.04143 0.08955
0 0.04143 0.47886 0.02571 0.08209
0 0.06357 0.47512 0.02429 0.06965
0 0.17857 0.46642 0.02286 0.08706
0 0.22643 0.66791 0.03 0.09204
0 0.26643 0.63433 0.02143 0.08955
0 0.28857 0.6107 0.02571 0.09204
0 0.40643 0.54229 0.02143 0.08955
0 0.27643 0.51244 0.02143 0.10945
0 0.33571 0.43035 0.02571 0.06965
0 0.39714 0.30473 0.02 0.06219
0 0.41143 0.3607 0.01714 0.05473
0 0.74357 0.62935 0.02143 0.08955
0 0.76 0.54104 0.02286 0.08706
0 0.75714 0.52488 0.02 0.05473
0 0.87643 0.5995 0.02143 0.07463
0 0.90143 0.5796 0.02286 0.04975
0 0.70714 0.3097 0.01429 0.06716
0 0.73143 0.27861 0.01714 0.0597
0 0.71357 0.23383 0.01571 0.05473
0 0.61786 0.18159 0.01286 0.05473
0 0.58214 0.47512 0.01571 0.07463
0 0.83 0.15423 0.01714 0.02985
0 0.705 0.09453 0.01 0.04975
0 0.65 0.08085 0.01143 0.04726
0 0.62143 0.02736 0.01143 0.04975
0 0.49571 0.15796 0.01429 0.04229
0 0.45643 0.10075 0.01286 0.05224
0 0.46429 0.09577 0.01143 0.04229
0 0.48286 0.07214 0.01143 0.04975
0 0.67357 0.23259 0.01286 0.02736
