0 0.4878571428571429 0.7425373134328358 0.015714285714285715 0.04228855721393035
0 0.9192857142857143 0.900497512437811 0.012857142857142857 0.07960199004975124
0 0.7335714285714285 0.8569651741293532 0.018571428571428572 0.06716417910447761
0 0.7414285714285714 0.8407960199004975 0.02 0.05970149253731343
0 0.7042857142857143 0.7661691542288557 0.014285714285714285 0.05472636815920398
0 0.715 0.7686567164179104 0.012857142857142857 0.04975124378109453
0 0.9028571428571428 0.8271144278606966 0.02 0.06716417910447761
0 0.8042857142857143 0.7300995024875622 0.011428571428571429 0.05721393034825871
0 0.7992857142857143 0.722636815920398 0.012857142857142857 0.06218905472636816
0 0.9214285714285714 0.7873134328358209 0.017142857142857144 0.05223880597014925
0 0.865 0.6194029850746269 0.012857142857142857 0.03482587064676617
0 0.9557142857142857 0.43781094527363185 0.008571428571428572 0.024875621890547265
0 0.8385714285714285 0.5049751243781094 0.008571428571428572 0.029850746268656716
0 0.8564285714285714 0.48258706467661694 0.007142857142857143 0.029850746268656716
