0 0.22357 0.96891 0.02714 0.10697
0 0.24143 0.94154 0.02857 0.10697
0 0.98429 0.5 0.01429 0.06468
0 0.96357 0.49378 0.01571 0.04726
0 0.94214 0.52861 0.01286 0.06219
0 0.91214 0.53358 0.01 0.05224
0 0.89571 0.53483 0.01143 0.0597
0 0.87929 0.53483 0.01286 0.05473
0 0.86429 0.5398 0.01429 0.0597
0 0.85571 0.53856 0.00857 0.03731
0 0.92214 0.4801 0.01286 0.05473
0 0.89143 0.49751 0.01143 0.0398
0 0.97714 0.34701 0.00571 0.03234
0 0.96643 0.34826 0.00714 0.03483
0 0.83286 0.35448 0.00857 0.03234
0 0.85143 0.3607 0.00857 0.02488
0 0.62929 0.35697 0.00714 0.03234
0 0.62 0.35821 0.01143 0.0398
0 0.60929 0.35945 0.01 0.03234
0 0.58143 0.36443 0.00857 0.03234
0 0.51286 0.38806 0.00857 0.04975
0 0.50214 0.39055 0.01286 0.05473
0 0.28929 0.43035 0.01286 0.0398
0 0.28357 0.47015 0.01857 0.04478
0 0.15357 0.48756 0.01 0.04975
0 0.14286 0.48632 0.00857 0.05721
0 0.12714 0.49627 0.00857 0.06219
0 0.13286 0.47761 0.01714 0.0597
0 0.05929 0.50249 0.01 0.05473
0 0.05286 0.5 0.01143 0.05473
0 0.02571 0.50373 0.01429 0.05224
0 0.07 0.25622 0.00571 0.02488
0 0.05571 0.25498 0.00571 0.02736
0 0.04786 0.25498 0.00429 0.02239
0 0.04214 0.25622 0.00714 0.0199
0 0.03857 0.25746 0.01143 0.02736
