0 0.9 0.7487562189054726 0.014285714285714285 0.0845771144278607
0 0.9407142857142857 0.7487562189054726 0.015714285714285715 0.0845771144278607
0 0.9507142857142857 0.7524875621890548 0.018571428571428572 0.08208955223880597
0 0.7814285714285715 0.4975124378109453 0.014285714285714285 0.06467661691542288
0 0.7978571428571428 0.49129353233830847 0.015714285714285715 0.06716417910447761
0 0.9278571428571428 0.2574626865671642 0.007142857142857143 0.03731343283582089
0 0.8528571428571429 0.27238805970149255 0.008571428571428572 0.04228855721393035
0 0.8414285714285714 0.2798507462686567 0.008571428571428572 0.02736318407960199
0 0.6642857142857143 0.23756218905472637 0.011428571428571429 0.03233830845771144
0 0.6535714285714286 0.3718905472636816 0.012857142857142857 0.05223880597014925
0 0.555 0.36318407960199006 0.012857142857142857 0.04975124378109453
0 0.45357142857142857 0.21641791044776118 0.007142857142857143 0.029850746268656716
0 0.47 0.2126865671641791 0.008571428571428572 0.03731343283582089
0 0.3242857142857143 0.22139303482587064 0.011428571428571429 0.03980099502487562
0 0.32071428571428573 0.2325870646766169 0.01 0.03731343283582089
0 0.2835714285714286 0.19900497512437812 0.012857142857142857 0.03482587064676617
0 0.27 0.21019900497512436 0.011428571428571429 0.04228855721393035
0 0.24928571428571428 0.23507462686567165 0.01 0.04228855721393035
0 0.195 0.32213930348258707 0.018571428571428572 0.03233830845771144
0 0.3557142857142857 0.4291044776119403 0.014285714285714285 0.0472636815920398
0 0.07 0.5447761194029851 0.017142857142857144 0.06467661691542288
0 0.08928571428571429 0.5435323383084577 0.012857142857142857 0.05721393034825871
0 0.07214285714285715 0.5497512437810945 0.018571428571428572 0.05970149253731343
0 0.05357142857142857 0.5534825870646766 0.018571428571428572 0.05721393034825871
0 0.017142857142857144 0.5746268656716418 0.02 0.06965174129353234
0 0.029285714285714286 0.5634328358208955 0.018571428571428572 0.06218905472636816
0 0.02642857142857143 0.5534825870646766 0.012857142857142857 0.07213930348258707
