0 0.231 0.81897 0.026 0.0931
0 0.422 0.9069 0.032 0.11724
0 0.098 0.46034 0.032 0.07931
0 0.133 0.58103 0.034 0.0931
0 0.187 0.57931 0.038 0.10345
0 0.233 0.68276 0.026 0.09655
0 0.228 0.61724 0.028 0.06897
0 0.146 0.49483 0.028 0.07931
0 0.175 0.48621 0.03 0.06207
0 0.233 0.51724 0.014 0.06207
0 0.227 0.48448 0.018 0.06552
0 0.252 0.42241 0.032 0.1
0 0.299 0.43276 0.026 0.1069
0 0.329 0.48793 0.022 0.1
0 0.351 0.48966 0.018 0.08966
0 0.356 0.46552 0.02 0.06897
0 0.394 0.48621 0.028 0.10345
0 0.435 0.48621 0.022 0.10345
0 0.421 0.4431 0.018 0.1069
0 0.472 0.48966 0.024 0.09655
0 0.467 0.43966 0.022 0.1
0 0.39 0.56034 0.016 0.05862
0 0.434 0.55862 0.02 0.06897
0 0.442 0.66552 0.02 0.06897
0 0.474 0.67759 0.02 0.07241
0 0.539 0.67586 0.038 0.09655
0 0.583 0.74655 0.03 0.1069
0 0.407 0.55862 0.014 0.05517
