0 0.355 0.7810344827586206 0.026 0.10689655172413794
0 0.269 0.7724137931034483 0.018 0.09655172413793103
0 0.285 0.7741379310344828 0.014 0.09310344827586207
0 0.424 0.746551724137931 0.02 0.06551724137931035
0 0.43 0.7344827586206897 0.024 0.06896551724137931
0 0.505 0.7034482758620689 0.018 0.08275862068965517
0 0.521 0.7224137931034482 0.014 0.05172413793103448
0 0.529 0.6724137931034483 0.014 0.0896551724137931
0 0.543 0.6793103448275862 0.018 0.08275862068965517
0 0.576 0.6637931034482759 0.016 0.07931034482758621
0 0.631 0.6344827586206897 0.022 0.0896551724137931
0 0.583 0.5844827586206897 0.01 0.03103448275862069
0 0.722 0.5896551724137931 0.012 0.06896551724137931
0 0.735 0.5913793103448276 0.014 0.07241379310344828
0 0.778 0.4413793103448276 0.012 0.05517241379310345
0 0.796 0.44482758620689655 0.016 0.06206896551724138
0 0.79 0.4896551724137931 0.012 0.027586206896551724
0 0.146 0.8810344827586207 0.028 0.08620689655172414
0 0.224 0.8603448275862069 0.024 0.09310344827586207
0 0.274 0.8224137931034483 0.016 0.07931034482758621
