0 0.13642857142857143 0.7350746268656716 0.02142857142857143 0.05721393034825871
0 0.14142857142857143 0.7400497512437811 0.011428571428571429 0.03731343283582089
0 0.24857142857142858 0.8470149253731343 0.014285714285714285 0.06218905472636816
0 0.5178571428571429 0.8893034825870647 0.018571428571428572 0.07711442786069651
0 0.6371428571428571 0.9950248756218906 0.011428571428571429 0.0845771144278607
0 0.6228571428571429 0.9626865671641791 0.014285714285714285 0.07960199004975124
0 0.62 0.9415422885572139 0.014285714285714285 0.06716417910447761
0 0.5814285714285714 0.9676616915422885 0.014285714285714285 0.06467661691542288
0 0.5985714285714285 0.9378109452736318 0.014285714285714285 0.06467661691542288
0 0.54 0.8756218905472637 0.014285714285714285 0.06467661691542288
0 0.55 0.9092039800995025 0.025714285714285714 0.05223880597014925
0 0.08357142857142857 0.48507462686567165 0.01 0.024875621890547265
0 0.085 0.48880597014925375 0.01 0.02736318407960199
0 0.020714285714285713 0.3681592039800995 0.004285714285714286 0.01990049751243781
0 0.03571428571428571 0.3718905472636816 0.005714285714285714 0.012437810945273632
0 0.7828571428571428 0.904228855721393 0.014285714285714285 0.08706467661691543
0 0.7721428571428571 0.8893034825870647 0.015714285714285715 0.08706467661691543
0 0.9185714285714286 0.9241293532338308 0.014285714285714285 0.07213930348258707
0 0.9928571428571429 0.9465174129353234 0.014285714285714285 0.07711442786069651
0 0.7585714285714286 0.9689054726368159 0.014285714285714285 0.05721393034825871
