0 0.24857142857142858 0.7295285359801489 0.03428571428571429 0.05955334987593052
0 0.6057142857142858 0.11538461538461539 0.017142857142857144 0.052109181141439205
0 0.6292857142857143 0.1488833746898263 0.012857142857142857 0.04962779156327544
0 0.6357142857142857 0.12406947890818859 0.014285714285714285 0.04962779156327544
0 0.5392857142857143 0.06823821339950373 0.015714285714285715 0.052109181141439205
0 0.5307142857142857 0.09305210918114144 0.015714285714285715 0.02729528535980149
0 0.5057142857142857 0.06947890818858561 0.014285714285714285 0.02977667493796526
0 0.495 0.06947890818858561 0.015714285714285715 0.034739454094292806
0 0.4835714285714286 0.06947890818858561 0.012857142857142857 0.034739454094292806
0 0.47214285714285714 0.07320099255583126 0.012857142857142857 0.03225806451612903
0 0.45 0.07692307692307693 0.017142857142857144 0.02977667493796526
0 0.5642857142857143 0.09305210918114144 0.014285714285714285 0.03225806451612903
0 0.5007142857142857 0.10794044665012408 0.015714285714285715 0.04218362282878412
0 0.44142857142857145 0.09553349875930521 0.014285714285714285 0.03225806451612903
0 0.43 0.10421836228287841 0.017142857142857144 0.034739454094292806
0 0.4185714285714286 0.10669975186104218 0.017142857142857144 0.034739454094292806
0 0.40714285714285714 0.11166253101736973 0.017142857142857144 0.03970223325062035
0 0.3985714285714286 0.11538461538461539 0.022857142857142857 0.03225806451612903
0 0.4185714285714286 0.052109181141439205 0.014285714285714285 0.04466501240694789
0 0.38 0.06575682382133995 0.014285714285714285 0.052109181141439205
0 0.37714285714285717 0.08560794044665013 0.014285714285714285 0.03225806451612903
0 0.4828571428571429 0.09801488833746898 0.014285714285714285 0.03225806451612903
0 0.38357142857142856 0.13399503722084366 0.012857142857142857 0.034739454094292806
0 0.37642857142857145 0.13771712158808933 0.015714285714285715 0.03722084367245657
0 0.3707142857142857 0.12158808933002481 0.015714285714285715 0.02977667493796526
0 0.3628571428571429 0.08684863523573201 0.014285714285714285 0.02977667493796526
0 0.35 0.08684863523573201 0.014285714285714285 0.034739454094292806
0 0.3314285714285714 0.0794044665012407 0.017142857142857144 0.05459057071960298
0 0.3314285714285714 0.10297766749379653 0.017142857142857144 0.03225806451612903
0 0.3271428571428571 0.10794044665012408 0.014285714285714285 0.03225806451612903
0 0.31214285714285717 0.10669975186104218 0.012857142857142857 0.05459057071960298
0 0.31 0.08933002481389578 0.014285714285714285 0.05459057071960298
0 0.32357142857142857 0.12158808933002481 0.012857142857142857 0.03970223325062035
0 0.36357142857142855 0.13895781637717122 0.015714285714285715 0.02977667493796526
0 0.3535714285714286 0.12406947890818859 0.012857142857142857 0.03970223325062035
0 0.3414285714285714 0.11910669975186104 0.017142857142857144 0.034739454094292806
0 0.34785714285714286 0.13771712158808933 0.018571428571428572 0.03722084367245657
0 0.3357142857142857 0.14392059553349876 0.017142857142857144 0.02977667493796526
0 0.33 0.1761786600496278 0.014285714285714285 0.06947890818858561
0 0.32571428571428573 0.15384615384615385 0.014285714285714285 0.034739454094292806
0 0.31857142857142856 0.1575682382133995 0.017142857142857144 0.03722084367245657
0 0.31142857142857144 0.1674937965260546 0.017142857142857144 0.03225806451612903
0 0.29642857142857143 0.16377171215880892 0.015714285714285715 0.05459057071960298
0 0.28785714285714287 0.1588089330024814 0.018571428571428572 0.04962779156327544
0 0.28714285714285714 0.16997518610421836 0.017142857142857144 0.03722084367245657
0 0.30642857142857144 0.17866004962779156 0.018571428571428572 0.02977667493796526
0 0.30357142857142855 0.184863523573201 0.015714285714285715 0.03225806451612903
0 0.3007142857142857 0.19602977667493796 0.012857142857142857 0.034739454094292806
0 0.29928571428571427 0.20099255583126552 0.012857142857142857 0.02977667493796526
0 0.29642857142857143 0.21215880893300249 0.018571428571428572 0.03225806451612903
0 0.2957142857142857 0.228287841191067 0.02 0.02977667493796526
0 0.28214285714285714 0.2878411910669975 0.018571428571428572 0.034739454094292806
0 0.2757142857142857 0.31141439205955335 0.02 0.03225806451612903
0 0.27071428571428574 0.3238213399503722 0.02142857142857143 0.04218362282878412
0 0.26571428571428574 0.3399503722084367 0.02 0.03970223325062035
0 0.26071428571428573 0.3436724565756824 0.018571428571428572 0.02729528535980149
0 0.26571428571428574 0.3610421836228288 0.022857142857142857 0.03722084367245657
0 0.33285714285714285 0.21464019851116625 0.02 0.05707196029776675
0 0.32785714285714285 0.2456575682382134 0.015714285714285715 0.02977667493796526
0 0.3264285714285714 0.2642679900744417 0.018571428571428572 0.02729528535980149
0 0.3242857142857143 0.2841191066997519 0.02 0.03722084367245657
0 0.31785714285714284 0.3002481389578164 0.018571428571428572 0.03970223325062035
0 0.30357142857142855 0.2990074441687345 0.015714285714285715 0.02729528535980149
0 0.29928571428571427 0.2866004962779156 0.015714285714285715 0.03722084367245657
0 0.295 0.27791563275434245 0.015714285714285715 0.02977667493796526
0 0.30857142857142855 0.3399503722084367 0.017142857142857144 0.034739454094292806
