0 0.37214285714285716 0.1455223880597015 0.018571428571428572 0.08208955223880597
0 0.39 0.1417910447761194 0.011428571428571429 0.05472636815920398
0 0.6021428571428571 0.017412935323383085 0.01 0.03482587064676617
0 0.6107142857142858 0.018656716417910446 0.012857142857142857 0.03731343283582089
0 0.7385714285714285 0.0945273631840796 0.014285714285714285 0.05970149253731343
0 0.7935714285714286 0.09825870646766169 0.012857142857142857 0.05223880597014925
0 0.8 0.10945273631840796 0.017142857142857144 0.04975124378109453
0 0.8335714285714285 0.1256218905472637 0.024285714285714285 0.0472636815920398
0 0.8464285714285714 0.0845771144278607 0.007142857142857143 0.04975124378109453
0 0.8535714285714285 0.08706467661691543 0.01 0.06467661691542288
0 0.8685714285714285 0.08208955223880597 0.014285714285714285 0.07462686567164178
0 0.8807142857142857 0.07462686567164178 0.012857142857142857 0.06467661691542288
0 0.89 0.09203980099502487 0.011428571428571429 0.07462686567164178
0 0.8978571428571429 0.08830845771144279 0.012857142857142857 0.07213930348258707
0 0.9035714285714286 0.4079601990049751 0.024285714285714285 0.11442786069651742
0 0.9635714285714285 0.48880597014925375 0.024285714285714285 0.1318407960199005
0 0.9935714285714285 0.49129353233830847 0.024285714285714285 0.10696517412935323
0 0.99 0.39800995024875624 0.025714285714285714 0.10945273631840796
0 0.9057142857142857 0.7077114427860697 0.02857142857142857 0.11691542288557213
