0 0.5785714285714286 0.18114143920595532 0.045714285714285714 0.1588089330024814
0 0.6421428571428571 0.22580645161290322 0.055714285714285716 0.1687344913151365
0 0.49714285714285716 0.5359801488833746 0.045714285714285714 0.14392059553349876
0 0.5328571428571428 0.5 0.06 0.1662531017369727
0 0.9407142857142857 0.7208436724565757 0.047142857142857146 0.19106699751861042
0 0.845 0.9255583126550868 0.05285714285714286 0.1488833746898263
0 0.8178571428571428 0.6885856079404467 0.03571428571428571 0.19106699751861042
0 0.855 0.5384615384615384 0.047142857142857146 0.08436724565756824
0 0.8657142857142858 0.6277915632754343 0.05714285714285714 0.12903225806451613
0 0.9185714285714286 0.4280397022332506 0.02857142857142857 0.16129032258064516
0 0.9478571428571428 0.4652605459057072 0.03857142857142857 0.17121588089330025
0 0.8914285714285715 0.07196029776674938 0.03142857142857143 0.14392059553349876
0 0.8371428571428572 0.08188585607940446 0.04 0.16377171215880892
