0 0.753 0.04310344827586207 0.022 0.08620689655172414
0 0.542 0.08620689655172414 0.032 0.06896551724137931
0 0.522 0.08620689655172414 0.028 0.06206896551724138
0 0.61 0.11724137931034483 0.028 0.09655172413793103
0 0.661 0.13620689655172413 0.026 0.07931034482758621
0 0.66 0.2103448275862069 0.02 0.07586206896551724
0 0.546 0.22586206896551725 0.028 0.09310344827586207
0 0.502 0.15172413793103448 0.024 0.08275862068965517
0 0.491 0.15344827586206897 0.038 0.07931034482758621
0 0.494 0.7034482758620689 0.048 0.1103448275862069
0 0.444 0.9189655172413793 0.056 0.1482758620689655
0 0.086 0.9362068965517242 0.056 0.12758620689655173
0 0.316 0.44482758620689655 0.032 0.10344827586206896
0 0.228 0.34655172413793106 0.04 0.12758620689655173
0 0.23 0.3413793103448276 0.02 0.0896551724137931
0 0.329 0.041379310344827586 0.026 0.08275862068965517
0 0.359 0.039655172413793106 0.026 0.07931034482758621
0 0.039 0.0706896551724138 0.026 0.07931034482758621
0 0.108 0.04655172413793104 0.028 0.09310344827586207
0 0.196 0.04482758620689655 0.02 0.0896551724137931
0 0.188 0.08793103448275862 0.028 0.07931034482758621
0 0.061 0.21551724137931033 0.03 0.09310344827586207
0 0.062 0.2206896551724138 0.016 0.07586206896551724
0 0.068 0.2293103448275862 0.028 0.08620689655172414
0 0.132 0.1879310344827586 0.032 0.07931034482758621
0 0.218 0.23103448275862068 0.032 0.07586206896551724
0 0.217 0.22413793103448276 0.034 0.10344827586206896
0 0.24 0.16551724137931034 0.028 0.0896551724137931
0 0.241 0.16551724137931034 0.014 0.06206896551724138
