0 0.3092857142857143 0.6753731343283582 0.015714285714285715 0.06716417910447761
0 0.28285714285714286 0.6430348258706468 0.014285714285714285 0.06218905472636816
0 0.29285714285714287 0.736318407960199 0.014285714285714285 0.06965174129353234
0 0.008571428571428572 0.3383084577114428 0.008571428571428572 0.03482587064676617
0 0.04 0.40049751243781095 0.008571428571428572 0.04477611940298507
0 0.04 0.6169154228855721 0.011428571428571429 0.04975124378109453
0 0.04285714285714286 0.2960199004975124 0.008571428571428572 0.03482587064676617
0 0.05071428571428571 0.2972636815920398 0.007142857142857143 0.03233830845771144
0 0.18214285714285713 0.2848258706467662 0.007142857142857143 0.03233830845771144
0 0.18857142857142858 0.2860696517412935 0.005714285714285714 0.029850746268656716
0 0.17142857142857143 0.25 0.005714285714285714 0.017412935323383085
0 0.19642857142857142 0.3345771144278607 0.007142857142857143 0.02736318407960199
