0 0.027142857142857142 0.9193548387096774 0.02857142857142857 0.10173697270471464
0 0.085 0.8200992555831266 0.05285714285714286 0.10173697270471464
0 0.07 0.6923076923076923 0.02 0.05459057071960298
0 0.08785714285714286 0.6662531017369727 0.024285714285714285 0.08684863523573201
0 0.17714285714285713 0.8498759305210918 0.03428571428571429 0.11662531017369727
0 0.3007142857142857 0.901985111662531 0.041428571428571426 0.07692307692307693
0 0.4585714285714286 0.184863523573201 0.025714285714285714 0.09181141439205956
0 0.6307142857142857 0.869727047146402 0.041428571428571426 0.0967741935483871
0 0.7342857142857143 0.825062034739454 0.06 0.08684863523573201
0 0.9007142857142857 0.24689826302729528 0.032857142857142856 0.07692307692307693
0 0.8857142857142857 0.052109181141439205 0.025714285714285714 0.10421836228287841
