0 0.5 0.78483 0.02857 0.04726
0 0.53571 0.77736 0.01714 0.08706
0 0.54214 0.76741 0.01286 0.08706
0 0.05143 0.82836 0.02857 0.09453
0 0.57929 0.93532 0.03 0.0995
0 0.56071 0.90174 0.01857 0.08209
0 0.55 0.91542 0.01429 0.06965
0 0.53643 0.9204 0.02714 0.11443
0 0.16214 0.5908 0.03 0.08209
0 0.19357 0.59453 0.02143 0.08458
0 0.23857 0.83333 0.02571 0.09453
0 0.11643 0.69652 0.02143 0.0796
0 0.36214 0.23756 0.01286 0.04726
0 0.39571 0.29851 0.01429 0.0597
0 0.40714 0.29229 0.01143 0.06716
0 0.00571 0.58582 0.01143 0.06716
0 0.18143 0.37935 0.01429 0.07711
0 0.205 0.4005 0.01286 0.06468
0 0.215 0.40547 0.01 0.05473
0 0.26214 0.39303 0.01286 0.06468
0 0.22857 0.58333 0.02 0.07711
0 0.31357 0.4092 0.01571 0.07711
0 0.32714 0.40672 0.01714 0.07214
0 0.00857 0.21517 0.01429 0.03731
0 0.35571 0.39552 0.00857 0.0597
0 0.21786 0.09701 0.00714 0.0398
0 0.22143 0.10075 0.00857 0.03234
0 0.22929 0.05846 0.01 0.04726
