0 0.4471428571428571 0.6488833746898263 0.025714285714285714 0.052109181141439205
0 0.6714285714285714 0.5297766749379652 0.02 0.062034739454094295
0 0.5307142857142857 0.46029776674937967 0.018571428571428572 0.04714640198511166
0 0.26785714285714285 0.3746898263027295 0.02142857142857143 0.04466501240694789
0 0.31285714285714283 0.37965260545905705 0.022857142857142857 0.06947890818858561
0 0.325 0.34987593052109184 0.018571428571428572 0.07444168734491315
0 0.3385714285714286 0.33126550868486354 0.011428571428571429 0.03722084367245657
0 0.36142857142857143 0.34863523573200994 0.014285714285714285 0.062034739454094295
0 0.3964285714285714 0.1662531017369727 0.015714285714285715 0.06451612903225806
0 0.705 0.10173697270471464 0.015714285714285715 0.04466501240694789
