0 0.7292857142857143 0.1674937965260546 0.018571428571428572 0.12655086848635236
0 0.7028571428571428 0.1575682382133995 0.017142857142857144 0.052109181141439205
0 0.6785714285714286 0.16501240694789082 0.02 0.10669975186104218
0 0.6564285714285715 0.15384615384615385 0.015714285714285715 0.08436724565756824
0 0.6464285714285715 0.14516129032258066 0.012857142857142857 0.07196029776674938
0 0.5264285714285715 0.07816377171215881 0.02142857142857143 0.09181141439205956
0 0.5421428571428571 0.05334987593052109 0.015714285714285715 0.08684863523573201
0 0.5521428571428572 0.0707196029776675 0.015714285714285715 0.0967741935483871
0 0.5792857142857143 0.05086848635235732 0.015714285714285715 0.10173697270471464
0 0.5707142857142857 0.05583126550868486 0.012857142857142857 0.11166253101736973
0 0.6057142857142858 0.05459057071960298 0.02 0.10918114143920596
0 0.6285714285714286 0.0707196029776675 0.022857142857142857 0.07196029776674938
0 0.6435714285714286 0.0967741935483871 0.015714285714285715 0.06451612903225806
0 0.6585714285714286 0.11042183622828784 0.014285714285714285 0.06699751861042183
0 0.32071428571428573 0.10297766749379653 0.02142857142857143 0.07196029776674938
