0 0.092 0.24482758620689654 0.056 0.18620689655172415
0 0.245 0.2189655172413793 0.054 0.1896551724137931
0 0.419 0.23620689655172414 0.062 0.1413793103448276
0 0.56 0.20862068965517241 0.076 0.16206896551724137
0 0.638 0.40344827586206894 0.076 0.14482758620689656
0 0.711 0.46379310344827585 0.086 0.1206896551724138
0 0.685 0.20172413793103447 0.078 0.16896551724137931
0 0.951 0.44655172413793104 0.098 0.1413793103448276
0 0.908 0.32068965517241377 0.1 0.14482758620689656
0 0.846 0.17758620689655172 0.116 0.15517241379310345
