0 0.765 0.81965 0.03 0.13682
0 0.17929 0.2301 0.04714 0.10199
0 0.20357 0.11816 0.03571 0.10199
0 0.26 0.10323 0.03714 0.09701
0 0.27357 0.23134 0.03857 0.09453
0 0.36714 0.199 0.02857 0.10945
0 0.46429 0.23881 0.02571 0.10448
0 0.49143 0.32711 0.02571 0.10199
0 0.46571 0.40299 0.02286 0.05473
0 0.45214 0.35323 0.03 0.0597
0 0.45214 0.30224 0.01286 0.03731
0 0.44714 0.31716 0.02 0.05224
0 0.58071 0.3408 0.02714 0.0597
0 0.60929 0.33333 0.02143 0.06468
0 0.665 0.35697 0.02143 0.07711
0 0.64214 0.27612 0.01857 0.10448
0 0.66571 0.24502 0.02 0.09204
0 0.64857 0.2102 0.01714 0.07711
0 0.63143 0.22512 0.01714 0.06716
0 0.74071 0.18905 0.02429 0.0995
0 0.84357 0.18781 0.01571 0.10697
0 0.87143 0.18905 0.02286 0.09453
0 0.88071 0.14303 0.02429 0.09204
0 0.01714 0.30348 0.03429 0.10448
0 0.79643 0.06716 0.03 0.0995
0 0.89 0.04726 0.02571 0.08458
0 0.92071 0.10199 0.02143 0.0995
0 0.22571 0.8097 0.03143 0.05224
0 0.15 0.54726 0.03143 0.0796
