0 0.2664285714285714 0.031017369727047148 0.018571428571428572 0.062034739454094295
0 0.2985714285714286 0.052109181141439205 0.014285714285714285 0.06947890818858561
0 0.34 0.031017369727047148 0.011428571428571429 0.05707196029776675
0 0.3985714285714286 0.05459057071960298 0.011428571428571429 0.05955334987593052
0 0.4085714285714286 0.05831265508684864 0.008571428571428572 0.05707196029776675
0 0.3607142857142857 0.5086848635235732 0.015714285714285715 0.07444168734491315
0 0.3707142857142857 0.5062034739454094 0.015714285714285715 0.08933002481389578
0 0.26785714285714285 0.3076923076923077 0.018571428571428572 0.08436724565756824
0 0.29285714285714287 0.228287841191067 0.014285714285714285 0.05459057071960298
0 0.26142857142857145 0.18114143920595532 0.011428571428571429 0.06451612903225806
0 0.32071428571428573 0.23573200992555832 0.012857142857142857 0.05955334987593052
0 0.32285714285714284 0.32754342431761785 0.014285714285714285 0.06947890818858561
0 0.3342857142857143 0.33126550868486354 0.011428571428571429 0.062034739454094295
0 0.355 0.3362282878411911 0.015714285714285715 0.08188585607940446
0 0.36 0.3424317617866005 0.011428571428571429 0.08933002481389578
0 0.42142857142857143 0.3598014888337469 0.022857142857142857 0.08933002481389578
0 0.3942857142857143 0.25930521091811415 0.014285714285714285 0.07196029776674938
0 0.40714285714285714 0.2617866004962779 0.011428571428571429 0.07196029776674938
0 0.4307142857142857 0.2977667493796526 0.018571428571428572 0.0794044665012407
0 0.9192857142857143 0.7568238213399504 0.024285714285714285 0.10918114143920596
0 0.6021428571428571 0.7456575682382134 0.03 0.09181141439205956
0 0.6828571428571428 0.7084367245657568 0.02857142857142857 0.07692307692307693
0 0.5228571428571429 0.56575682382134 0.025714285714285714 0.06947890818858561
0 0.6521428571428571 0.4627791563275434 0.02142857142857143 0.09181141439205956
0 0.5935714285714285 0.27791563275434245 0.018571428571428572 0.07444168734491315
0 0.6064285714285714 0.2853598014888337 0.012857142857142857 0.06947890818858561
0 0.6142857142857143 0.2803970223325062 0.014285714285714285 0.06451612903225806
0 0.46785714285714286 0.4044665012406948 0.018571428571428572 0.05955334987593052
0 0.495 0.3337468982630273 0.018571428571428572 0.052109181141439205
0 0.42714285714285716 0.22580645161290322 0.014285714285714285 0.06947890818858561
0 0.44142857142857145 0.22456575682382135 0.014285714285714285 0.07692307692307693
0 0.5214285714285715 0.12655086848635236 0.011428571428571429 0.05955334987593052
0 0.4185714285714286 0.18362282878411912 0.014285714285714285 0.05955334987593052
0 0.4135714285714286 0.15384615384615385 0.015714285714285715 0.05955334987593052
0 0.4357142857142857 0.15384615384615385 0.011428571428571429 0.05459057071960298
0 0.4257142857142857 0.15260545905707196 0.011428571428571429 0.062034739454094295
0 0.4007142857142857 0.1228287841191067 0.012857142857142857 0.062034739454094295
0 0.5214285714285715 0.16129032258064516 0.011428571428571429 0.04962779156327544
0 0.5307142857142857 0.1588089330024814 0.012857142857142857 0.05955334987593052
0 0.5364285714285715 0.1674937965260546 0.012857142857142857 0.05707196029776675
