0 0.73357 0.66501 0.02714 0.12407
0 0.37429 0.37221 0.01714 0.11414
0 0.80571 0.48635 0.03429 0.11414
0 0.77143 0.32258 0.02571 0.12407
0 0.96429 0.55087 0.03429 0.12903
0 0.94714 0.33871 0.03143 0.11166
0 0.91571 0.27295 0.02286 0.12903
0 0.54071 0.14392 0.02429 0.09429
0 0.54929 0.17742 0.01571 0.08685
0 0.84071 0.36476 0.02714 0.11911
0 0.895 0.39454 0.02143 0.134
0 0.96643 0.18859 0.03 0.10422
0 0.87714 0.13275 0.02571 0.11663
0 0.70214 0.54715 0.03571 0.18114
0 0.66071 0.56079 0.03 0.12903
