0 0.137 0.5982758620689655 0.014 0.03793103448275862
0 0.171 0.6258620689655172 0.01 0.03793103448275862
0 0.131 0.6758620689655173 0.014 0.041379310344827586
0 0.129 0.6775862068965517 0.014 0.04482758620689655
0 0.189 0.6810344827586207 0.01 0.03793103448275862
0 0.195 0.6793103448275862 0.01 0.05517241379310345
0 0.084 0.7189655172413794 0.016 0.05172413793103448
0 0.16 0.7741379310344828 0.016 0.05862068965517241
0 0.159 0.8275862068965517 0.018 0.05517241379310345
0 0.16 0.8379310344827586 0.016 0.04827586206896552
0 0.193 0.7724137931034483 0.014 0.06896551724137931
0 0.21 0.7603448275862069 0.016 0.05862068965517241
