0 0.43929 0.866 0.05286 0.23325
0 0.49429 0.84739 0.07429 0.24566
0 0.06929 0.34491 0.10143 0.20347
0 0.445 0.2866 0.06429 0.22084
0 0.43143 0.08189 0.04286 0.16377
0 0.61786 0.6067 0.07857 0.23573
0 0.64643 0.5732 0.06714 0.21836
0 0.72929 0.49132 0.05286 0.19851
0 0.77286 0.51985 0.04857 0.24069
0 0.76929 0.50248 0.04714 0.12655
0 0.84 0.5335 0.04 0.23325
0 0.80857 0.49876 0.03714 0.2134
0 0.99929 0.36228 0.04714 0.19355
0 0.89357 0.38089 0.04143 0.22581
0 0.95714 0.32506 0.03143 0.19851
0 0.92714 0.33499 0.04286 0.18859
0 0.72857 0.36476 0.04571 0.15881
0 0.76214 0.3871 0.04143 0.15881
0 0.80786 0.40199 0.04714 0.14888
0 0.54857 0.14764 0.05429 0.21092
0 0.595 0.17122 0.05 0.19355
0 0.61643 0.24318 0.04714 0.19851
0 0.66429 0.20596 0.04286 0.18362
0 0.71286 0.21092 0.04 0.19851
0 0.75286 0.17742 0.03429 0.17122
0 0.77286 0.17122 0.03143 0.14888
0 0.805 0.3139 0.03857 0.1464
0 0.77143 0.2928 0.03714 0.16377
0 0.83214 0.24194 0.03571 0.17618
0 0.80286 0.22333 0.04286 0.15385
0 0.80714 0.16501 0.04571 0.10174
0 0.87714 0.12903 0.04571 0.10422
0 0.86929 0.14268 0.02714 0.07692
0 0.97714 0.18238 0.04571 0.11663
0 0.97 0.1067 0.05143 0.12903
0 0.85143 0.27667 0.04286 0.17618
0 0.88429 0.30397 0.04286 0.21588
0 0.92071 0.1799 0.03286 0.08189
0 0.04143 0.72705 0.08286 0.23325
