0 0.36714285714285716 0.7549751243781094 0.017142857142857144 0.03233830845771144
0 0.38 0.75 0.011428571428571429 0.022388059701492536
0 0.5307142857142857 0.5945273631840796 0.018571428571428572 0.029850746268656716
0 0.48714285714285716 0.39676616915422885 0.011428571428571429 0.022388059701492536
0 0.4642857142857143 0.40298507462686567 0.017142857142857144 0.029850746268656716
0 0.45285714285714285 0.42039800995024873 0.02 0.024875621890547265
0 0.4564285714285714 0.4116915422885572 0.02142857142857143 0.03233830845771144
0 0.42714285714285716 0.3743781094527363 0.011428571428571429 0.02736318407960199
0 0.6207142857142857 0.13308457711442787 0.012857142857142857 0.03731343283582089
0 0.5964285714285714 0.13059701492537312 0.012857142857142857 0.03731343283582089
0 0.6071428571428571 0.1417910447761194 0.014285714285714285 0.024875621890547265
0 0.7328571428571429 0.20398009950248755 0.014285714285714285 0.03482587064676617
0 0.7564285714285715 0.19527363184079602 0.015714285714285715 0.03233830845771144
