0 0.2571428571428571 0.8109452736318408 0.025714285714285714 0.07960199004975124
0 0.49857142857142855 0.7400497512437811 0.022857142857142857 0.05721393034825871
0 0.5135714285714286 0.7761194029850746 0.018571428571428572 0.0845771144278607
0 0.8392857142857143 0.7375621890547264 0.018571428571428572 0.07213930348258707
0 0.9814285714285714 0.6119402985074627 0.017142857142857144 0.0845771144278607
0 0.9492857142857143 0.5298507462686567 0.018571428571428572 0.05472636815920398
0 0.7521428571428571 0.3855721393034826 0.015714285714285715 0.06467661691542288
0 0.74 0.17164179104477612 0.011428571428571429 0.04477611940298507
0 0.7842857142857143 0.12935323383084577 0.008571428571428572 0.03482587064676617
0 0.8721428571428571 0.4925373134328358 0.012857142857142857 0.03980099502487562
0 0.8707142857142857 0.4937810945273632 0.012857142857142857 0.05721393034825871
0 0.9442857142857143 0.03855721393034826 0.008571428571428572 0.02736318407960199
