0 0.64929 0.3296 0.01 0.05224
0 0.68286 0.45896 0.01429 0.07214
0 0.66357 0.56219 0.01571 0.08955
0 0.75 0.59577 0.02571 0.07711
0 0.80571 0.95771 0.02571 0.0995
0 0.82357 0.95771 0.03286 0.1194
0 0.64571 0.64552 0.02286 0.09204
0 0.52214 0.8893 0.03286 0.12687
0 0.58929 0.69776 0.03286 0.10199
0 0.45929 0.80721 0.03286 0.11194
0 0.44286 0.82214 0.02857 0.10199
0 0.63643 0.54104 0.01286 0.08209
0 0.62214 0.54851 0.01286 0.08209
0 0.62857 0.56095 0.01429 0.08706
0 0.39214 0.36318 0.01286 0.0597
0 0.43286 0.4005 0.01429 0.06468
0 0.47071 0.39677 0.01 0.05224
0 0.46429 0.39303 0.01429 0.04975
0 0.39714 0.72264 0.02 0.10697
0 0.40286 0.62935 0.02286 0.10448
0 0.43714 0.6505 0.01429 0.08706
0 0.42714 0.62065 0.02286 0.10199
0 0.10429 0.88433 0.04571 0.13184
0 0.13214 0.80597 0.03286 0.10945
0 0.12714 0.84204 0.03143 0.12687
0 0.13071 0.81592 0.01857 0.06965
0 0.01929 0.55473 0.02714 0.09453
0 0.06357 0.57214 0.01857 0.08458
0 0.07357 0.5597 0.01857 0.08955
0 0.10286 0.551 0.01714 0.09204
0 0.19 0.47264 0.01714 0.04975
0 0.16 0.47761 0.02286 0.04975
0 0.13357 0.49005 0.01571 0.04478
0 0.12143 0.48756 0.02286 0.04975
0 0.17714 0.54353 0.02 0.08706
0 0.04714 0.2301 0.02571 0.05224
0 0.14857 0.21642 0.01429 0.0597
0 0.10857 0.21766 0.01429 0.06219
0 0.07786 0.22512 0.02143 0.06219
0 0.09714 0.22139 0.02 0.06468
