0 0.9871428571428571 0.9875621890547264 0.025714285714285714 0.12935323383084577
0 0.2714285714285714 0.9950248756218906 0.03428571428571429 0.12437810945273632
0 0.3007142857142857 0.9689054726368159 0.04428571428571428 0.13681592039800994
0 0.7271428571428571 0.7910447761194029 0.022857142857142857 0.10945273631840796
0 0.71 0.7922885572139303 0.03142857142857143 0.11691542288557213
0 0.6771428571428572 0.7524875621890548 0.03428571428571429 0.11691542288557213
0 0.5428571428571428 0.6716417910447762 0.025714285714285714 0.10945273631840796
0 0.5992857142857143 0.6853233830845771 0.02142857142857143 0.09701492537313433
0 0.6092857142857143 0.7189054726368159 0.024285714285714285 0.1044776119402985
0 0.5421428571428571 0.0236318407960199 0.018571428571428572 0.0472636815920398
0 0.5314285714285715 0.02736318407960199 0.022857142857142857 0.05472636815920398
0 0.38142857142857145 0.650497512437811 0.03142857142857143 0.10199004975124377
0 0.35714285714285715 0.6318407960199005 0.025714285714285714 0.11940298507462686
0 0.31285714285714283 0.6206467661691543 0.011428571428571429 0.07213930348258707
0 0.08285714285714285 0.45149253731343286 0.02857142857142857 0.07213930348258707
0 0.2057142857142857 0.3706467661691542 0.017142857142857144 0.08955223880597014
0 0.29928571428571427 0.4054726368159204 0.02142857142857143 0.09950248756218906
