0 0.6742857142857143 0.5286069651741293 0.022857142857142857 0.07213930348258707
0 0.35928571428571426 0.6517412935323383 0.03 0.0945273631840796
0 0.7957142857142857 0.27487562189054726 0.008571428571428572 0.05223880597014925
0 0.8264285714285714 0.277363184079602 0.01 0.05223880597014925
0 0.7414285714285714 0.2798507462686567 0.008571428571428572 0.04228855721393035
0 0.7364285714285714 0.277363184079602 0.01 0.0472636815920398
0 0.3314285714285714 0.32338308457711445 0.014285714285714285 0.05472636815920398
0 0.2557142857142857 0.20024875621890548 0.008571428571428572 0.03233830845771144
0 0.95 0.1865671641791045 0.008571428571428572 0.03482587064676617
0 0.48928571428571427 0.12935323383084577 0.007142857142857143 0.024875621890547265
0 0.4092857142857143 0.060945273631840796 0.004285714285714286 0.017412935323383085
