0 0.2764285714285714 0.21339950372208435 0.01 0.034739454094292806
0 0.21928571428571428 0.21339950372208435 0.012857142857142857 0.04962779156327544
0 0.4521428571428571 0.3684863523573201 0.01 0.062034739454094295
0 0.8428571428571429 0.2816377171215881 0.014285714285714285 0.04218362282878412
0 0.9507142857142857 0.1488833746898263 0.012857142857142857 0.04466501240694789
0 0.25214285714285717 0.13771712158808933 0.01 0.04218362282878412
0 0.26071428571428573 0.14392059553349876 0.01 0.03970223325062035
0 0.27071428571428574 0.14267990074441686 0.01 0.04218362282878412
0 0.21142857142857144 0.21464019851116625 0.008571428571428572 0.04218362282878412
0 0.19857142857142857 0.12406947890818859 0.011428571428571429 0.02481389578163772
0 0.1757142857142857 0.019851116625310174 0.008571428571428572 0.02481389578163772
0 0.3942857142857143 0.33002481389578164 0.014285714285714285 0.034739454094292806
0 0.42642857142857143 0.3362282878411911 0.01 0.05707196029776675
