0 0.9485714285714286 0.9292803970223326 0.045714285714285714 0.12655086848635236
0 0.6978571428571428 0.8647642679900744 0.027142857142857142 0.12655086848635236
0 0.6607142857142857 0.8560794044665012 0.032857142857142856 0.14392059553349876
0 0.4992857142857143 0.7320099255583127 0.03571428571428571 0.12903225806451613
0 0.5678571428571428 0.6352357320099256 0.027142857142857142 0.12406947890818859
0 0.5171428571428571 0.6327543424317618 0.03142857142857143 0.09925558312655088
0 0.9021428571428571 0.7009925558312655 0.03 0.12655086848635236
0 0.7607142857142857 0.6203473945409429 0.027142857142857142 0.05955334987593052
0 0.6678571428571428 0.652605459057072 0.03 0.0794044665012407
0 0.7142857142857143 0.6042183622828784 0.02857142857142857 0.10173697270471464
0 0.6821428571428572 0.5632754342431762 0.032857142857142856 0.09925558312655088
0 0.5728571428571428 0.45533498759305213 0.025714285714285714 0.08684863523573201
0 0.9542857142857143 0.5186104218362283 0.02 0.1141439205955335
0 0.9278571428571428 0.47022332506203474 0.03 0.10173697270471464
0 0.8857142857142857 0.47890818858560796 0.022857142857142857 0.10918114143920596
0 0.8757142857142857 0.4652605459057072 0.022857142857142857 0.10669975186104218
0 0.8464285714285714 0.3945409429280397 0.02142857142857143 0.09925558312655088
0 0.8721428571428571 0.2866004962779156 0.02142857142857143 0.08684863523573201
0 0.8157142857142857 0.445409429280397 0.022857142857142857 0.10173697270471464
0 0.5321428571428571 0.2903225806451613 0.018571428571428572 0.09925558312655088
0 0.5485714285714286 0.2816377171215881 0.02 0.09181141439205956
0 0.6421428571428571 0.3511166253101737 0.015714285714285715 0.09181141439205956
0 0.6907142857142857 0.38461538461538464 0.02142857142857143 0.09925558312655088
0 0.7421428571428571 0.41687344913151364 0.02142857142857143 0.08933002481389578
0 0.7542857142857143 0.41563275434243174 0.025714285714285714 0.0967741935483871
0 0.775 0.4230769230769231 0.012857142857142857 0.09181141439205956
0 0.7935714285714286 0.4627791563275434 0.018571428571428572 0.08188585607940446
0 0.7842857142857143 0.45037220843672454 0.017142857142857144 0.0967741935483871
0 0.7978571428571428 0.34615384615384615 0.02142857142857143 0.0967741935483871
0 0.7742857142857142 0.3387096774193548 0.02 0.09181141439205956
0 0.7492857142857143 0.3436724565756824 0.02142857142857143 0.10173697270471464
0 0.65 0.25682382133995035 0.02 0.05707196029776675
0 0.78 0.13027295285359802 0.017142857142857144 0.07692307692307693
0 0.7607142857142857 0.12158808933002481 0.02142857142857143 0.0794044665012407
0 0.7292857142857143 0.06947890818858561 0.012857142857142857 0.06947890818858561
0 0.7171428571428572 0.0707196029776675 0.02 0.06699751861042183
0 0.6985714285714286 0.10297766749379653 0.017142857142857144 0.08188585607940446
0 0.6814285714285714 0.062034739454094295 0.017142857142857144 0.06947890818858561
0 0.6678571428571428 0.05459057071960298 0.012857142857142857 0.06947890818858561
0 0.6535714285714286 0.05707196029776675 0.015714285714285715 0.06451612903225806
0 0.6457142857142857 0.038461538461538464 0.014285714285714285 0.06699751861042183
0 0.8571428571428571 0.03598014888337469 0.017142857142857144 0.07196029776674938
0 0.8385714285714285 0.031017369727047148 0.014285714285714285 0.062034739454094295
0 0.82 0.02977667493796526 0.014285714285714285 0.05955334987593052
0 0.5278571428571428 0.06575682382133995 0.024285714285714285 0.04218362282878412
0 0.12357142857142857 0.03598014888337469 0.015714285714285715 0.03722084367245657
