0 0.22357 0.05831 0.01571 0.05211
0 0.36643 0.07196 0.01571 0.06452
0 0.38071 0.04218 0.01286 0.05955
0 0.37929 0.08313 0.01571 0.05707
0 0.38 0.13151 0.01714 0.06948
0 0.47286 0.02978 0.01714 0.05955
0 0.42643 0.07816 0.01286 0.05707
0 0.43571 0.07816 0.01143 0.06203
0 0.41214 0.14144 0.01571 0.04963
0 0.43429 0.13524 0.01429 0.05211
0 0.445 0.23201 0.01857 0.05707
0 0.57357 0.1737 0.01571 0.06948
0 0.63429 0.21588 0.01429 0.07444
0 0.55571 0.29032 0.02 0.05955
0 0.54714 0.29032 0.01714 0.04467
0 0.66071 0.36228 0.02143 0.08437
0 0.68714 0.37469 0.01714 0.08933
0 0.69571 0.36104 0.01714 0.1067
0 0.76429 0.41563 0.02571 0.10174
0 0.785 0.41811 0.02714 0.09181
0 0.60786 0.36973 0.02714 0.05459
0 0.585 0.37717 0.02143 0.0794
0 0.57786 0.41439 0.01857 0.09429
0 0.49214 0.37593 0.02143 0.07692
0 0.46214 0.41811 0.02143 0.08189
0 0.45714 0.51737 0.02286 0.10174
0 0.54143 0.4938 0.02857 0.06452
0 0.57429 0.67618 0.02571 0.10174
0 0.66929 0.70471 0.03571 0.08437
0 0.86143 0.62159 0.03143 0.1067
0 0.89786 0.64764 0.03857 0.12407
0 0.92571 0.65509 0.02571 0.11911
0 0.90857 0.58065 0.03143 0.09926
0 0.745 0.73325 0.03286 0.12655
0 0.92071 0.8263 0.03571 0.09429
0 0.745 0.87469 0.03857 0.09677
0 0.48643 0.89578 0.03857 0.12903
0 0.59286 0.933 0.03714 0.134
0 0.70214 0.95161 0.04143 0.09677
0 0.74214 0.96402 0.03857 0.07196
