0 0.44642857142857145 0.6691542288557214 0.018571428571428572 0.07960199004975124
0 0.3092857142857143 0.1927860696517413 0.007142857142857143 0.04228855721393035
0 0.31142857142857144 0.08955223880597014 0.005714285714285714 0.03980099502487562
0 0.16214285714285714 0.03109452736318408 0.007142857142857143 0.03233830845771144
0 0.1707142857142857 0.05845771144278607 0.007142857142857143 0.03731343283582089
0 0.08857142857142856 0.20024875621890548 0.011428571428571429 0.0472636815920398
0 0.075 0.2922885572139303 0.007142857142857143 0.05223880597014925
0 0.06785714285714285 0.30970149253731344 0.01 0.05223880597014925
0 0.037142857142857144 0.26616915422885573 0.008571428571428572 0.04477611940298507
0 0.04285714285714286 0.3370646766169154 0.008571428571428572 0.0472636815920398
0 0.11714285714285715 0.5286069651741293 0.005714285714285714 0.05223880597014925
0 0.14142857142857143 0.5012437810945274 0.008571428571428572 0.04228855721393035
0 0.41 0.3880597014925373 0.011428571428571429 0.05970149253731343
