0 0.3842857142857143 0.9427860696517413 0.022857142857142857 0.06467661691542288
0 0.3985714285714286 0.9129353233830846 0.03142857142857143 0.09950248756218906
0 0.06 0.5845771144278606 0.03428571428571429 0.11442786069651742
0 0.24785714285714286 0.5534825870646766 0.03 0.10696517412935323
0 0.2507142857142857 0.4975124378109453 0.027142857142857142 0.08955223880597014
0 0.3028571428571429 0.44029850746268656 0.037142857142857144 0.1044776119402985
0 0.20785714285714285 0.4962686567164179 0.015714285714285715 0.09701492537313433
0 0.06 0.34701492537313433 0.025714285714285714 0.08208955223880597
0 0.10071428571428571 0.19900497512437812 0.015714285714285715 0.0945273631840796
0 0.6514285714285715 0.15049751243781095 0.022857142857142857 0.07213930348258707
0 0.5778571428571428 0.22512437810945274 0.027142857142857142 0.07711442786069651
0 0.2557142857142857 0.3009950248756219 0.02 0.0945273631840796
0 0.2357142857142857 0.2960199004975124 0.02 0.07960199004975124
0 0.24928571428571428 0.27114427860696516 0.02142857142857143 0.09950248756218906
0 0.29428571428571426 0.2599502487562189 0.017142857142857144 0.08706467661691543
