0 0.8321428571428572 0.5298507462686567 0.02142857142857143 0.03980099502487562
0 0.7042857142857143 0.7064676616915423 0.025714285714285714 0.0845771144278607
0 0.6792857142857143 0.6977611940298507 0.024285714285714285 0.09701492537313433
0 0.6928571428571428 0.8507462686567164 0.02857142857142857 0.09950248756218906
0 0.7314285714285714 0.9291044776119403 0.025714285714285714 0.07711442786069651
0 0.14 0.6069651741293532 0.02857142857142857 0.06965174129353234
0 0.12357142857142857 0.6181592039800995 0.024285714285714285 0.07213930348258707
0 0.10285714285714286 0.6281094527363185 0.022857142857142857 0.07711442786069651
0 0.06 0.6268656716417911 0.02 0.07462686567164178
0 0.19214285714285714 0.6156716417910447 0.024285714285714285 0.09701492537313433
0 0.125 0.8880597014925373 0.03 0.12437810945273632
0 0.15071428571428572 0.9116915422885572 0.03 0.12189054726368159
0 0.18928571428571428 0.9017412935323383 0.03 0.11691542288557213
0 0.23857142857142857 0.9079601990049752 0.02857142857142857 0.12437810945273632
0 0.26071428571428573 0.9029850746268657 0.032857142857142856 0.12437810945273632
0 0.2892857142857143 0.8569651741293532 0.027142857142857142 0.12189054726368159
0 0.21071428571428572 0.6281094527363185 0.015714285714285715 0.08208955223880597
0 0.21714285714285714 0.6305970149253731 0.011428571428571429 0.06716417910447761
0 0.26857142857142857 0.6181592039800995 0.02 0.09701492537313433
0 0.2864285714285714 0.6156716417910447 0.015714285714285715 0.0472636815920398
0 0.19428571428571428 0.7649253731343284 0.022857142857142857 0.10696517412935323
0 0.18285714285714286 0.7201492537313433 0.017142857142857144 0.07213930348258707
0 0.23214285714285715 0.7587064676616916 0.027142857142857142 0.1044776119402985
0 0.21428571428571427 0.7375621890547264 0.02 0.10199004975124377
0 0.20642857142857143 0.7176616915422885 0.015714285714285715 0.09701492537313433
0 0.20214285714285715 0.6915422885572139 0.012857142857142857 0.04477611940298507
0 0.2692857142857143 0.7649253731343284 0.02142857142857143 0.10199004975124377
0 0.27 0.7126865671641791 0.017142857142857144 0.07711442786069651
0 0.33214285714285713 0.695273631840796 0.01 0.08208955223880597
0 0.345 0.7002487562189055 0.015714285714285715 0.07711442786069651
0 0.3364285714285714 0.7922885572139303 0.02142857142857143 0.11194029850746269
0 0.35214285714285715 0.7723880597014925 0.03 0.11194029850746269
0 0.29642857142857143 0.7723880597014925 0.02142857142857143 0.11194029850746269
0 0.3757142857142857 0.677860696517413 0.02 0.07213930348258707
0 0.3457142857142857 0.6791044776119403 0.02 0.06467661691542288
0 0.445 0.8681592039800995 0.03 0.12437810945273632
0 0.4092857142857143 0.8432835820895522 0.03 0.11940298507462686
0 0.38857142857142857 0.8258706467661692 0.025714285714285714 0.11442786069651742
0 0.4492857142857143 0.7985074626865671 0.02142857142857143 0.1044776119402985
0 0.47 0.7985074626865671 0.025714285714285714 0.11442786069651742
0 0.4992857142857143 0.7810945273631841 0.024285714285714285 0.10945273631840796
0 0.47214285714285714 0.7400497512437811 0.024285714285714285 0.10696517412935323
0 0.5307142857142857 0.7412935323383084 0.02142857142857143 0.0945273631840796
0 0.5592857142857143 0.7288557213930348 0.018571428571428572 0.0845771144278607
0 0.65 0.6579601990049752 0.014285714285714285 0.08706467661691543
0 0.6378571428571429 0.6616915422885572 0.01 0.0845771144278607
0 0.63 0.6716417910447762 0.011428571428571429 0.08955223880597014
0 0.6192857142857143 0.677860696517413 0.012857142857142857 0.09203980099502487
0 0.6178571428571429 0.6828358208955224 0.015714285714285715 0.08208955223880597
0 0.6228571428571429 0.7126865671641791 0.017142857142857144 0.08706467661691543
0 0.5957142857142858 0.7213930348258707 0.017142857142857144 0.0945273631840796
0 0.595 0.7052238805970149 0.018571428571428572 0.10199004975124377
