0 0.11285714285714285 0.6181592039800995 0.037142857142857144 0.11194029850746269
0 0.24642857142857144 0.5945273631840796 0.032857142857142856 0.05970149253731343
0 0.3314285714285714 0.35447761194029853 0.017142857142857144 0.03233830845771144
0 0.325 0.35323383084577115 0.027142857142857142 0.05970149253731343
0 0.33785714285714286 0.31965174129353235 0.02142857142857143 0.05721393034825871
0 0.5328571428571428 0.6318407960199005 0.03142857142857143 0.12935323383084577
0 0.47785714285714287 0.3694029850746269 0.024285714285714285 0.10696517412935323
0 0.495 0.3818407960199005 0.02142857142857143 0.10199004975124377
0 0.5957142857142858 0.9888059701492538 0.037142857142857144 0.1318407960199005
0 0.5921428571428572 0.914179104477612 0.03 0.08208955223880597
0 0.815 0.7288557213930348 0.032857142857142856 0.0845771144278607
0 0.8428571428571429 0.7512437810945274 0.022857142857142857 0.13432835820895522
