0 0.829 0.9982758620689656 0.014 0.08620689655172414
0 0.779 0.9913793103448276 0.018 0.09310344827586207
0 0.444 0.9637931034482758 0.024 0.06551724137931035
0 0.476 0.9310344827586207 0.016 0.09655172413793103
0 0.876 0.8637931034482759 0.016 0.07241379310344828
0 0.886 0.7879310344827586 0.02 0.05862068965517241
0 0.747 0.7913793103448276 0.022 0.06551724137931035
0 0.785 0.8206896551724138 0.014 0.06896551724137931
0 0.806 0.8172413793103448 0.016 0.06896551724137931
0 0.821 0.8017241379310345 0.014 0.07241379310344828
0 0.846 0.803448275862069 0.016 0.06206896551724138
0 0.853 0.6586206896551724 0.01 0.041379310344827586
0 0.782 0.6137931034482759 0.012 0.05517241379310345
0 0.757 0.5948275862068966 0.014 0.05862068965517241
0 0.807 0.5982758620689655 0.01 0.05172413793103448
0 0.805 0.6068965517241379 0.01 0.04827586206896552
0 0.811 0.6724137931034483 0.018 0.041379310344827586
0 0.946 0.6913793103448276 0.012 0.04482758620689655
0 0.883 0.36551724137931035 0.014 0.027586206896551724
0 0.997 0.7586206896551724 0.014 0.05517241379310345
0 0.999 0.7637931034482759 0.022 0.05172413793103448
0 0.9 0.6948275862068966 0.016 0.05172413793103448
0 0.987 0.6327586206896552 0.014 0.03793103448275862
0 0.923 0.6310344827586207 0.01 0.04827586206896552
