0 0.4135714285714286 0.8407960199004975 0.02142857142857143 0.04975124378109453
0 0.7078571428571429 0.8134328358208955 0.015714285714285715 0.06965174129353234
0 0.7592857142857142 0.75 0.015714285714285715 0.04228855721393035
0 0.81 0.8942786069651741 0.02 0.0472636815920398
0 0.955 0.568407960199005 0.012857142857142857 0.05721393034825871
0 0.9507142857142857 0.5161691542288557 0.012857142857142857 0.0472636815920398
0 0.8764285714285714 0.38681592039800994 0.007142857142857143 0.03233830845771144
0 0.9092857142857143 0.39054726368159204 0.007142857142857143 0.03980099502487562
0 0.91 0.3718905472636816 0.008571428571428572 0.03731343283582089
0 0.8871428571428571 0.3855721393034826 0.005714285714285714 0.03980099502487562
