0 0.7728571428571429 0.9577114427860697 0.02 0.06467661691542288
0 0.7907142857142857 0.9527363184079602 0.02142857142857143 0.06467661691542288
0 0.9071428571428571 0.9577114427860697 0.022857142857142857 0.06467661691542288
0 0.9207142857142857 0.9253731343283582 0.02142857142857143 0.05970149253731343
0 0.8814285714285715 0.8818407960199005 0.017142857142857144 0.06218905472636816
0 0.9135714285714286 0.7736318407960199 0.02142857142857143 0.05472636815920398
0 0.7371428571428571 0.8283582089552238 0.022857142857142857 0.05472636815920398
0 0.7892857142857143 0.664179104477612 0.018571428571428572 0.05970149253731343
0 0.7542857142857143 0.667910447761194 0.017142857142857144 0.05721393034825871
0 0.7521428571428571 0.6567164179104478 0.01 0.03482587064676617
0 0.8257142857142857 0.44776119402985076 0.011428571428571429 0.03980099502487562
0 0.7435714285714285 0.3208955223880597 0.007142857142857143 0.03482587064676617
0 0.8707142857142857 0.30597014925373134 0.007142857142857143 0.024875621890547265
0 0.9835714285714285 0.23756218905472637 0.007142857142857143 0.022388059701492536
0 0.9 0.2064676616915423 0.005714285714285714 0.01990049751243781
0 0.9028571428571428 0.18034825870646767 0.005714285714285714 0.017412935323383085
0 0.9114285714285715 0.16417910447761194 0.005714285714285714 0.014925373134328358
0 0.9864285714285714 0.17288557213930347 0.004285714285714286 0.017412935323383085
0 0.8842857142857142 0.23756218905472637 0.005714285714285714 0.02736318407960199
0 0.795 0.2524875621890547 0.007142857142857143 0.02736318407960199
0 0.5492857142857143 0.47139303482587064 0.01 0.04228855721393035
0 0.5578571428571428 0.47139303482587064 0.007142857142857143 0.03731343283582089
0 0.5607142857142857 0.4639303482587065 0.007142857142857143 0.03731343283582089
