0 0.4092857142857143 0.8818407960199005 0.03 0.08208955223880597
0 0.4421428571428571 0.5646766169154229 0.02142857142857143 0.0945273631840796
0 0.5007142857142857 0.6990049751243781 0.018571428571428572 0.0945273631840796
0 0.5464285714285714 0.75 0.018571428571428572 0.10199004975124377
0 0.34714285714285714 0.5534825870646766 0.014285714285714285 0.06716417910447761
0 0.35428571428571426 0.5534825870646766 0.011428571428571429 0.08208955223880597
0 0.7285714285714285 0.5087064676616916 0.014285714285714285 0.07213930348258707
0 0.7528571428571429 0.5149253731343284 0.014285714285714285 0.06467661691542288
0 0.9014285714285715 0.48880597014925375 0.017142857142857144 0.07213930348258707
0 0.5121428571428571 0.39925373134328357 0.018571428571428572 0.07213930348258707
0 0.4742857142857143 0.30845771144278605 0.014285714285714285 0.05970149253731343
0 0.5328571428571428 0.39925373134328357 0.011428571428571429 0.05721393034825871
0 0.5435714285714286 0.4054726368159204 0.012857142857142857 0.05970149253731343
0 0.57 0.4141791044776119 0.014285714285714285 0.06218905472636816
0 0.5785714285714286 0.42786069651741293 0.011428571428571429 0.04477611940298507
0 0.5857142857142857 0.4054726368159204 0.011428571428571429 0.05472636815920398
0 0.6535714285714286 0.36069651741293535 0.012857142857142857 0.06467661691542288
0 0.6592857142857143 0.3644278606965174 0.01 0.04228855721393035
0 0.24785714285714286 0.39552238805970147 0.018571428571428572 0.04477611940298507
0 0.10357142857142858 0.236318407960199 0.012857142857142857 0.04975124378109453
