0 0.27071428571428574 0.5634328358208955 0.01 0.04228855721393035
0 0.4442857142857143 0.6368159203980099 0.014285714285714285 0.05472636815920398
0 0.56 0.7027363184079602 0.02 0.06218905472636816
0 0.6664285714285715 0.8594527363184079 0.018571428571428572 0.07711442786069651
0 0.7107142857142857 0.8246268656716418 0.018571428571428572 0.06716417910447761
0 0.7171428571428572 0.8370646766169154 0.017142857142857144 0.05223880597014925
0 0.5907142857142857 0.8818407960199005 0.018571428571428572 0.07213930348258707
0 0.5685714285714286 0.996268656716418 0.025714285714285714 0.10199004975124377
0 0.6507142857142857 0.5696517412935324 0.012857142857142857 0.07462686567164178
0 0.6285714285714286 0.6480099502487562 0.014285714285714285 0.07213930348258707
0 0.28 0.45149253731343286 0.011428571428571429 0.06218905472636816
0 0.2714285714285714 0.45149253731343286 0.014285714285714285 0.07213930348258707
0 0.04642857142857143 0.12189054726368159 0.007142857142857143 0.029850746268656716
0 0.8021428571428572 0.5659203980099502 0.01 0.05721393034825871
0 0.7957142857142857 0.572139303482587 0.011428571428571429 0.04477611940298507
0 0.6692857142857143 0.5111940298507462 0.018571428571428572 0.05721393034825871
0 0.9278571428571428 0.6094527363184079 0.012857142857142857 0.04975124378109453
0 0.9792857142857143 0.6044776119402985 0.018571428571428572 0.04975124378109453
