0 0.09714285714285714 0.9154228855721394 0.045714285714285714 0.10945273631840796
0 0.060714285714285714 0.8818407960199005 0.04428571428571428 0.11691542288557213
0 0.09928571428571428 0.7960199004975125 0.03857142857142857 0.05970149253731343
0 0.12285714285714286 0.7014925373134329 0.02857142857142857 0.10945273631840796
0 0.08785714285714286 0.7039800995024875 0.03571428571428571 0.07462686567164178
0 0.07928571428571428 0.6927860696517413 0.041428571428571426 0.07213930348258707
0 0.09071428571428572 0.677860696517413 0.04428571428571428 0.06218905472636816
0 0.27 0.8233830845771144 0.03142857142857143 0.07462686567164178
0 0.23714285714285716 0.21019900497512436 0.03142857142857143 0.06716417910447761
0 0.25642857142857145 0.19402985074626866 0.024285714285714285 0.07462686567164178
0 0.30714285714285716 0.527363184079602 0.02857142857142857 0.0945273631840796
0 0.29 0.5310945273631841 0.02 0.07213930348258707
0 0.6128571428571429 0.6380597014925373 0.03428571428571429 0.09701492537313433
0 0.8864285714285715 0.5012437810945274 0.027142857142857142 0.08208955223880597
0 0.8271428571428572 0.417910447761194 0.022857142857142857 0.06467661691542288
0 0.7921428571428571 0.33955223880597013 0.024285714285714285 0.07213930348258707
0 0.7564285714285715 0.28233830845771146 0.02142857142857143 0.06716417910447761
0 0.76 0.4054726368159204 0.022857142857142857 0.05472636815920398
0 0.6042857142857143 0.3345771144278607 0.017142857142857144 0.05223880597014925
0 0.5785714285714286 0.31094527363184077 0.017142857142857144 0.05472636815920398
0 0.5914285714285714 0.19029850746268656 0.017142857142857144 0.05223880597014925
0 0.8371428571428572 0.5646766169154229 0.02857142857142857 0.06467661691542288
0 0.8257142857142857 0.5584577114427861 0.02857142857142857 0.06218905472636816
0 0.71 0.09328358208955224 0.014285714285714285 0.05223880597014925
0 0.9192857142857143 0.2462686567164179 0.012857142857142857 0.06467661691542288
0 0.9442857142857143 0.24253731343283583 0.014285714285714285 0.07213930348258707
0 0.9557142857142857 0.22885572139303484 0.014285714285714285 0.06965174129353234
