0 0.031 0.6189655172413793 0.006 0.017241379310344827
0 0.052 0.7879310344827586 0.008 0.03103448275862069
0 0.058 0.7879310344827586 0.012 0.03103448275862069
0 0.075 0.8327586206896552 0.01 0.03103448275862069
0 0.076 0.8086206896551724 0.012 0.03793103448275862
0 0.083 0.9 0.01 0.041379310344827586
0 0.068 0.9568965517241379 0.012 0.04482758620689655
0 0.062 0.9586206896551724 0.008 0.034482758620689655
0 0.076 0.7793103448275862 0.008 0.027586206896551724
0 0.179 0.8982758620689655 0.01 0.03793103448275862
