0 0.0064285714285714285 0.046019900497512436 0.012857142857142857 0.04228855721393035
0 0.012142857142857143 0.05223880597014925 0.01 0.04975124378109453
0 0.015 0.026119402985074626 0.01 0.04228855721393035
0 0.027857142857142858 0.048507462686567165 0.012857142857142857 0.02736318407960199
0 0.14142857142857143 0.05721393034825871 0.014285714285714285 0.04975124378109453
0 0.1492857142857143 0.05970149253731343 0.012857142857142857 0.03482587064676617
0 0.2957142857142857 0.08208955223880597 0.014285714285714285 0.04975124378109453
0 0.3292857142857143 0.033582089552238806 0.012857142857142857 0.05223880597014925
0 0.3385714285714286 0.033582089552238806 0.011428571428571429 0.0472636815920398
0 0.22428571428571428 0.9129353233830846 0.022857142857142857 0.07462686567164178
