0 0.5835714285714285 0.20471464019851116 0.015714285714285715 0.04218362282878412
0 0.6071428571428571 0.18362282878411912 0.014285714285714285 0.06451612903225806
0 0.6307142857142857 0.18362282878411912 0.015714285714285715 0.06451612903225806
0 0.9828571428571429 0.07444168734491315 0.014285714285714285 0.05459057071960298
0 0.98 0.13771712158808933 0.011428571428571429 0.05707196029776675
0 0.9907142857142858 0.13523573200992556 0.012857142857142857 0.05707196029776675
0 0.8635714285714285 0.3970223325062035 0.012857142857142857 0.07444168734491315
0 0.875 0.3957816377171216 0.012857142857142857 0.07692307692307693
0 0.8492857142857143 0.4230769230769231 0.018571428571428572 0.062034739454094295
0 0.8735714285714286 0.5186104218362283 0.02142857142857143 0.08436724565756824
0 0.765 0.4267990074441687 0.012857142857142857 0.05459057071960298
0 0.5121428571428571 0.5384615384615384 0.02142857142857143 0.06451612903225806
