0 0.98 0.896551724137931 0.012 0.027586206896551724
0 0.955 0.9172413793103448 0.014 0.04827586206896552
0 0.906 0.9189655172413793 0.012 0.05172413793103448
0 0.213 0.7068965517241379 0.006 0.027586206896551724
0 0.214 0.7034482758620689 0.004 0.027586206896551724
0 0.187 0.7206896551724138 0.006 0.020689655172413793
0 0.206 0.7120689655172414 0.004 0.03103448275862069
0 0.201 0.6931034482758621 0.006 0.027586206896551724
0 0.213 0.646551724137931 0.006 0.017241379310344827
0 0.17 0.6827586206896552 0.008 0.027586206896551724
0 0.169 0.6827586206896552 0.006 0.020689655172413793
0 0.177 0.6689655172413793 0.006 0.020689655172413793
0 0.199 0.6120689655172413 0.006 0.017241379310344827
