0 0.052 0.5172413793103449 0.056 0.1793103448275862
0 0.256 0.496551724137931 0.052 0.20689655172413793
0 0.525 0.5189655172413793 0.078 0.18275862068965518
0 0.21 0.2396551724137931 0.04 0.1413793103448276
0 0.4 0.1793103448275862 0.056 0.1724137931034483
0 0.523 0.2913793103448276 0.062 0.16896551724137931
0 0.589 0.2896551724137931 0.07 0.14482758620689656
0 0.628 0.45 0.084 0.16206896551724137
0 0.163 0.07241379310344828 0.05 0.14482758620689656
0 0.024 0.07931034482758621 0.048 0.15862068965517243
0 0.336 0.07586206896551724 0.052 0.15172413793103448
0 0.363 0.9310344827586207 0.082 0.13793103448275862
0 0.525 0.9310344827586207 0.066 0.13793103448275862
0 0.1 0.9396551724137931 0.06 0.1206896551724138
0 0.852 0.4413793103448276 0.068 0.16551724137931034
0 0.848 0.35344827586206895 0.08 0.10689655172413794
0 0.772 0.31896551724137934 0.072 0.16896551724137931
0 0.688 0.21379310344827587 0.052 0.15862068965517243
0 0.743 0.15172413793103448 0.034 0.10344827586206896
0 0.701 0.15344827586206897 0.05 0.13448275862068965
0 0.953 0.8206896551724138 0.078 0.13793103448275862
0 0.906 0.4896551724137931 0.088 0.16551724137931034
0 0.915 0.3896551724137931 0.07 0.1310344827586207
0 0.974 0.5362068965517242 0.052 0.16206896551724137
