0 0.016428571428571428 0.8868159203980099 0.032857142857142856 0.10696517412935323
0 0.04 0.8606965174129353 0.03142857142857143 0.10945273631840796
0 0.041428571428571426 0.8370646766169154 0.022857142857142857 0.09203980099502487
0 0.016428571428571428 0.8345771144278606 0.024285714285714285 0.09203980099502487
0 0.20285714285714285 0.8681592039800995 0.02857142857142857 0.09950248756218906
0 0.2357142857142857 0.8544776119402985 0.037142857142857144 0.11194029850746269
0 0.7514285714285714 0.8805970149253731 0.022857142857142857 0.09950248756218906
0 0.7864285714285715 0.6828358208955224 0.018571428571428572 0.09203980099502487
0 0.7578571428571429 0.6467661691542289 0.024285714285714285 0.0945273631840796
0 0.7714285714285715 0.5733830845771144 0.017142857142857144 0.07711442786069651
0 0.7685714285714286 0.5323383084577115 0.014285714285714285 0.06467661691542288
0 0.7814285714285715 0.6492537313432836 0.017142857142857144 0.06965174129353234
