0 0.16143 0.43905 0.01143 0.04229
0 0.17286 0.4403 0.01143 0.04975
0 0.39 0.38184 0.01714 0.06716
0 0.38357 0.41791 0.02143 0.08458
0 0.29143 0.41169 0.01714 0.07214
0 0.30857 0.4092 0.01714 0.07214
0 0.37214 0.49751 0.02143 0.07463
0 0.59357 0.10697 0.01286 0.04975
0 0.62786 0.25373 0.01857 0.04478
0 0.67571 0.21517 0.01714 0.04726
0 0.76643 0.40796 0.01286 0.08458
0 0.78643 0.42289 0.01571 0.08458
0 0.80786 0.45274 0.01286 0.06965
0 0.89571 0.02985 0.01429 0.0597
0 0.85929 0.04478 0.01 0.05473
