0 0.318 0.30344827586206896 0.016 0.06206896551724138
0 0.45 0.5137931034482759 0.028 0.06896551724137931
0 0.438 0.41724137931034483 0.02 0.06206896551724138
0 0.437 0.4 0.018 0.06896551724137931
0 0.274 0.12758620689655173 0.012 0.041379310344827586
0 0.241 0.12758620689655173 0.014 0.04827586206896552
0 0.242 0.0896551724137931 0.016 0.034482758620689655
0 0.209 0.04310344827586207 0.01 0.02413793103448276
0 0.492 0.2706896551724138 0.008 0.017241379310344827
0 0.445 0.1896551724137931 0.014 0.06896551724137931
0 0.493 0.25 0.014 0.06551724137931035
