0 0.00786 0.07711 0.01 0.02985
0 0.11071 0.09826 0.01 0.03234
0 0.12071 0.04726 0.01286 0.02985
0 0.14429 0.05224 0.01429 0.03483
0 0.16929 0.10697 0.01286 0.0597
0 0.15143 0.25124 0.02 0.04478
0 0.175 0.30473 0.01571 0.04229
0 0.21071 0.42164 0.01286 0.07711
0 0.19857 0.40174 0.01714 0.03731
0 0.24143 0.41542 0.01714 0.04975
0 0.19857 0.58333 0.01714 0.05224
0 0.21429 0.58831 0.01714 0.05224
0 0.54214 0.88806 0.01571 0.10448
0 0.55643 0.93035 0.04429 0.11443
0 0.24429 0.89801 0.02571 0.06965
0 0.24214 0.87313 0.02429 0.06468
0 0.67714 0.92662 0.02 0.11692
0 0.69429 0.93532 0.02571 0.1194
