0 0.021 0.9896551724137931 0.034 0.1310344827586207
0 0.056 0.9948275862068966 0.024 0.12758620689655173
0 0.082 0.9689655172413794 0.016 0.14482758620689656
0 0.042 0.8637931034482759 0.032 0.11379310344827587
0 0.082 0.8310344827586207 0.028 0.1310344827586207
0 0.101 0.8241379310344827 0.022 0.12413793103448276
0 0.053 0.8224137931034483 0.03 0.08620689655172414
0 0.106 0.9948275862068966 0.028 0.1482758620689655
0 0.139 0.9534482758620689 0.026 0.13448275862068965
0 0.107 0.9517241379310345 0.026 0.1310344827586207
0 0.122 0.8724137931034482 0.02 0.11724137931034483
0 0.166 0.9310344827586207 0.032 0.14482758620689656
0 0.176 0.8931034482758621 0.024 0.15862068965517243
0 0.229 0.9258620689655173 0.026 0.13448275862068965
0 0.208 0.9586206896551724 0.032 0.0896551724137931
0 0.202 0.8551724137931035 0.016 0.1310344827586207
0 0.156 0.7810344827586206 0.02 0.10689655172413794
0 0.174 0.8051724137931034 0.024 0.11379310344827587
0 0.17 0.7603448275862069 0.02 0.10689655172413794
0 0.179 0.7344827586206897 0.018 0.10344827586206896
0 0.199 0.743103448275862 0.022 0.10689655172413794
0 0.11 0.7189655172413794 0.024 0.1206896551724138
0 0.023 0.5706896551724138 0.014 0.07241379310344828
0 0.041 0.6155172413793103 0.018 0.10689655172413794
0 0.039 0.5706896551724138 0.018 0.07931034482758621
0 0.054 0.5706896551724138 0.016 0.08620689655172414
0 0.055 0.5362068965517242 0.018 0.07931034482758621
0 0.062 0.5413793103448276 0.016 0.06896551724137931
0 0.089 0.5706896551724138 0.014 0.1
0 0.181 0.5758620689655173 0.018 0.09655172413793103
0 0.256 0.6396551724137931 0.024 0.10689655172413794
0 0.264 0.7137931034482758 0.024 0.09655172413793103
0 0.231 0.7120689655172414 0.022 0.10689655172413794
0 0.32 0.7689655172413793 0.02 0.11724137931034483
0 0.337 0.7603448275862069 0.014 0.11379310344827587
0 0.35 0.7413793103448276 0.012 0.1103448275862069
0 0.371 0.7310344827586207 0.022 0.11724137931034483
0 0.289 0.7034482758620689 0.022 0.11724137931034483
0 0.314 0.7258620689655172 0.02 0.11379310344827587
0 0.292 0.6586206896551724 0.02 0.0896551724137931
0 0.292 0.6517241379310345 0.016 0.09655172413793103
0 0.242 0.5568965517241379 0.02 0.1
0 0.209 0.4724137931034483 0.01 0.07586206896551724
0 0.218 0.4844827586206897 0.016 0.07931034482758621
0 0.025 0.3931034482758621 0.022 0.04827586206896552
0 0.063 0.3689655172413793 0.014 0.06896551724137931
0 0.219 0.3568965517241379 0.018 0.06551724137931035
0 0.29 0.3793103448275862 0.016 0.07586206896551724
0 0.356 0.4051724137931034 0.024 0.1
0 0.4 0.3724137931034483 0.016 0.06896551724137931
0 0.413 0.4086206896551724 0.018 0.06551724137931035
0 0.276 0.5172413793103449 0.016 0.0896551724137931
0 0.291 0.49137931034482757 0.014 0.09310344827586207
0 0.336 0.4793103448275862 0.016 0.0896551724137931
0 0.358 0.4810344827586207 0.02 0.09310344827586207
0 0.344 0.5103448275862069 0.016 0.08275862068965517
0 0.371 0.4982758620689655 0.018 0.09310344827586207
0 0.313 0.6 0.022 0.10344827586206896
0 0.322 0.5913793103448276 0.016 0.10689655172413794
0 0.331 0.596551724137931 0.018 0.09655172413793103
0 0.365 0.6448275862068965 0.018 0.10344827586206896
0 0.372 0.6189655172413793 0.02 0.09310344827586207
0 0.381 0.5948275862068966 0.018 0.10689655172413794
0 0.405 0.6844827586206896 0.018 0.12758620689655173
0 0.424 0.7 0.02 0.07586206896551724
0 0.45 0.7172413793103448 0.028 0.11724137931034483
0 0.413 0.6241379310344828 0.018 0.09655172413793103
0 0.433 0.4517241379310345 0.018 0.05517241379310345
0 0.437 0.5413793103448276 0.022 0.09655172413793103
0 0.605 0.8758620689655172 0.058 0.14482758620689656
0 0.531 0.7637931034482759 0.054 0.11379310344827587
0 0.563 0.7068965517241379 0.05 0.1103448275862069
0 0.487 0.6637931034482759 0.038 0.10689655172413794
0 0.778 0.95 0.052 0.13448275862068965
0 0.484 0.4068965517241379 0.016 0.06896551724137931
0 0.499 0.40344827586206894 0.018 0.08275862068965517
0 0.463 0.5465517241379311 0.018 0.07931034482758621
0 0.476 0.5327586206896552 0.012 0.11379310344827587
0 0.471 0.49310344827586206 0.022 0.0896551724137931
0 0.499 0.5206896551724138 0.026 0.08275862068965517
0 0.5 0.4862068965517241 0.012 0.0896551724137931
0 0.524 0.4724137931034483 0.02 0.09655172413793103
0 0.546 0.4103448275862069 0.02 0.07586206896551724
0 0.535 0.46379310344827585 0.018 0.07931034482758621
0 0.533 0.5 0.022 0.08275862068965517
0 0.522 0.5810344827586207 0.024 0.11379310344827587
0 0.534 0.6137931034482759 0.028 0.0896551724137931
0 0.546 0.5672413793103448 0.02 0.10689655172413794
0 0.588 0.6431034482758621 0.04 0.11379310344827587
0 0.585 0.506896551724138 0.018 0.0896551724137931
0 0.59 0.42758620689655175 0.016 0.08275862068965517
0 0.617 0.496551724137931 0.018 0.0896551724137931
0 0.615 0.553448275862069 0.022 0.10689655172413794
0 0.63 0.5879310344827586 0.024 0.08620689655172414
0 0.703 0.5896551724137931 0.038 0.10344827586206896
0 0.794 0.8344827586206897 0.06 0.13793103448275862
0 0.81 0.7879310344827586 0.04 0.10689655172413794
0 0.831 0.7189655172413794 0.046 0.12758620689655173
0 0.842 0.6672413793103448 0.036 0.11379310344827587
0 0.843 0.6396551724137931 0.034 0.11379310344827587
0 0.852 0.6068965517241379 0.04 0.1103448275862069
0 0.926 0.8896551724137931 0.056 0.14482758620689656
0 0.938 0.8275862068965517 0.06 0.1310344827586207
0 0.947 0.7620689655172413 0.062 0.11724137931034483
0 0.941 0.6896551724137931 0.042 0.14482758620689656
0 0.92 0.5655172413793104 0.036 0.09655172413793103
