0 0.49214285714285716 0.7642679900744417 0.047142857142857146 0.17866004962779156
0 0.4542857142857143 0.7965260545905707 0.04857142857142857 0.1488833746898263
0 0.5378571428571428 0.15384615384615385 0.03571428571428571 0.1488833746898263
0 0.42642857142857143 0.32754342431761785 0.03857142857142857 0.18858560794044665
0 0.42214285714285715 0.27543424317617865 0.024285714285714285 0.1488833746898263
0 0.46785714285714286 0.2803970223325062 0.04428571428571428 0.10918114143920596
0 0.15214285714285714 0.5806451612903226 0.05 0.17866004962779156
0 0.09714285714285714 0.5583126550868487 0.045714285714285714 0.1687344913151365
0 0.037142857142857144 0.5595533498759305 0.06 0.18114143920595532
0 0.5164285714285715 0.06575682382133995 0.03571428571428571 0.12655086848635236
0 0.5278571428571428 0.05831265508684864 0.027142857142857142 0.11662531017369727
0 0.47785714285714287 0.06327543424317618 0.03 0.12655086848635236
0 0.48142857142857143 0.07320099255583126 0.02 0.14640198511166252
0 0.025 0.09429280397022333 0.04428571428571428 0.11910669975186104
0 0.835 0.9540942928039702 0.07 0.07196029776674938
