0 0.34 0.36692 0.01429 0.06716
0 0.13286 0.53483 0.02571 0.08458
0 0.085 0.26119 0.01857 0.04975
0 0.12214 0.17786 0.01571 0.06219
0 0.11857 0.11443 0.00857 0.0398
0 0.09214 0.07214 0.01 0.03483
0 0.06571 0.09577 0.00571 0.03234
0 0.05786 0.09826 0.01286 0.03234
0 0.15357 0.17786 0.00714 0.03731
0 0.15357 0.1704 0.00714 0.04229
0 0.31643 0.25249 0.01 0.04726
0 0.33643 0.27114 0.01 0.04478
0 0.33786 0.29229 0.00714 0.03731
0 0.32286 0.27985 0.00857 0.04229
0 0.50071 0.46269 0.02143 0.08458
0 0.31357 0.08458 0.00714 0.03483
0 0.31143 0.08085 0.00857 0.04229
