0 0.515 0.8637931034482759 0.05 0.16206896551724137
0 0.476 0.8206896551724138 0.032 0.13793103448275862
0 0.483 0.5155172413793103 0.022 0.07931034482758621
0 0.514 0.47758620689655173 0.028 0.1206896551724138
0 0.672 0.41551724137931034 0.028 0.12758620689655173
0 0.719 0.39827586206896554 0.034 0.12758620689655173
0 0.752 0.5224137931034483 0.032 0.07931034482758621
0 0.755 0.5 0.034 0.08275862068965517
0 0.771 0.23448275862068965 0.03 0.08275862068965517
0 0.988 0.3482758620689655 0.028 0.08275862068965517
0 0.996 0.3258620689655172 0.028 0.09310344827586207
0 0.838 0.16724137931034483 0.032 0.07241379310344828
0 0.761 0.15689655172413794 0.022 0.05862068965517241
0 0.793 0.039655172413793106 0.022 0.07241379310344828
0 0.832 0.04482758620689655 0.02 0.0896551724137931
0 0.817 0.041379310344827586 0.018 0.08275862068965517
0 0.808 0.2896551724137931 0.028 0.07586206896551724
