0 0.2842857142857143 0.6057213930348259 0.025714285714285714 0.12686567164179105
0 0.095 0.11940298507462686 0.015714285714285715 0.08955223880597014
0 0.11214285714285714 0.09950248756218906 0.015714285714285715 0.0845771144278607
0 0.13 0.10945273631840796 0.011428571428571429 0.07960199004975124
0 0.18857142857142858 0.11069651741293532 0.017142857142857144 0.08706467661691543
0 0.165 0.21144278606965175 0.015714285714285715 0.0845771144278607
0 0.22214285714285714 0.3781094527363184 0.032857142857142856 0.0945273631840796
0 0.06857142857142857 0.7798507462686567 0.037142857142857144 0.09701492537313433
0 0.03785714285714286 0.47512437810945274 0.02142857142857143 0.0945273631840796
0 0.09571428571428571 0.6890547263681592 0.03142857142857143 0.1044776119402985
