0 0.721 0.3620689655172414 0.018 0.06206896551724138
0 0.129 0.896551724137931 0.042 0.11724137931034483
0 0.817 0.04482758620689655 0.01 0.027586206896551724
0 0.724 0.3689655172413793 0.016 0.06206896551724138
0 0.719 0.3775862068965517 0.014 0.05172413793103448
0 0.729 0.23448275862068965 0.018 0.04827586206896552
0 0.794 0.041379310344827586 0.016 0.027586206896551724
0 0.851 0.056896551724137934 0.014 0.03103448275862069
0 0.844 0.015517241379310345 0.012 0.03103448275862069
0 0.59 0.3724137931034483 0.02 0.0896551724137931
