0 0.8164285714285714 0.486318407960199 0.012857142857142857 0.06218905472636816
0 0.8542857142857143 0.373134328358209 0.011428571428571429 0.05970149253731343
0 0.8357142857142857 0.3706467661691542 0.011428571428571429 0.05472636815920398
0 0.8764285714285714 0.4577114427860697 0.015714285714285715 0.05472636815920398
0 0.8578571428571429 0.20771144278606965 0.007142857142857143 0.0472636815920398
0 0.8664285714285714 0.2126865671641791 0.007142857142857143 0.0472636815920398
0 0.8671428571428571 0.18781094527363185 0.008571428571428572 0.04228855721393035
0 0.8757142857142857 0.3407960199004975 0.011428571428571429 0.05472636815920398
0 0.875 0.08333333333333333 0.012857142857142857 0.03233830845771144
0 0.9407142857142857 0.1256218905472637 0.007142857142857143 0.03731343283582089
0 0.8807142857142857 0.12437810945273632 0.007142857142857143 0.04477611940298507
0 0.52 0.029850746268656716 0.008571428571428572 0.03980099502487562
0 0.5 0.02736318407960199 0.008571428571428572 0.03482587064676617
0 0.2757142857142857 0.03233830845771144 0.011428571428571429 0.03482587064676617
0 0.2835714285714286 0.033582089552238806 0.007142857142857143 0.03233830845771144
0 0.17785714285714285 0.13557213930348258 0.012857142857142857 0.0472636815920398
0 0.14642857142857144 0.13681592039800994 0.02142857142857143 0.04975124378109453
0 0.16214285714285714 0.14427860696517414 0.007142857142857143 0.024875621890547265
