0 0.4857142857142857 0.8955223880597015 0.022857142857142857 0.09950248756218906
0 0.5135714285714286 0.8930348258706468 0.02142857142857143 0.09950248756218906
0 0.4957142857142857 0.7885572139303483 0.02 0.09950248756218906
0 0.6 0.582089552238806 0.011428571428571429 0.07960199004975124
0 0.6128571428571429 0.5771144278606966 0.014285714285714285 0.07960199004975124
0 0.5821428571428572 0.5671641791044776 0.018571428571428572 0.06965174129353234
0 0.5807142857142857 0.5609452736318408 0.018571428571428572 0.07711442786069651
0 0.7542857142857143 0.5460199004975125 0.011428571428571429 0.07711442786069651
0 0.7635714285714286 0.5572139303482587 0.01 0.06965174129353234
0 0.77 0.5634328358208955 0.008571428571428572 0.03731343283582089
0 0.8435714285714285 0.47388059701492535 0.012857142857142857 0.05223880597014925
0 0.6807142857142857 0.43532338308457713 0.012857142857142857 0.06467661691542288
0 0.26857142857142857 0.6069651741293532 0.022857142857142857 0.04975124378109453
0 0.6971428571428572 0.19402985074626866 0.008571428571428572 0.03980099502487562
0 0.6828571428571428 0.05099502487562189 0.005714285714285714 0.03233830845771144
0 0.525 0.2972636815920398 0.024285714285714285 0.0472636815920398
