0 0.9585714285714285 0.35323383084577115 0.017142857142857144 0.05472636815920398
0 0.6185714285714285 0.47885572139303484 0.014285714285714285 0.06716417910447761
0 0.6428571428571429 0.4129353233830846 0.014285714285714285 0.04975124378109453
0 0.6578571428571428 0.4079601990049751 0.012857142857142857 0.05970149253731343
0 0.5792857142857143 0.4166666666666667 0.012857142857142857 0.05721393034825871
0 0.5664285714285714 0.4154228855721393 0.015714285714285715 0.05970149253731343
0 0.65 0.38308457711442784 0.014285714285714285 0.04975124378109453
0 0.5021428571428571 0.3917910447761194 0.012857142857142857 0.06716417910447761
0 0.475 0.376865671641791 0.015714285714285715 0.05721393034825871
0 0.8385714285714285 0.09203980099502487 0.011428571428571429 0.04477611940298507
