0 0.55 0.96724 0.028 0.14138
0 0.557 0.9431 0.042 0.16207
0 0.782 0.97759 0.04 0.13448
0 0.868 0.82586 0.04 0.08621
0 0.861 0.80345 0.026 0.07586
0 0.779 0.81207 0.03 0.12759
0 0.757 0.78276 0.026 0.12414
0 0.782 0.76552 0.028 0.11034
0 0.766 0.74655 0.024 0.13448
0 0.788 0.6569 0.024 0.11379
0 0.859 0.63276 0.03 0.1069
0 0.834 0.62241 0.024 0.07241
0 0.652 0.81034 0.028 0.11034
0 0.621 0.79138 0.026 0.12759
0 0.661 0.71552 0.038 0.1
0 0.75 0.5931 0.024 0.08966
0 0.894 0.47069 0.016 0.05862
0 0.907 0.38448 0.018 0.05172
0 0.96 0.43448 0.02 0.06207
0 0.941 0.37759 0.018 0.05172
0 0.974 0.37759 0.016 0.05862
0 0.901 0.26897 0.014 0.04138
0 0.947 0.22414 0.014 0.04828
0 0.87 0.38448 0.016 0.06552
0 0.872 0.31034 0.016 0.04828
0 0.863 0.26724 0.01 0.05172
0 0.885 0.18448 0.01 0.03793
0 0.915 0.17069 0.01 0.03103
0 0.93 0.17241 0.012 0.03448
0 0.959 0.18793 0.01 0.02414
