0 0.97 0.8931034482758621 0.032 0.1103448275862069
0 0.737 0.8413793103448276 0.03 0.10344827586206896
0 0.579 0.8896551724137931 0.026 0.10344827586206896
0 0.461 0.8396551724137931 0.034 0.11379310344827587
0 0.847 0.44655172413793104 0.022 0.05862068965517241
0 0.851 0.4379310344827586 0.026 0.06896551724137931
0 0.274 0.6810344827586207 0.028 0.1
0 0.31 0.6396551724137931 0.024 0.07931034482758621
0 0.348 0.6620689655172414 0.02 0.08275862068965517
0 0.339 0.6431034482758621 0.026 0.07931034482758621
0 0.735 0.12241379310344827 0.018 0.04482758620689655
0 0.999 0.07241379310344828 0.014 0.04827586206896552
