0 0.28643 0.86194 0.02143 0.06716
0 0.18714 0.8296 0.02571 0.06219
0 0.38571 0.74876 0.02286 0.04975
0 0.315 0.72139 0.01571 0.06965
0 0.32571 0.72015 0.01714 0.06716
0 0.48429 0.72015 0.01429 0.07214
0 0.51 0.7102 0.01429 0.06219
0 0.76714 0.82711 0.01714 0.06219
0 0.59786 0.6306 0.01286 0.05721
0 0.57 0.58333 0.01143 0.05721
0 0.59071 0.5796 0.01286 0.05473
0 0.62643 0.63184 0.01 0.04975
0 0.63357 0.6306 0.01 0.05721
0 0.63857 0.63682 0.01143 0.0597
0 0.62786 0.58706 0.01 0.04975
0 0.635 0.59328 0.01 0.04229
0 0.64929 0.59826 0.01 0.05721
0 0.65857 0.60945 0.00857 0.03483
0 0.66 0.58085 0.00571 0.02736
0 0.66214 0.59453 0.01 0.06468
0 0.62643 0.56592 0.01286 0.05721
0 0.63786 0.57587 0.01 0.04726
0 0.65 0.59826 0.01143 0.05721
0 0.65 0.58209 0.01143 0.04975
0 0.70214 0.48756 0.01 0.04478
0 0.74071 0.48881 0.00714 0.03731
0 0.74929 0.49129 0.01 0.04726
0 0.76 0.48632 0.00857 0.04726
0 0.77357 0.47886 0.01 0.04726
0 0.81643 0.30473 0.00429 0.02736
0 0.825 0.30721 0.00429 0.02736
0 0.85929 0.28483 0.00429 0.02736
0 0.87857 0.26368 0.00571 0.02985
0 0.87857 0.23383 0.00571 0.02488
0 0.86643 0.23507 0.00429 0.02736
0 0.89429 0.20771 0.00571 0.02239
0 0.855 0.1903 0.00429 0.01741
0 0.86857 0.19154 0.00571 0.0199
0 0.86214 0.19403 0.00429 0.0199
0 0.97786 0.26368 0.00714 0.0199
0 0.915 0.36816 0.00714 0.03483
0 0.99857 0.37687 0.00857 0.03731
0 0.99857 0.82587 0.01714 0.05473
0 0.99714 0.14303 0.00571 0.01244
