0 0.97071 0.8806 0.03571 0.18408
0 0.96643 0.82587 0.03 0.16915
0 0.93857 0.79104 0.03143 0.14925
0 0.91714 0.75622 0.04 0.1791
0 0.89357 0.69527 0.03286 0.17662
0 0.99571 0.62562 0.02857 0.16169
0 0.95071 0.57711 0.03 0.14925
0 0.08143 0.31716 0.04 0.12687
0 0.56357 0.33582 0.02143 0.11443
0 0.54286 0.33582 0.02571 0.12438
0 0.49929 0.33831 0.02714 0.14428
0 0.45071 0.33831 0.03 0.11443
0 0.71429 0.35199 0.02286 0.12189
0 0.85429 0.32836 0.01714 0.10945
0 0.81571 0.27363 0.01714 0.10945
0 0.795 0.50622 0.02714 0.14677
0 0.75 0.49378 0.02286 0.14179
0 0.70071 0.49005 0.02429 0.14428
0 0.665 0.49502 0.02429 0.14428
0 0.62143 0.49502 0.02857 0.14925
0 0.57643 0.49378 0.02429 0.14179
0 0.485 0.50249 0.02143 0.12935
0 0.43786 0.51741 0.03 0.14925
0 0.38071 0.52239 0.02429 0.13433
0 0.33929 0.53109 0.02714 0.15174
0 0.28929 0.53607 0.02429 0.15174
0 0.23071 0.551 0.02714 0.13682
0 0.18857 0.55348 0.02857 0.14677
0 0.14714 0.56841 0.03429 0.14677
0 0.08071 0.57214 0.03286 0.14925
0 0.03714 0.52363 0.04 0.16667
0 0.84214 0.52239 0.02429 0.1393
0 0.87357 0.52363 0.01571 0.13184
0 0.9 0.50498 0.02 0.12935
0 0.92214 0.48632 0.02429 0.14677
0 0.97 0.48632 0.02286 0.13682
0 0.83643 0.47637 0.02429 0.15174
0 0.79714 0.45896 0.01714 0.14179
0 0.74786 0.4602 0.01857 0.1592
0 0.67 0.45025 0.02 0.15423
0 0.63214 0.45398 0.02429 0.15672
0 0.59786 0.39303 0.02429 0.14428
0 0.24429 0.50124 0.02857 0.14179
0 0.28786 0.50373 0.02714 0.15174
0 0.33857 0.48259 0.02857 0.16915
0 0.39286 0.47637 0.02286 0.13682
0 0.45 0.47637 0.02571 0.13184
0 0.10929 0.5199 0.03 0.14925
0 0.09214 0.4204 0.03286 0.12935
0 0.05357 0.42164 0.02714 0.12687
0 0.17 0.50746 0.03143 0.14428
