0 0.42428571428571427 0.34328358208955223 0.04 0.1890547263681592
0 0.4228571428571429 0.25 0.03428571428571429 0.17164179104477612
0 0.41714285714285715 0.1927860696517413 0.037142857142857144 0.17164179104477612
0 0.5 0.2537313432835821 0.045714285714285714 0.1791044776119403
0 0.5978571428571429 0.2064676616915423 0.032857142857142856 0.17412935323383086
0 0.7092857142857143 0.31094527363184077 0.041428571428571426 0.1890547263681592
0 0.8314285714285714 0.31218905472636815 0.03142857142857143 0.17164179104477612
0 0.9442857142857143 0.2848258706467662 0.03428571428571429 0.16169154228855723
0 0.985 0.29850746268656714 0.03857142857142857 0.1791044776119403
0 0.8564285714285714 0.20149253731343283 0.032857142857142856 0.15920398009950248
0 0.4135714285714286 0.04477611940298507 0.024285714285714285 0.08955223880597014
0 0.4942857142857143 0.060945273631840796 0.025714285714285714 0.12189054726368159
0 0.4735714285714286 0.03482587064676617 0.018571428571428572 0.06965174129353234
0 0.5507142857142857 0.043532338308457715 0.024285714285714285 0.08706467661691543
