0 0.425 0.9517241379310345 0.046 0.20689655172413793
0 0.236 0.906896551724138 0.056 0.18620689655172415
0 0.395 0.7844827586206896 0.046 0.09310344827586207
0 0.022 0.9224137931034483 0.044 0.19655172413793104
0 0.076 0.7034482758620689 0.024 0.12413793103448276
0 0.114 0.7051724137931035 0.032 0.12758620689655173
0 0.114 0.6948275862068966 0.052 0.12758620689655173
0 0.145 0.496551724137931 0.026 0.08275862068965517
0 0.196 0.5775862068965517 0.04 0.1413793103448276
0 0.6 0.5603448275862069 0.024 0.11379310344827587
0 0.618 0.5672413793103448 0.02 0.1
0 0.596 0.5327586206896552 0.016 0.06551724137931035
0 0.338 0.5948275862068966 0.036 0.1482758620689655
0 0.337 0.5706896551724138 0.022 0.06551724137931035
