0 0.5585714285714286 0.5559701492537313 0.008571428571428572 0.05223880597014925
0 0.5692857142857143 0.5572139303482587 0.01 0.04477611940298507
0 0.27285714285714285 0.9539800995024875 0.011428571428571429 0.07213930348258707
0 0.1742857142857143 0.8843283582089553 0.011428571428571429 0.07711442786069651
0 0.16071428571428573 0.8606965174129353 0.015714285714285715 0.07960199004975124
0 0.2307142857142857 0.8146766169154229 0.024285714285714285 0.06716417910447761
0 0.12428571428571429 0.7898009950248757 0.014285714285714285 0.08208955223880597
0 0.14785714285714285 0.7972636815920398 0.024285714285714285 0.07711442786069651
0 0.07214285714285715 0.9577114427860697 0.024285714285714285 0.08955223880597014
0 0.19285714285714287 0.7027363184079602 0.014285714285714285 0.03731343283582089
0 0.11785714285714285 0.5671641791044776 0.012857142857142857 0.06467661691542288
0 0.13357142857142856 0.39303482587064675 0.012857142857142857 0.04477611940298507
0 0.13285714285714287 0.24004975124378108 0.011428571428571429 0.04228855721393035
0 0.13285714285714287 0.24253731343283583 0.014285714285714285 0.03731343283582089
