0 0.532 0.8568965517241379 0.012 0.05172413793103448
0 0.58 0.9293103448275862 0.016 0.06551724137931035
0 0.668 0.6120689655172413 0.008 0.03103448275862069
0 0.596 0.47586206896551725 0.004 0.020689655172413793
0 0.601 0.47413793103448276 0.006 0.02413793103448276
0 0.849 0.3603448275862069 0.006 0.017241379310344827
0 0.93 0.5775862068965517 0.008 0.02413793103448276
0 0.876 0.6051724137931035 0.008 0.02413793103448276
0 0.877 0.5517241379310345 0.006 0.020689655172413793
0 0.798 0.8086206896551724 0.012 0.03103448275862069
