0 0.31214285714285717 0.31343283582089554 0.012857142857142857 0.04477611940298507
0 0.29 0.35447761194029853 0.014285714285714285 0.0472636815920398
0 0.46785714285714286 0.4079601990049751 0.012857142857142857 0.05472636815920398
0 0.485 0.4054726368159204 0.01 0.04975124378109453
0 0.26285714285714284 0.35199004975124376 0.011428571428571429 0.0472636815920398
0 0.27214285714285713 0.35696517412935325 0.012857142857142857 0.0472636815920398
0 0.2714285714285714 0.35696517412935325 0.011428571428571429 0.04228855721393035
0 0.1757142857142857 0.33955223880597013 0.014285714285714285 0.0472636815920398
0 0.17857142857142858 0.3383084577114428 0.011428571428571429 0.05472636815920398
0 0.4042857142857143 0.7587064676616916 0.017142857142857144 0.06965174129353234
0 0.7878571428571428 0.8420398009950248 0.024285714285714285 0.08706467661691543
