0 0.835 0.7293103448275862 0.01 0.03103448275862069
0 0.864 0.7017241379310345 0.016 0.04482758620689655
0 0.471 0.8379310344827586 0.014 0.04827586206896552
0 0.48 0.8379310344827586 0.012 0.04827586206896552
0 0.393 0.8327586206896552 0.014 0.04482758620689655
0 0.362 0.8241379310344827 0.012 0.034482758620689655
0 0.241 0.7155172413793104 0.014 0.03793103448275862
0 0.127 0.75 0.018 0.04482758620689655
0 0.18 0.6982758620689655 0.016 0.05862068965517241
0 0.445 0.4241379310344828 0.014 0.034482758620689655
0 0.28 0.41206896551724137 0.012 0.03103448275862069
0 0.222 0.3810344827586207 0.008 0.02413793103448276
0 0.228 0.3603448275862069 0.008 0.03103448275862069
0 0.129 0.996551724137931 0.022 0.06206896551724138
0 0.665 0.5741379310344827 0.014 0.03793103448275862
