0 0.855 0.9291044776119403 0.015714285714285715 0.07213930348258707
0 0.75 0.7686567164179104 0.014285714285714285 0.06467661691542288
0 0.6935714285714286 0.19402985074626866 0.01 0.04477611940298507
0 0.6657142857142857 0.17661691542288557 0.008571428571428572 0.04477611940298507
0 0.6835714285714286 0.22014925373134328 0.007142857142857143 0.02736318407960199
0 0.6607142857142857 0.06218905472636816 0.007142857142857143 0.03482587064676617
0 0.4357142857142857 0.6206467661691543 0.017142857142857144 0.05223880597014925
0 0.41214285714285714 0.4465174129353234 0.012857142857142857 0.0472636815920398
0 0.3742857142857143 0.3781094527363184 0.011428571428571429 0.05472636815920398
0 0.44642857142857145 0.20398009950248755 0.01 0.03980099502487562
0 0.455 0.19900497512437812 0.012857142857142857 0.04477611940298507
