0 0.055 0.06467661691542288 0.01 0.029850746268656716
0 0.05071428571428571 0.22014925373134328 0.01 0.04228855721393035
0 0.13857142857142857 0.3283582089552239 0.014285714285714285 0.04975124378109453
0 0.047857142857142855 0.6156716417910447 0.018571428571428572 0.05721393034825871
0 0.2057142857142857 0.36318407960199006 0.008571428571428572 0.06467661691542288
0 0.17785714285714285 0.3482587064676617 0.012857142857142857 0.06467661691542288
0 0.17642857142857143 0.2848258706467662 0.012857142857142857 0.04228855721393035
0 0.18928571428571428 0.2798507462686567 0.012857142857142857 0.05721393034825871
0 0.18642857142857142 0.17661691542288557 0.01 0.05472636815920398
0 0.1757142857142857 0.1691542288557214 0.008571428571428572 0.05472636815920398
0 0.04285714285714286 0.01616915422885572 0.005714285714285714 0.03233830845771144
0 0.28285714285714286 0.17661691542288557 0.008571428571428572 0.05472636815920398
0 0.5278571428571428 0.8793532338308457 0.015714285714285715 0.07711442786069651
0 0.53 0.9303482587064676 0.02 0.06467661691542288
0 0.5028571428571429 0.914179104477612 0.022857142857142857 0.05721393034825871
0 0.5085714285714286 0.9502487562189055 0.02857142857142857 0.04975124378109453
0 0.48 0.9390547263681592 0.02 0.06218905472636816
