0 0.037142857142857144 0.9975124378109452 0.017142857142857144 0.06467661691542288
0 0.11857142857142858 0.931592039800995 0.017142857142857144 0.08208955223880597
0 0.075 0.8233830845771144 0.015714285714285715 0.06467661691542288
0 0.09428571428571429 0.8283582089552238 0.014285714285714285 0.06467661691542288
0 0.10428571428571429 0.835820895522388 0.011428571428571429 0.07462686567164178
0 0.08285714285714285 0.8532338308457711 0.014285714285714285 0.06965174129353234
0 0.12928571428571428 0.7810945273631841 0.012857142857142857 0.05970149253731343
0 0.14857142857142858 0.654228855721393 0.017142857142857144 0.03980099502487562
0 0.060714285714285714 0.654228855721393 0.01 0.04477611940298507
0 0.06928571428571428 0.6666666666666666 0.01 0.04975124378109453
0 0.004285714285714286 0.654228855721393 0.008571428571428572 0.04975124378109453
