0 0.7378571428571429 0.6766169154228856 0.01 0.029850746268656716
0 0.775 0.5621890547263682 0.012857142857142857 0.01990049751243781
0 0.98 0.48756218905472637 0.014285714285714285 0.024875621890547265
0 0.9757142857142858 0.4465174129353234 0.011428571428571429 0.03233830845771144
0 0.9914285714285714 0.4079601990049751 0.005714285714285714 0.04975124378109453
0 0.9164285714285715 0.3383084577114428 0.012857142857142857 0.03980099502487562
0 0.8714285714285714 0.32960199004975127 0.008571428571428572 0.02736318407960199
0 0.9892857142857143 0.3445273631840796 0.015714285714285715 0.05223880597014925
0 0.9807142857142858 0.25870646766169153 0.007142857142857143 0.024875621890547265
0 0.975 0.2599502487562189 0.01 0.02736318407960199
0 0.9707142857142858 0.31094527363184077 0.007142857142857143 0.01990049751243781
0 0.9614285714285714 0.291044776119403 0.008571428571428572 0.03482587064676617
0 0.8435714285714285 0.4141791044776119 0.01 0.0472636815920398
0 0.8492857142857143 0.4166666666666667 0.01 0.0472636815920398
0 0.995 0.4079601990049751 0.01 0.03980099502487562
0 0.9971428571428571 0.43656716417910446 0.005714285714285714 0.04228855721393035
