0 0.2735714285714286 0.9987562189054726 0.012857142857142857 0.06716417910447761
0 0.6171428571428571 0.9291044776119403 0.014285714285714285 0.06218905472636816
0 0.5942857142857143 0.8557213930348259 0.011428571428571429 0.05472636815920398
0 0.5707142857142857 0.8034825870646766 0.01 0.04477611940298507
0 0.5785714285714286 0.8072139303482587 0.008571428571428572 0.0472636815920398
0 0.5792857142857143 0.7985074626865671 0.01 0.04477611940298507
0 0.7792857142857142 0.9291044776119403 0.012857142857142857 0.05223880597014925
0 0.6692857142857143 0.7860696517412935 0.01 0.04477611940298507
0 0.6814285714285714 0.7748756218905473 0.011428571428571429 0.0472636815920398
0 0.7628571428571429 0.845771144278607 0.008571428571428572 0.04975124378109453
0 0.7685714285714286 0.8395522388059702 0.011428571428571429 0.05223880597014925
