0 0.14214 0.11318 0.01571 0.06219
0 0.12286 0.11443 0.01429 0.0597
0 0.11286 0.1306 0.01714 0.05224
0 0.205 0.07338 0.01286 0.04229
0 0.22571 0.03856 0.01429 0.05224
0 0.19714 0.04229 0.00857 0.02488
0 0.19071 0.03607 0.00714 0.04229
0 0.31 0.14925 0.01143 0.0597
0 0.47071 0.38308 0.02429 0.0796
0 0.08571 0.28109 0.01429 0.07463
0 0.07 0.28607 0.01714 0.07463
0 0.52429 0.20522 0.01714 0.05721
0 0.57429 0.18905 0.01429 0.06468
0 0.59071 0.18532 0.01286 0.06219
0 0.61286 0.18159 0.01143 0.0597
0 0.61714 0.17164 0.01143 0.06468
0 0.64786 0.17413 0.01286 0.0597
0 0.70214 0.17289 0.01 0.04726
0 0.73214 0.17289 0.01 0.05721
0 0.76714 0.15299 0.00857 0.04726
0 0.77714 0.15299 0.00857 0.05224
0 0.78214 0.15174 0.01 0.04478
0 0.54429 0.33209 0.01429 0.07214
0 0.54 0.32587 0.00857 0.04478
0 0.53 0.40174 0.02 0.07214
0 0.79571 0.17413 0.01143 0.05473
0 0.87357 0.1704 0.01 0.04726
0 0.92357 0.09577 0.01571 0.05224
0 0.95 0.10323 0.00857 0.05224
0 0.96071 0.09577 0.01 0.04726
0 0.93929 0.10448 0.00714 0.04975
0 0.95643 0.10697 0.00714 0.04975
