0 0.4228571428571429 0.7151741293532339 0.017142857142857144 0.06218905472636816
0 0.39071428571428574 0.8694029850746269 0.02142857142857143 0.05223880597014925
0 0.3435714285714286 0.7624378109452736 0.01 0.03731343283582089
0 0.36857142857142855 0.7213930348258707 0.014285714285714285 0.05970149253731343
0 0.6742857142857143 0.5509950248756219 0.011428571428571429 0.0472636815920398
0 0.315 0.9266169154228856 0.02142857142857143 0.06218905472636816
0 0.26571428571428574 0.9514925373134329 0.022857142857142857 0.05223880597014925
0 0.2 0.845771144278607 0.02 0.07960199004975124
0 0.455 0.6057213930348259 0.015714285714285715 0.05721393034825871
0 0.4407142857142857 0.6057213930348259 0.012857142857142857 0.04228855721393035
0 0.2842857142857143 0.572139303482587 0.008571428571428572 0.05472636815920398
0 0.23285714285714285 0.5659203980099502 0.011428571428571429 0.05223880597014925
0 0.22285714285714286 0.568407960199005 0.011428571428571429 0.05223880597014925
0 0.18785714285714286 0.5696517412935324 0.01 0.04975124378109453
0 0.1692857142857143 0.5634328358208955 0.01 0.05223880597014925
0 0.16357142857142856 0.5621890547263682 0.012857142857142857 0.05472636815920398
0 0.1992857142857143 0.763681592039801 0.02142857142857143 0.05970149253731343
0 0.03357142857142857 0.7300995024875622 0.01 0.06218905472636816
0 0.02642857142857143 0.7263681592039801 0.007142857142857143 0.04975124378109453
0 0.017142857142857144 0.7574626865671642 0.017142857142857144 0.07213930348258707
