0 0.5728571428571428 0.2873134328358209 0.011428571428571429 0.04228855721393035
0 0.565 0.2947761194029851 0.007142857142857143 0.03233830845771144
0 0.6535714285714286 0.2027363184079602 0.01 0.03731343283582089
0 0.77 0.18034825870646767 0.005714285714285714 0.03731343283582089
0 0.7271428571428571 0.43283582089552236 0.011428571428571429 0.03980099502487562
0 0.2842857142857143 0.7947761194029851 0.017142857142857144 0.05721393034825871
0 0.25642857142857145 0.7475124378109452 0.015714285714285715 0.0472636815920398
0 0.9435714285714286 0.35074626865671643 0.007142857142857143 0.029850746268656716
0 0.9578571428571429 0.35074626865671643 0.007142857142857143 0.029850746268656716
0 0.37357142857142855 0.7947761194029851 0.012857142857142857 0.04228855721393035
0 0.5928571428571429 0.8917910447761194 0.014285714285714285 0.03731343283582089
