0 0.006 0.14138 0.012 0.05517
0 0.008 0.50172 0.012 0.04483
0 0.009 0.48448 0.018 0.05172
0 0.063 0.46897 0.018 0.06207
0 0.043 0.40862 0.014 0.07931
0 0.034 0.39828 0.016 0.07931
0 0.047 0.33276 0.014 0.07241
0 0.055 0.32414 0.01 0.06207
0 0.013 0.25172 0.014 0.03448
0 0.028 0.25172 0.012 0.04138
0 0.027 0.24655 0.014 0.05172
0 0.055 0.65172 0.018 0.04828
0 0.058 0.63448 0.024 0.06897
0 0.091 0.41034 0.014 0.06897
0 0.128 0.83276 0.024 0.1069
0 0.158 0.84655 0.02 0.1
0 0.637 0.96379 0.026 0.05172
0 0.567 0.96034 0.026 0.05862
0 0.549 0.98621 0.03 0.07586
0 0.59 0.79828 0.024 0.05862
0 0.641 0.7 0.03 0.05517
0 0.649 0.66207 0.022 0.06207
0 0.664 0.64138 0.016 0.04138
0 0.62 0.66207 0.024 0.05517
0 0.604 0.65345 0.012 0.05862
0 0.597 0.56552 0.022 0.04138
0 0.568 0.56897 0.024 0.06207
0 0.524 0.56724 0.02 0.05172
0 0.476 0.54138 0.02 0.05517
0 0.509 0.54655 0.022 0.05862
0 0.504 0.4569 0.024 0.05172
0 0.471 0.4431 0.018 0.05172
0 0.459 0.4431 0.014 0.05172
0 0.515 0.25 0.018 0.03103
0 0.491 0.24828 0.014 0.04138
0 0.439 0.25862 0.014 0.03448
0 0.419 0.25862 0.014 0.03448
0 0.394 0.2569 0.016 0.03793
0 0.37 0.25345 0.016 0.03793
0 0.356 0.24483 0.016 0.03448
0 0.399 0.23103 0.014 0.02759
0 0.507 0.1431 0.014 0.03793
0 0.487 0.14655 0.01 0.04483
