0 0.5585714285714286 0.5707196029776674 0.04857142857142857 0.14392059553349876
0 0.955 0.8982630272952854 0.06714285714285714 0.12903225806451613
0 0.885 0.9317617866004962 0.06428571428571428 0.12655086848635236
0 0.8392857142857143 0.8883374689826302 0.047142857142857146 0.10918114143920596
0 0.7071428571428572 0.7406947890818859 0.07142857142857142 0.12158808933002481
0 0.575 0.9267990074441688 0.05 0.14640198511166252
0 0.6335714285714286 0.9602977667493796 0.047142857142857146 0.0794044665012407
0 0.32785714285714285 0.47766749379652607 0.03571428571428571 0.141439205955335
0 0.335 0.7766749379652605 0.041428571428571426 0.1588089330024814
0 0.2792857142857143 0.9143920595533499 0.05285714285714286 0.16129032258064516
0 0.2857142857142857 0.7406947890818859 0.04857142857142857 0.1315136476426799
0 0.31142857142857144 0.6464019851116626 0.04285714285714286 0.15632754342431762
0 0.2292857142857143 0.5893300248138957 0.032857142857142856 0.11662531017369727
0 0.26285714285714284 0.6575682382133995 0.03428571428571429 0.10918114143920596
0 0.05785714285714286 0.3945409429280397 0.032857142857142856 0.13399503722084366
0 0.10214285714285715 0.3709677419354839 0.032857142857142856 0.12655086848635236
0 0.13214285714285715 0.4044665012406948 0.032857142857142856 0.13399503722084366
0 0.10214285714285715 0.5459057071960298 0.05285714285714286 0.10918114143920596
0 0.07714285714285714 0.6215880893300249 0.05714285714285714 0.13647642679900746
0 0.24357142857142858 0.043424317617866005 0.03 0.08684863523573201
0 0.27214285714285713 0.05459057071960298 0.047142857142857146 0.10918114143920596
