0 0.015 0.9738805970149254 0.03 0.10199004975124377
0 0.47928571428571426 0.4253731343283582 0.012857142857142857 0.07462686567164178
0 0.48428571428571426 0.4253731343283582 0.008571428571428572 0.04975124378109453
0 0.5528571428571428 0.21517412935323382 0.014285714285714285 0.06716417910447761
0 0.5878571428571429 0.21144278606965175 0.015714285714285715 0.0845771144278607
0 0.8392857142857143 0.01616915422885572 0.012857142857142857 0.03233830845771144
0 0.9757142857142858 0.2736318407960199 0.014285714285714285 0.07462686567164178
0 0.7164285714285714 0.7611940298507462 0.018571428571428572 0.06965174129353234
0 0.8542857142857143 0.832089552238806 0.017142857142857144 0.08706467661691543
0 0.8464285714285714 0.8208955223880597 0.018571428571428572 0.0845771144278607
0 0.8242857142857143 0.8246268656716418 0.03428571428571429 0.08706467661691543
