0 0.792 0.68448 0.048 0.07241
0 0.778 0.31724 0.028 0.13103
0 0.63 0.31034 0.04 0.13103
0 0.185 0.25172 0.046 0.11724
0 0.152 0.26552 0.032 0.11034
0 0.059 0.31724 0.042 0.11724
0 0.532 0.68448 0.036 0.15517
0 0.568 0.72241 0.032 0.14828
0 0.493 0.73276 0.034 0.15517
0 0.657 0.81897 0.022 0.11379
0 0.608 0.81897 0.028 0.14828
0 0.607 0.73103 0.03 0.13793
0 0.293 0.93966 0.05 0.12069
0 0.376 0.95517 0.04 0.08966
0 0.134 0.09138 0.032 0.12069
0 0.157 0.1069 0.026 0.08966
0 0.478 0.05 0.028 0.07931
