0 0.158 0.61034 0.024 0.06207
0 0.091 0.66552 0.022 0.06207
0 0.158 0.80862 0.028 0.06552
0 0.093 0.83966 0.026 0.05862
0 0.357 0.78276 0.026 0.06897
0 0.183 0.73276 0.022 0.05172
0 0.351 0.71207 0.022 0.05172
0 0.366 0.71724 0.024 0.04138
0 0.647 0.96379 0.018 0.07241
0 0.636 0.97414 0.016 0.05172
0 0.674 0.97586 0.016 0.06207
0 0.75 0.92414 0.02 0.07586
0 0.736 0.90862 0.02 0.07241
0 0.716 0.94138 0.016 0.04828
0 0.13 0.7431 0.024 0.06552
0 0.833 0.90172 0.018 0.07241
0 0.817 0.9069 0.022 0.04828
0 0.709 0.78793 0.018 0.05862
0 0.704 0.83966 0.02 0.06552
0 0.799 0.81034 0.022 0.07586
0 0.35 0.82586 0.016 0.06552
0 0.34 0.83793 0.016 0.04828
0 0.359 0.83448 0.014 0.04828
0 0.091 0.74655 0.018 0.04483
0 0.101 0.75517 0.01 0.04138
0 0.111 0.74828 0.014 0.04828
0 0.914 0.83793 0.016 0.06207
0 0.739 0.76724 0.018 0.05862
0 0.75 0.77241 0.016 0.05517
0 0.767 0.77931 0.018 0.06207
0 0.784 0.77241 0.02 0.04828
0 0.722 0.75345 0.02 0.04483
0 0.933 0.86897 0.022 0.05517
0 0.949 0.88103 0.018 0.05862
0 0.955 0.86552 0.018 0.05517
0 0.965 0.88621 0.014 0.05517
0 0.973 0.89138 0.018 0.04483
