0 0.8421428571428572 0.6803482587064676 0.007142857142857143 0.03731343283582089
0 0.5178571428571429 0.7126865671641791 0.007142857142857143 0.03731343283582089
0 0.7778571428571428 0.8109452736318408 0.01 0.04477611940298507
0 0.7657142857142857 0.8109452736318408 0.008571428571428572 0.04477611940298507
0 0.765 0.804726368159204 0.01 0.0472636815920398
0 0.7357142857142858 0.7661691542288557 0.005714285714285714 0.03980099502487562
0 0.7692857142857142 0.7475124378109452 0.007142857142857143 0.04228855721393035
0 0.6885714285714286 0.75 0.005714285714285714 0.03731343283582089
0 0.6992857142857143 0.7512437810945274 0.007142857142857143 0.03980099502487562
0 0.7264285714285714 0.6791044776119403 0.007142857142857143 0.03482587064676617
0 0.7457142857142857 0.677860696517413 0.008571428571428572 0.03731343283582089
0 0.7507142857142857 0.6753731343283582 0.007142857142857143 0.03731343283582089
0 0.7578571428571429 0.677860696517413 0.007142857142857143 0.03731343283582089
0 0.7664285714285715 0.6766169154228856 0.004285714285714286 0.03482587064676617
0 0.7021428571428572 0.6455223880597015 0.007142857142857143 0.03731343283582089
0 0.7092857142857143 0.6243781094527363 0.007142857142857143 0.03482587064676617
0 0.755 0.6032338308457711 0.007142857142857143 0.03233830845771144
0 0.7457142857142857 0.6007462686567164 0.008571428571428572 0.03233830845771144
0 0.6821428571428572 0.6218905472636815 0.007142857142857143 0.029850746268656716
0 0.6885714285714286 0.6181592039800995 0.005714285714285714 0.03233830845771144
