0 0.175 0.9900497512437811 0.027142857142857142 0.15920398009950248
0 0.20642857142857143 0.9850746268656716 0.03857142857142857 0.14925373134328357
0 0.12714285714285714 0.6890547263681592 0.02857142857142857 0.06965174129353234
0 0.13857142857142857 0.6703980099502488 0.022857142857142857 0.06218905472636816
0 0.6635714285714286 0.7313432835820896 0.018571428571428572 0.1044776119402985
0 0.6792857142857143 0.7400497512437811 0.018571428571428572 0.09203980099502487
0 0.5271428571428571 0.527363184079602 0.02 0.04975124378109453
0 0.5442857142857143 0.5261194029850746 0.017142857142857144 0.05721393034825871
0 0.5635714285714286 0.5236318407960199 0.015714285714285715 0.05721393034825871
0 0.8357142857142857 0.373134328358209 0.008571428571428572 0.04477611940298507
0 0.8521428571428571 0.3718905472636816 0.007142857142857143 0.04228855721393035
0 0.9621428571428572 0.26616915422885573 0.007142857142857143 0.024875621890547265
