0 0.29428571428571426 0.8955223880597015 0.022857142857142857 0.07462686567164178
0 0.4492857142857143 0.9017412935323383 0.024285714285714285 0.08208955223880597
0 0.4564285714285714 0.8805970149253731 0.024285714285714285 0.07960199004975124
0 0.18857142857142858 0.9353233830845771 0.025714285714285714 0.0845771144278607
0 0.062142857142857146 0.9589552238805971 0.027142857142857142 0.07711442786069651
0 0.012857142857142857 0.9564676616915423 0.02 0.06716417910447761
0 0.1957142857142857 0.914179104477612 0.02 0.06218905472636816
0 0.18571428571428572 0.8768656716417911 0.017142857142857144 0.07711442786069651
0 0.215 0.8731343283582089 0.02142857142857143 0.03980099502487562
0 0.26785714285714285 0.8681592039800995 0.018571428571428572 0.06965174129353234
0 0.31142857142857144 0.8694029850746269 0.017142857142857144 0.07711442786069651
0 0.30428571428571427 0.8644278606965174 0.014285714285714285 0.07711442786069651
0 0.31857142857142856 0.8606965174129353 0.017142857142857144 0.07462686567164178
0 0.335 0.8594527363184079 0.02142857142857143 0.07213930348258707
0 0.3457142857142857 0.845771144278607 0.02 0.07462686567164178
0 0.34285714285714286 0.832089552238806 0.02 0.06716417910447761
0 0.3364285714285714 0.8171641791044776 0.02142857142857143 0.05223880597014925
0 0.3314285714285714 0.7786069651741293 0.014285714285714285 0.06467661691542288
0 0.3442857142857143 0.7599502487562189 0.017142857142857144 0.06218905472636816
0 0.33714285714285713 0.7524875621890548 0.017142857142857144 0.06716417910447761
0 0.25642857142857145 0.6517412935323383 0.018571428571428572 0.06965174129353234
0 0.27 0.6343283582089553 0.02 0.06965174129353234
0 0.48857142857142855 0.6442786069651741 0.02 0.04975124378109453
0 0.4742857142857143 0.5385572139303483 0.014285714285714285 0.05223880597014925
0 0.125 0.7674129353233831 0.015714285714285715 0.03233830845771144
0 0.42642857142857143 0.21517412935323382 0.01 0.04228855721393035
0 0.48142857142857143 0.15298507462686567 0.011428571428571429 0.04228855721393035
0 0.48928571428571427 0.15422885572139303 0.012857142857142857 0.04477611940298507
0 0.6485714285714286 0.05970149253731343 0.008571428571428572 0.04477611940298507
0 0.6285714285714286 0.13805970149253732 0.011428571428571429 0.03731343283582089
0 0.6728571428571428 0.05970149253731343 0.011428571428571429 0.03980099502487562
0 0.68 0.06343283582089553 0.008571428571428572 0.04228855721393035
0 0.6592857142857143 0.014925373134328358 0.01 0.029850746268656716
0 0.7864285714285715 0.4079601990049751 0.01 0.05472636815920398
0 0.82 0.4216417910447761 0.014285714285714285 0.03731343283582089
0 0.8278571428571428 0.4141791044776119 0.01 0.03233830845771144
0 0.8021428571428572 0.5982587064676617 0.015714285714285715 0.06218905472636816
0 0.82 0.5932835820895522 0.011428571428571429 0.05721393034825871
0 0.8414285714285714 0.6181592039800995 0.014285714285714285 0.06716417910447761
0 0.9428571428571428 0.7761194029850746 0.014285714285714285 0.07462686567164178
0 0.7871428571428571 0.6766169154228856 0.011428571428571429 0.04975124378109453
0 0.735 0.7810945273631841 0.012857142857142857 0.04975124378109453
0 0.7678571428571429 0.7835820895522388 0.018571428571428572 0.06467661691542288
0 0.8092857142857143 0.8544776119402985 0.015714285714285715 0.0472636815920398
0 0.8707142857142857 0.8519900497512438 0.015714285714285715 0.07711442786069651
0 0.9121428571428571 0.8992537313432836 0.015714285714285715 0.08208955223880597
0 0.8957142857142857 0.8208955223880597 0.02 0.05472636815920398
0 0.9992857142857143 0.8308457711442786 0.015714285714285715 0.05970149253731343
0 0.9657142857142857 0.7014925373134329 0.011428571428571429 0.05472636815920398
