0 0.61929 0.90672 0.05 0.11194
0 0.25857 0.85821 0.03429 0.1194
0 0.01714 0.69527 0.03429 0.09204
0 0.19714 0.76368 0.04286 0.10945
0 0.92357 0.51119 0.03857 0.12189
0 0.95071 0.50373 0.02429 0.10697
0 0.94643 0.4801 0.03 0.08955
0 0.91643 0.30597 0.02429 0.08955
0 0.89643 0.28856 0.03571 0.11443
0 0.85929 0.18532 0.03 0.08706
0 0.07214 0.07214 0.02429 0.10448
0 0.25786 0.21642 0.02429 0.10448
0 0.31857 0.16045 0.02571 0.10199
0 0.35786 0.08209 0.02429 0.10945
0 0.31714 0.04229 0.02286 0.08458
0 0.41 0.02985 0.01143 0.0597
0 0.42571 0.02736 0.01429 0.05473
0 0.30286 0.76493 0.02857 0.12189
0 0.33 0.77114 0.02857 0.08955
0 0.41857 0.81219 0.01429 0.06716
0 0.42929 0.84204 0.02429 0.12687
