0 0.513 0.4827586206896552 0.022 0.07586206896551724
0 0.067 0.506896551724138 0.022 0.05517241379310345
0 0.174 0.33448275862068966 0.012 0.06206896551724138
0 0.15 0.3275862068965517 0.012 0.06206896551724138
0 0.141 0.28620689655172415 0.01 0.06896551724137931
0 0.01 0.29310344827586204 0.008 0.041379310344827586
0 0.006 0.253448275862069 0.012 0.05862068965517241
0 0.053 0.2120689655172414 0.014 0.04482758620689655
0 0.031 0.22241379310344828 0.01 0.03103448275862069
0 0.013 0.20344827586206896 0.01 0.04827586206896552
0 0.072 0.19827586206896552 0.016 0.05862068965517241
0 0.075 0.18620689655172415 0.006 0.027586206896551724
0 0.005 0.14482758620689656 0.01 0.04827586206896552
0 0.124 0.20689655172413793 0.016 0.041379310344827586
0 0.241 0.2517241379310345 0.01 0.034482758620689655
0 0.366 0.2982758620689655 0.008 0.03103448275862069
0 0.155 0.2120689655172414 0.01 0.04482758620689655
0 0.228 0.8224137931034483 0.024 0.1
0 0.258 0.7948275862068965 0.024 0.08620689655172414
0 0.415 0.7189655172413794 0.018 0.06551724137931035
0 0.501 0.7775862068965518 0.022 0.10689655172413794
0 0.47 0.8172413793103448 0.028 0.06896551724137931
0 0.495 0.853448275862069 0.034 0.07931034482758621
0 0.539 0.8655172413793103 0.03 0.07586206896551724
0 0.681 0.7775862068965518 0.018 0.09310344827586207
0 0.696 0.7620689655172413 0.024 0.11724137931034483
0 0.728 0.9120689655172414 0.032 0.1206896551724138
0 0.764 0.9327586206896552 0.02 0.12758620689655173
0 0.816 0.5913793103448276 0.036 0.1
0 0.672 0.5258620689655172 0.02 0.09310344827586207
0 0.659 0.5241379310344828 0.01 0.06896551724137931
0 0.67 0.40344827586206894 0.016 0.07586206896551724
0 0.655 0.3896551724137931 0.018 0.06896551724137931
0 0.644 0.38620689655172413 0.02 0.06896551724137931
0 0.874 0.6189655172413793 0.024 0.07931034482758621
0 0.894 0.4724137931034483 0.028 0.06206896551724138
0 0.93 0.4862068965517241 0.028 0.08275862068965517
0 0.968 0.44482758620689655 0.028 0.09655172413793103
0 0.925 0.38620689655172413 0.018 0.06206896551724138
0 0.231 0.13620689655172413 0.014 0.04482758620689655
0 0.219 0.1396551724137931 0.01 0.03103448275862069
0 0.182 0.0603448275862069 0.012 0.04482758620689655
0 0.201 0.056896551724137934 0.01 0.04482758620689655
0 0.196 0.04482758620689655 0.012 0.041379310344827586
0 0.34 0.18448275862068966 0.02 0.07241379310344828
0 0.389 0.2896551724137931 0.014 0.06206896551724138
0 0.389 0.25 0.014 0.08620689655172414
0 0.445 0.16206896551724137 0.01 0.05517241379310345
0 0.648 0.2827586206896552 0.012 0.06896551724137931
0 0.641 0.296551724137931 0.006 0.034482758620689655
0 0.066 0.05517241379310345 0.012 0.04827586206896552
0 0.791 0.2655172413793103 0.01 0.05517241379310345
0 0.827 0.28448275862068967 0.01 0.05172413793103448
0 0.834 0.27586206896551724 0.012 0.06896551724137931
0 0.857 0.2706896551724138 0.01 0.04482758620689655
0 0.87 0.253448275862069 0.016 0.05862068965517241
0 0.523 0.28793103448275864 0.006 0.03103448275862069
0 0.514 0.2672413793103448 0.012 0.06551724137931035
0 0.503 0.2793103448275862 0.018 0.041379310344827586
0 0.5 0.2689655172413793 0.012 0.05517241379310345
0 0.482 0.2637931034482759 0.012 0.05862068965517241
0 0.472 0.2810344827586207 0.016 0.06551724137931035
0 0.471 0.2482758620689655 0.014 0.06206896551724138
0 0.457 0.25862068965517243 0.01 0.034482758620689655
0 0.406 0.23448275862068965 0.012 0.034482758620689655
0 0.426 0.22241379310344828 0.012 0.05862068965517241
0 0.561 0.2672413793103448 0.014 0.05862068965517241
0 0.55 0.24482758620689654 0.012 0.04827586206896552
0 0.578 0.2620689655172414 0.012 0.041379310344827586
0 0.61 0.24310344827586206 0.012 0.06551724137931035
0 0.621 0.2413793103448276 0.014 0.034482758620689655
0 0.588 0.2293103448275862 0.008 0.03793103448275862
0 0.594 0.21724137931034482 0.012 0.041379310344827586
0 0.597 0.20862068965517241 0.01 0.04482758620689655
0 0.611 0.16206896551724137 0.01 0.04827586206896552
0 0.633 0.1482758620689655 0.01 0.04827586206896552
0 0.426 0.11896551724137931 0.008 0.03793103448275862
0 0.348 0.10517241379310345 0.008 0.03793103448275862
0 0.341 0.10172413793103448 0.01 0.03793103448275862
0 0.408 0.11551724137931034 0.012 0.03793103448275862
0 0.387 0.10517241379310345 0.01 0.04482758620689655
0 0.398 0.10689655172413794 0.008 0.04827586206896552
0 0.802 0.19482758620689655 0.016 0.03793103448275862
0 0.834 0.16724137931034483 0.02 0.03103448275862069
0 0.782 0.1413793103448276 0.008 0.027586206896551724
0 0.788 0.13275862068965516 0.012 0.05172413793103448
0 0.77 0.18275862068965518 0.016 0.027586206896551724
0 0.735 0.1310344827586207 0.018 0.034482758620689655
0 0.725 0.10344827586206896 0.014 0.041379310344827586
0 0.697 0.08793103448275862 0.014 0.03103448275862069
0 0.669 0.14655172413793102 0.01 0.03103448275862069
0 0.664 0.13793103448275862 0.012 0.041379310344827586
0 0.658 0.12586206896551724 0.012 0.04482758620689655
0 0.559 0.08793103448275862 0.01 0.03103448275862069
0 0.623 0.09655172413793103 0.014 0.034482758620689655
0 0.601 0.09310344827586207 0.01 0.041379310344827586
0 0.977 0.15517241379310345 0.018 0.05517241379310345
0 0.954 0.1396551724137931 0.016 0.05172413793103448
0 0.964 0.21379310344827587 0.012 0.041379310344827586
0 0.949 0.2189655172413793 0.014 0.03793103448275862
0 0.937 0.2103448275862069 0.014 0.041379310344827586
0 0.925 0.19827586206896552 0.018 0.03103448275862069
