0 0.044 0.903448275862069 0.012 0.06896551724137931
0 0.018 0.6706896551724137 0.016 0.04482758620689655
0 0.097 0.7620689655172413 0.006 0.04827586206896552
0 0.106 0.7655172413793103 0.008 0.04827586206896552
0 0.142 0.7724137931034483 0.012 0.04827586206896552
0 0.176 0.7655172413793103 0.008 0.05517241379310345
0 0.209 0.6672413793103448 0.018 0.05172413793103448
0 0.236 0.7655172413793103 0.008 0.04827586206896552
0 0.249 0.7741379310344828 0.01 0.03793103448275862
0 0.224 0.9103448275862069 0.012 0.06896551724137931
0 0.222 0.8896551724137931 0.012 0.041379310344827586
0 0.23 0.8775862068965518 0.012 0.04482758620689655
0 0.261 0.9379310344827586 0.01 0.04827586206896552
0 0.266 0.9310344827586207 0.012 0.06896551724137931
0 0.284 0.9431034482758621 0.016 0.07241379310344828
0 0.258 0.8396551724137931 0.012 0.04482758620689655
0 0.273 0.8379310344827586 0.006 0.04827586206896552
0 0.293 0.8413793103448276 0.01 0.06206896551724138
0 0.3 0.8517241379310345 0.008 0.041379310344827586
0 0.37 0.7810344827586206 0.012 0.05172413793103448
0 0.408 0.8396551724137931 0.016 0.06551724137931035
0 0.437 0.8051724137931034 0.01 0.03103448275862069
0 0.493 0.7586206896551724 0.01 0.05517241379310345
0 0.48 0.7724137931034483 0.008 0.05517241379310345
0 0.484 0.7982758620689655 0.008 0.05172413793103448
0 0.503 0.7689655172413793 0.01 0.04827586206896552
0 0.528 0.7775862068965518 0.012 0.05862068965517241
0 0.529 0.8362068965517241 0.01 0.06551724137931035
0 0.534 0.8206896551724138 0.008 0.027586206896551724
0 0.48 0.9275862068965517 0.02 0.06896551724137931
0 0.526 0.9017241379310345 0.02 0.04482758620689655
0 0.85 0.9741379310344828 0.024 0.04482758620689655
0 0.92 0.8810344827586207 0.012 0.05862068965517241
0 0.945 0.8741379310344828 0.022 0.05172413793103448
