0 0.9264285714285714 0.40298507462686567 0.018571428571428572 0.04975124378109453
0 0.5335714285714286 0.26865671641791045 0.018571428571428572 0.05472636815920398
0 0.6407142857142857 0.39800995024875624 0.018571428571428572 0.05472636815920398
0 0.65 0.3644278606965174 0.017142857142857144 0.04228855721393035
0 0.4471428571428571 0.4962686567164179 0.02 0.0472636815920398
0 0.4585714285714286 0.5 0.017142857142857144 0.04477611940298507
0 0.32142857142857145 0.03233830845771144 0.014285714285714285 0.05472636815920398
0 0.18428571428571427 0.10074626865671642 0.014285714285714285 0.05721393034825871
0 0.18928571428571428 0.20522388059701493 0.01 0.05721393034825871
0 0.25214285714285717 0.2300995024875622 0.01 0.04228855721393035
0 0.3221428571428571 0.3818407960199005 0.015714285714285715 0.0472636815920398
0 0.25857142857142856 0.3308457711442786 0.017142857142857144 0.04975124378109453
0 0.2907142857142857 0.35074626865671643 0.012857142857142857 0.05472636815920398
0 0.26857142857142857 0.3843283582089552 0.014285714285714285 0.05223880597014925
0 0.2042857142857143 0.38681592039800994 0.011428571428571429 0.05223880597014925
0 0.21071428571428572 0.36691542288557216 0.012857142857142857 0.05223880597014925
0 0.23 0.3855721393034826 0.011428571428571429 0.05472636815920398
0 0.23285714285714285 0.36691542288557216 0.014285714285714285 0.05721393034825871
0 0.1757142857142857 0.43656716417910446 0.011428571428571429 0.05223880597014925
0 0.1657142857142857 0.42412935323383083 0.014285714285714285 0.05721393034825871
0 0.01 0.4763681592039801 0.017142857142857144 0.05721393034825871
0 0.01 0.4626865671641791 0.02 0.05472636815920398
