0 0.415 0.5932835820895522 0.01 0.04228855721393035
0 0.29428571428571426 0.5808457711442786 0.008571428571428572 0.03731343283582089
0 0.2885714285714286 0.5534825870646766 0.005714285714285714 0.03233830845771144
0 0.5785714285714286 0.5074626865671642 0.008571428571428572 0.03482587064676617
0 0.34 0.45149253731343286 0.005714285714285714 0.022388059701492536
0 0.3335714285714286 0.4490049751243781 0.007142857142857143 0.017412935323383085
0 0.24571428571428572 0.5597014925373134 0.005714285714285714 0.03482587064676617
0 0.18142857142857144 0.5509950248756219 0.005714285714285714 0.03731343283582089
0 0.16142857142857142 0.5659203980099502 0.008571428571428572 0.03233830845771144
0 0.205 0.5534825870646766 0.007142857142857143 0.03233830845771144
0 0.20785714285714285 0.5534825870646766 0.007142857142857143 0.03233830845771144
0 0.56 0.4975124378109453 0.008571428571428572 0.029850746268656716
0 0.5685714285714286 0.4962686567164179 0.008571428571428572 0.02736318407960199
0 0.8321428571428572 0.6293532338308457 0.012857142857142857 0.04975124378109453
0 0.3092857142857143 0.4490049751243781 0.007142857142857143 0.022388059701492536
0 0.9328571428571428 0.6417910447761194 0.011428571428571429 0.04477611940298507
0 0.8521428571428571 0.568407960199005 0.01 0.03233830845771144
0 0.8435714285714285 0.5659203980099502 0.01 0.03233830845771144
0 0.8257142857142857 0.5410447761194029 0.008571428571428572 0.03233830845771144
0 0.8078571428571428 0.5410447761194029 0.01 0.03233830845771144
0 0.8421428571428572 0.503731343283582 0.007142857142857143 0.022388059701492536
0 0.8535714285714285 0.5 0.007142857142857143 0.03482587064676617
0 0.9328571428571428 0.5024875621890548 0.005714285714285714 0.024875621890547265
0 0.9428571428571428 0.5012437810945274 0.008571428571428572 0.02736318407960199
