0 0.933 0.9258620689655173 0.122 0.24482758620689654
0 0.718 0.8603448275862069 0.112 0.23793103448275862
0 0.789 0.7086206896551724 0.098 0.23103448275862068
0 0.974 0.75 0.084 0.21724137931034482
0 0.995 0.6258620689655172 0.086 0.23793103448275862
0 0.829 0.596551724137931 0.078 0.20689655172413793
0 0.854 0.5051724137931034 0.072 0.1896551724137931
0 0.887 0.4241379310344828 0.066 0.1724137931034483
0 0.605 0.5896551724137931 0.09 0.2206896551724138
0 0.179 0.27586206896551724 0.05 0.14482758620689656
0 0.307 0.12758620689655173 0.034 0.11724137931034483
0 0.248 0.13793103448275862 0.028 0.11724137931034483
0 0.227 0.1206896551724138 0.03 0.1103448275862069
0 0.215 0.06896551724137931 0.022 0.08275862068965517
0 0.909 0.3758620689655172 0.058 0.16551724137931034
0 0.926 0.3258620689655172 0.048 0.1482758620689655
0 0.944 0.2793103448275862 0.052 0.15172413793103448
0 0.969 0.23620689655172414 0.042 0.13448275862068965
0 0.989 0.20172413793103447 0.042 0.12758620689655173
