0 0.5728571428571428 0.9305210918114144 0.045714285714285714 0.13895781637717122
0 0.7114285714285714 0.6786600496277916 0.05142857142857143 0.141439205955335
0 0.7342857142857143 0.8846153846153846 0.07428571428571429 0.16129032258064516
0 0.865 0.5645161290322581 0.05285714285714286 0.14640198511166252
0 0.9171428571428571 0.5707196029776674 0.04285714285714286 0.09925558312655088
0 0.9664285714285714 0.5607940446650124 0.05 0.1588089330024814
0 0.8385714285714285 0.8647642679900744 0.05142857142857143 0.18114143920595532
0 0.9721428571428572 0.7890818858560794 0.05857142857142857 0.17866004962779156
0 0.9942857142857143 0.9392059553349876 0.045714285714285714 0.11662531017369727
0 0.2342857142857143 0.9317617866004962 0.054285714285714284 0.13647642679900746
