0 0.8578571428571429 0.3805970149253731 0.007142857142857143 0.04477611940298507
0 0.8514285714285714 0.3805970149253731 0.011428571428571429 0.03482587064676617
0 0.8207142857142857 0.42786069651741293 0.01 0.04477611940298507
0 0.8307142857142857 0.43159203980099503 0.01 0.0472636815920398
0 0.7228571428571429 0.47139303482587064 0.008571428571428572 0.0472636815920398
0 0.8642857142857143 0.8383084577114428 0.022857142857142857 0.07462686567164178
0 0.8592857142857143 0.7972636815920398 0.018571428571428572 0.07213930348258707
0 0.2621428571428571 0.7810945273631841 0.02142857142857143 0.05970149253731343
0 0.23857142857142857 0.7624378109452736 0.017142857142857144 0.05721393034825871
0 0.37 0.6156716417910447 0.017142857142857144 0.05721393034825871
0 0.5107142857142857 0.5497512437810945 0.018571428571428572 0.06467661691542288
0 0.5185714285714286 0.5509950248756219 0.014285714285714285 0.05223880597014925
0 0.48142857142857143 0.5410447761194029 0.011428571428571429 0.05721393034825871
0 0.4714285714285714 0.5410447761194029 0.011428571428571429 0.05721393034825871
0 0.49785714285714283 0.5659203980099502 0.018571428571428572 0.04228855721393035
