0 0.8121428571428572 0.18858560794044665 0.02142857142857143 0.019851116625310174
0 0.7828571428571428 0.15508684863523572 0.017142857142857144 0.017369727047146403
0 0.785 0.17369727047146402 0.015714285714285715 0.019851116625310174
0 0.21285714285714286 0.7531017369727047 0.014285714285714285 0.03225806451612903
0 0.1492857142857143 0.9230769230769231 0.015714285714285715 0.034739454094292806
0 0.04285714285714286 0.7456575682382134 0.017142857142857144 0.04218362282878412
0 0.06142857142857143 0.36228287841191065 0.014285714285714285 0.034739454094292806
0 0.04 0.12406947890818859 0.014285714285714285 0.03970223325062035
0 0.06642857142857143 0.038461538461538464 0.012857142857142857 0.03225806451612903
0 0.024285714285714285 0.016129032258064516 0.011428571428571429 0.03225806451612903
0 0.08 0.05334987593052109 0.008571428571428572 0.02729528535980149
0 0.10428571428571429 0.08436724565756824 0.011428571428571429 0.02481389578163772
