0 0.02142857142857143 0.8905472636815921 0.04285714285714286 0.20398009950248755
0 0.02142857142857143 0.5161691542288557 0.025714285714285714 0.14676616915422885
0 0.05285714285714286 0.8681592039800995 0.03428571428571429 0.18407960199004975
0 0.1957142857142857 0.9067164179104478 0.05142857142857143 0.10199004975124377
0 0.3028571428571429 0.8470149253731343 0.04857142857142857 0.17661691542288557
0 0.10357142857142858 0.4651741293532338 0.03 0.12437810945273632
0 0.08928571428571429 0.3271144278606965 0.018571428571428572 0.11691542288557213
0 0.26571428571428574 0.2537313432835821 0.014285714285714285 0.07960199004975124
0 0.24642857142857144 0.4291044776119403 0.03 0.05223880597014925
0 0.26571428571428574 0.4166666666666667 0.022857142857142857 0.09203980099502487
0 0.29285714285714287 0.40671641791044777 0.02857142857142857 0.07213930348258707
0 0.47214285714285714 0.7823383084577115 0.07285714285714286 0.19651741293532338
0 0.47785714285714287 0.7126865671641791 0.027142857142857142 0.06218905472636816
0 0.45357142857142857 0.7201492537313433 0.03571428571428571 0.17661691542288557
0 0.43 0.7126865671641791 0.04285714285714286 0.17661691542288557
0 0.5185714285714286 0.6865671641791045 0.05142857142857143 0.16417910447761194
0 0.5142857142857142 0.6716417910447762 0.03428571428571429 0.15920398009950248
0 0.5385714285714286 0.6691542288557214 0.03428571428571429 0.15920398009950248
0 0.6364285714285715 0.5945273631840796 0.03857142857142857 0.14925373134328357
0 0.5814285714285714 0.5199004975124378 0.03428571428571429 0.1044776119402985
0 0.6228571428571429 0.4900497512437811 0.04 0.12437810945273632
0 0.5207142857142857 0.47139303482587064 0.03857142857142857 0.13681592039800994
0 0.505 0.4191542288557214 0.024285714285714285 0.11194029850746269
0 0.245 0.5447761194029851 0.024285714285714285 0.14925373134328357
0 0.7107142857142857 0.35323383084577115 0.03 0.10945273631840796
0 0.98 0.21144278606965175 0.017142857142857144 0.0845771144278607
0 0.6671428571428571 0.05845771144278607 0.011428571428571429 0.0472636815920398
0 0.6535714285714286 0.05223880597014925 0.007142857142857143 0.04975124378109453
0 0.6421428571428571 0.046019900497512436 0.012857142857142857 0.06218905472636816
0 0.46285714285714286 0.24875621890547264 0.017142857142857144 0.1044776119402985
0 0.06285714285714286 0.7835820895522388 0.03142857142857143 0.1691542288557214
0 0.09357142857142857 0.09825870646766169 0.01 0.06716417910447761
