0 0.11214285714285714 0.5907960199004975 0.02142857142857143 0.06716417910447761
0 0.13214285714285715 0.4527363184079602 0.02142857142857143 0.06965174129353234
0 0.03142857142857143 0.4639303482587065 0.017142857142857144 0.07711442786069651
0 0.012857142857142857 0.4689054726368159 0.025714285714285714 0.08208955223880597
0 0.075 0.2848258706467662 0.02142857142857143 0.05721393034825871
0 0.10357142857142858 0.2873134328358209 0.015714285714285715 0.06716417910447761
0 0.13071428571428573 0.25870646766169153 0.012857142857142857 0.05970149253731343
0 0.12 0.09701492537313433 0.011428571428571429 0.05472636815920398
0 0.10714285714285714 0.0472636815920398 0.008571428571428572 0.05472636815920398
0 0.10571428571428572 0.041044776119402986 0.008571428571428572 0.0472636815920398
0 0.08857142857142856 0.03233830845771144 0.011428571428571429 0.04477611940298507
0 0.07 0.014925373134328358 0.011428571428571429 0.029850746268656716
