0 0.148 0.9862068965517241 0.024 0.07586206896551724
0 0.096 0.8655172413793103 0.024 0.06896551724137931
0 0.143 0.8603448275862069 0.014 0.06551724137931035
0 0.166 0.8637931034482759 0.02 0.07241379310344828
0 0.238 0.9862068965517241 0.016 0.06896551724137931
0 0.241 0.9120689655172414 0.018 0.10689655172413794
0 0.206 0.8913793103448275 0.02 0.09310344827586207
0 0.216 0.8482758620689655 0.012 0.04827586206896552
0 0.202 0.8 0.012 0.07586206896551724
0 0.181 0.8551724137931035 0.01 0.08275862068965517
0 0.342 0.8241379310344827 0.016 0.04827586206896552
