0 0.055714285714285716 0.9353233830845771 0.04 0.15422885572139303
0 0.3892857142857143 0.9626865671641791 0.03571428571428571 0.14427860696517414
0 0.3607142857142857 0.9340796019900498 0.03857142857142857 0.16666666666666666
0 0.335 0.8582089552238806 0.027142857142857142 0.11940298507462686
0 0.6985714285714286 0.7611940298507462 0.03142857142857143 0.13432835820895522
0 0.715 0.7587064676616916 0.02142857142857143 0.12935323383084577
0 0.7335714285714285 0.7611940298507462 0.032857142857142856 0.12935323383084577
0 0.78 0.5945273631840796 0.02 0.11442786069651742
0 0.7635714285714286 0.599502487562189 0.02142857142857143 0.11940298507462686
0 0.7164285714285714 0.5634328358208955 0.027142857142857142 0.11194029850746269
0 0.7407142857142858 0.5522388059701493 0.024285714285714285 0.11940298507462686
0 0.9264285714285714 0.654228855721393 0.03 0.11940298507462686
0 0.7735714285714286 0.7375621890547264 0.03 0.12189054726368159
0 0.7321428571428571 0.6791044776119403 0.027142857142857142 0.12437810945273632
0 0.2542857142857143 0.7077114427860697 0.045714285714285714 0.11194029850746269
0 0.22214285714285714 0.7101990049751243 0.02142857142857143 0.06716417910447761
0 0.29428571428571426 0.42661691542288555 0.03428571428571429 0.09701492537313433
0 0.3492857142857143 0.24004975124378108 0.02142857142857143 0.05721393034825871
0 0.12928571428571428 0.2935323383084577 0.02142857142857143 0.07960199004975124
0 0.1392857142857143 0.2922885572139303 0.018571428571428572 0.07711442786069651
0 0.15285714285714286 0.29850746268656714 0.017142857142857144 0.06467661691542288
0 0.19214285714285714 0.1927860696517413 0.015714285714285715 0.06218905472636816
0 0.2007142857142857 0.20398009950248755 0.012857142857142857 0.04975124378109453
0 0.20857142857142857 0.20149253731343283 0.011428571428571429 0.03482587064676617
0 0.04642857142857143 0.1044776119402985 0.018571428571428572 0.06467661691542288
0 0.054285714285714284 0.10199004975124377 0.014285714285714285 0.06467661691542288
0 0.06357142857142857 0.10696517412935323 0.018571428571428572 0.05970149253731343
0 0.8278571428571428 0.07835820895522388 0.012857142857142857 0.06716417910447761
0 0.8678571428571429 0.08333333333333333 0.015714285714285715 0.04228855721393035
0 0.8864285714285715 0.043532338308457715 0.01 0.04228855721393035
0 0.8978571428571429 0.041044776119402986 0.01 0.04228855721393035
0 0.9878571428571429 0.06343283582089553 0.012857142857142857 0.03233830845771144
