0 0.09857142857142857 0.31840796019900497 0.005714285714285714 0.014925373134328358
0 0.05 0.32213930348258707 0.005714285714285714 0.017412935323383085
0 0.10428571428571429 0.4502487562189055 0.008571428571428572 0.024875621890547265
0 0.10357142857142858 0.4552238805970149 0.007142857142857143 0.024875621890547265
0 0.2764285714285714 0.572139303482587 0.01 0.04975124378109453
0 0.26571428571428574 0.5733830845771144 0.011428571428571429 0.0472636815920398
0 0.4114285714285714 0.6318407960199005 0.014285714285714285 0.05472636815920398
0 0.5514285714285714 0.6243781094527363 0.014285714285714285 0.03980099502487562
0 0.9342857142857143 0.5907960199004975 0.011428571428571429 0.05223880597014925
0 0.9285714285714286 0.585820895522388 0.014285714285714285 0.05223880597014925
0 0.10357142857142858 0.9788557213930348 0.02142857142857143 0.09701492537313433
0 0.12428571428571429 0.9676616915422885 0.017142857142857144 0.0945273631840796
0 0.1492857142857143 0.9838308457711443 0.02142857142857143 0.08706467661691543
0 0.13714285714285715 0.9838308457711443 0.017142857142857144 0.09701492537313433
0 0.12642857142857142 0.6218905472636815 0.01 0.04477611940298507
