0 0.571 0.82759 0.058 0.24828
0 0.05 0.4 0.036 0.11724
0 0.205 0.3931 0.026 0.11034
0 0.229 0.38621 0.026 0.06207
0 0.24 0.40172 0.02 0.04483
0 0.237 0.20862 0.022 0.07931
0 0.26 0.19483 0.02 0.08621
0 0.21 0.2069 0.02 0.08966
0 0.178 0.2069 0.02 0.08966
0 0.158 0.2069 0.02 0.08966
0 0.966 0.68448 0.064 0.23103
0 0.877 0.27586 0.034 0.08966
0 0.605 0.27414 0.034 0.0931
0 0.562 0.23103 0.032 0.09655
0 0.592 0.23621 0.028 0.04483
0 0.635 0.22759 0.026 0.09655
0 0.704 0.23448 0.024 0.08966
0 0.671 0.2 0.018 0.06207
0 0.683 0.1931 0.018 0.06207
