0 0.065 0.5586206896551724 0.006 0.034482758620689655
0 0.074 0.5586206896551724 0.008 0.027586206896551724
0 0.126 0.4982758620689655 0.008 0.03103448275862069
0 0.09 0.41724137931034483 0.004 0.027586206896551724
0 0.127 0.43103448275862066 0.006 0.027586206896551724
0 0.171 0.41724137931034483 0.006 0.020689655172413793
0 0.337 0.44655172413793104 0.006 0.02413793103448276
0 0.975 0.44655172413793104 0.006 0.02413793103448276
0 0.991 0.4482758620689655 0.006 0.027586206896551724
0 0.899 0.4482758620689655 0.006 0.027586206896551724
0 0.901 0.45 0.006 0.02413793103448276
