0 0.367 0.2 0.018 0.09655
0 0.359 0.26379 0.026 0.1
0 0.457 0.25517 0.026 0.08966
0 0.678 0.29483 0.024 0.1069
0 0.639 0.61897 0.034 0.21034
0 0.736 0.81897 0.04 0.28621
0 0.421 0.68276 0.054 0.21379
0 0.317 0.88621 0.054 0.28276
0 0.65 0.91379 0.048 0.28966
0 0.827 0.87931 0.062 0.28966
0 0.764 0.18621 0.02 0.10345
0 0.813 0.22414 0.026 0.09655
0 0.631 0.31207 0.026 0.08621
0 0.796 0.6 0.036 0.1931
0 0.809 0.57759 0.042 0.21724
0 0.791 0.55345 0.022 0.07931
0 0.239 0.63966 0.038 0.1
0 0.184 0.62069 0.052 0.11724
0 0.279 0.46379 0.026 0.05862
0 0.255 0.44828 0.03 0.05517
0 0.229 0.46379 0.03 0.05172
0 0.197 0.45172 0.042 0.08276
0 0.226 0.43276 0.028 0.07931
0 0.208 0.43276 0.028 0.0931
0 0.278 0.27241 0.02 0.04828
0 0.265 0.23621 0.026 0.05172
0 0.227 0.23621 0.03 0.06552
0 0.304 0.20345 0.02 0.06207
