0 0.22214285714285714 0.29850746268656714 0.018571428571428572 0.04975124378109453
0 0.06357142857142857 0.30223880597014924 0.01 0.05721393034825871
0 0.255 0.7661691542288557 0.018571428571428572 0.04975124378109453
0 0.265 0.7487562189054726 0.015714285714285715 0.03482587064676617
0 0.2792857142857143 0.7549751243781094 0.012857142857142857 0.0472636815920398
0 0.2857142857142857 0.7599502487562189 0.014285714285714285 0.04228855721393035
0 0.28714285714285714 0.7798507462686567 0.014285714285714285 0.05721393034825871
0 0.2735714285714286 0.7848258706467661 0.015714285714285715 0.05223880597014925
0 0.21357142857142858 0.16791044776119404 0.01 0.05223880597014925
0 0.2 0.21144278606965175 0.008571428571428572 0.04477611940298507
0 0.205 0.21019900497512436 0.007142857142857143 0.03731343283582089
0 0.20714285714285716 0.21890547263681592 0.008571428571428572 0.03482587064676617
0 0.2257142857142857 0.21019900497512436 0.008571428571428572 0.02736318407960199
