0 0.582 0.99483 0.024 0.06552
0 0.441 0.86897 0.018 0.04138
0 0.442 0.85345 0.016 0.04483
0 0.63 0.71724 0.012 0.04138
0 0.708 0.70862 0.012 0.04483
0 0.667 0.67931 0.014 0.03448
0 0.698 0.62759 0.012 0.02759
0 0.724 0.5931 0.012 0.03448
0 0.726 0.56034 0.008 0.03103
0 0.733 0.50345 0.006 0.03448
0 0.716 0.48621 0.012 0.02759
0 0.75 0.50172 0.008 0.03103
0 0.893 0.44828 0.006 0.02069
0 0.947 0.48276 0.01 0.03448
0 0.966 0.49483 0.008 0.02414
0 0.903 0.51379 0.01 0.02759
0 0.871 0.49483 0.006 0.02414
