0 0.7485714285714286 0.753731343283582 0.017142857142857144 0.0945273631840796
0 0.7485714285714286 0.7238805970149254 0.022857142857142857 0.09950248756218906
0 0.5564285714285714 0.804726368159204 0.018571428571428572 0.10199004975124377
0 0.565 0.7947761194029851 0.027142857142857142 0.06716417910447761
0 0.5985714285714285 0.7699004975124378 0.02 0.09203980099502487
0 0.5778571428571428 0.7574626865671642 0.018571428571428572 0.09701492537313433
0 0.5935714285714285 0.7524875621890548 0.015714285714285715 0.08208955223880597
0 0.6192857142857143 0.753731343283582 0.02142857142857143 0.0945273631840796
0 0.6364285714285715 0.75 0.02142857142857143 0.09701492537313433
0 0.6457142857142857 0.7599502487562189 0.014285714285714285 0.06218905472636816
0 0.63 0.7325870646766169 0.014285714285714285 0.09203980099502487
0 0.6228571428571429 0.7151741293532339 0.014285714285714285 0.07711442786069651
0 0.63 0.7101990049751243 0.014285714285714285 0.07711442786069651
0 0.625 0.6840796019900498 0.012857142857142857 0.04975124378109453
0 0.6314285714285715 0.6703980099502488 0.017142857142857144 0.08706467661691543
0 0.6578571428571428 0.7238805970149254 0.018571428571428572 0.0945273631840796
0 0.6592857142857143 0.6890547263681592 0.018571428571428572 0.08955223880597014
0 0.6457142857142857 0.6703980099502488 0.017142857142857144 0.09203980099502487
0 0.6807142857142857 0.677860696517413 0.018571428571428572 0.10199004975124377
0 0.6785714285714286 0.664179104477612 0.02 0.0945273631840796
0 0.7214285714285714 0.6753731343283582 0.017142857142857144 0.07711442786069651
0 0.7035714285714286 0.6604477611940298 0.018571428571428572 0.09203980099502487
0 0.72 0.6666666666666666 0.014285714285714285 0.06965174129353234
0 0.7235714285714285 0.650497512437811 0.018571428571428572 0.08208955223880597
0 0.72 0.6019900497512438 0.017142857142857144 0.05970149253731343
0 0.62 0.5883084577114428 0.014285714285714285 0.08208955223880597
0 0.6328571428571429 0.5808457711442786 0.014285714285714285 0.08706467661691543
0 0.5435714285714286 0.7201492537313433 0.03857142857142857 0.07711442786069651
0 0.5428571428571428 0.7052238805970149 0.025714285714285714 0.06716417910447761
0 0.9642857142857143 0.48880597014925375 0.02 0.05721393034825871
0 0.945 0.6803482587064676 0.02142857142857143 0.0472636815920398
0 0.94 0.6890547263681592 0.02857142857142857 0.05472636815920398
0 0.10928571428571429 0.2997512437810945 0.018571428571428572 0.02736318407960199
0 0.21214285714285713 0.3072139303482587 0.015714285714285715 0.0472636815920398
0 0.195 0.27860696517412936 0.012857142857142857 0.03980099502487562
0 0.5314285714285715 0.291044776119403 0.017142857142857144 0.029850746268656716
0 0.5857142857142857 0.14427860696517414 0.008571428571428572 0.024875621890547265
