0 0.961 0.9293103448275862 0.07 0.24482758620689654
0 0.677 0.95 0.066 0.27241379310344827
0 0.63 0.9362068965517242 0.056 0.23103448275862068
0 0.839 0.7258620689655172 0.054 0.23103448275862068
0 0.96 0.7241379310344828 0.036 0.18620689655172415
0 0.905 0.7379310344827587 0.038 0.20689655172413793
0 0.93 0.7344827586206897 0.04 0.22758620689655173
0 0.019 0.24482758620689654 0.022 0.06896551724137931
0 0.006 0.24655172413793103 0.012 0.05172413793103448
0 0.145 0.23275862068965517 0.03 0.08620689655172414
0 0.171 0.22758620689655173 0.038 0.0896551724137931
0 0.296 0.21724137931034482 0.024 0.04827586206896552
0 0.274 0.29482758620689653 0.024 0.10689655172413794
0 0.284 0.2982758620689655 0.02 0.10689655172413794
0 0.304 0.29310344827586204 0.032 0.10344827586206896
0 0.541 0.3120689655172414 0.03 0.1206896551724138
0 0.559 0.3017241379310345 0.03 0.1206896551724138
0 0.618 0.32413793103448274 0.028 0.10344827586206896
0 0.638 0.32068965517241377 0.028 0.10344827586206896
0 0.66 0.3120689655172414 0.028 0.1
0 0.665 0.41551724137931034 0.034 0.12758620689655173
0 0.717 0.3879310344827586 0.026 0.10689655172413794
0 0.73 0.4103448275862069 0.02 0.1103448275862069
0 0.757 0.3275862068965517 0.018 0.09655172413793103
0 0.79 0.3931034482758621 0.048 0.10344827586206896
0 0.743 0.2396551724137931 0.026 0.08620689655172414
0 0.627 0.17413793103448275 0.018 0.05862068965517241
0 0.645 0.17586206896551723 0.018 0.05517241379310345
0 0.866 0.5793103448275863 0.036 0.1724137931034483
0 0.859 0.44482758620689655 0.034 0.1310344827586207
0 0.767 0.16034482758620688 0.022 0.06551724137931035
0 0.776 0.20344827586206896 0.024 0.07586206896551724
0 0.837 0.14482758620689656 0.018 0.05517241379310345
0 0.868 0.16206896551724137 0.016 0.06206896551724138
0 0.854 0.16379310344827586 0.016 0.05862068965517241
0 0.859 0.2120689655172414 0.022 0.05862068965517241
0 0.827 0.28448275862068967 0.03 0.11379310344827587
0 0.977 0.4362068965517241 0.022 0.12758620689655173
0 0.951 0.4586206896551724 0.018 0.12413793103448276
0 0.927 0.4413793103448276 0.026 0.13793103448275862
0 0.867 0.3482758620689655 0.022 0.10344827586206896
0 0.885 0.3568965517241379 0.022 0.10689655172413794
0 0.872 0.30517241379310345 0.02 0.05172413793103448
0 0.899 0.30344827586206896 0.022 0.0896551724137931
0 0.916 0.2103448275862069 0.02 0.06896551724137931
0 0.93 0.21379310344827587 0.016 0.06896551724137931
0 0.942 0.21379310344827587 0.016 0.06206896551724138
0 0.972 0.22413793103448276 0.016 0.06896551724137931
0 0.992 0.2206896551724138 0.02 0.06206896551724138
0 0.92 0.2827586206896552 0.016 0.09655172413793103
0 0.94 0.2827586206896552 0.02 0.0896551724137931
0 0.945 0.3586206896551724 0.022 0.09655172413793103
0 0.989 0.3620689655172414 0.018 0.10344827586206896
0 0.972 0.3620689655172414 0.02 0.10344827586206896
0 0.968 0.3 0.02 0.07586206896551724
0 0.992 0.2982758620689655 0.016 0.07241379310344828
0 0.981 0.2706896551724138 0.014 0.06551724137931035
0 0.007 0.15689655172413794 0.014 0.05172413793103448
0 0.01 0.08448275862068966 0.016 0.04482758620689655
0 0.056 0.10344827586206896 0.016 0.04827586206896552
0 0.073 0.10517241379310345 0.018 0.05172413793103448
0 0.088 0.10344827586206896 0.012 0.04827586206896552
0 0.116 0.13793103448275862 0.02 0.04827586206896552
0 0.177 0.1206896551724138 0.018 0.05517241379310345
0 0.239 0.1396551724137931 0.018 0.05862068965517241
0 0.273 0.13620689655172413 0.022 0.05862068965517241
0 0.317 0.15 0.01 0.04482758620689655
0 0.327 0.15 0.014 0.03793103448275862
0 0.337 0.1482758620689655 0.018 0.041379310344827586
0 0.413 0.12413793103448276 0.014 0.05517241379310345
0 0.459 0.14310344827586208 0.018 0.06551724137931035
0 0.554 0.12241379310344827 0.012 0.05172413793103448
0 0.536 0.15344827586206897 0.012 0.05172413793103448
