0 0.735 0.9275862068965517 0.05 0.13793103448275862
0 0.955 0.2189655172413793 0.034 0.1482758620689655
0 0.88 0.3724137931034483 0.028 0.11724137931034483
0 0.867 0.36551724137931035 0.022 0.12413793103448276
0 0.842 0.3413793103448276 0.024 0.10344827586206896
0 0.888 0.2293103448275862 0.024 0.10689655172413794
0 0.833 0.19655172413793104 0.03 0.1103448275862069
0 0.961 0.08448275862068966 0.022 0.11379310344827587
0 0.975 0.07241379310344828 0.026 0.0896551724137931
0 0.91 0.13793103448275862 0.024 0.1103448275862069
0 0.89 0.10862068965517241 0.032 0.1
0 0.026 0.12931034482758622 0.04 0.11379310344827587
0 0.155 0.9620689655172414 0.062 0.07586206896551724
