0 0.4035714285714286 0.8656716417910447 0.01 0.03980099502487562
0 0.4035714285714286 0.8718905472636815 0.018571428571428572 0.06716417910447761
0 0.5257142857142857 0.6940298507462687 0.008571428571428572 0.05472636815920398
0 0.8414285714285714 0.6019900497512438 0.011428571428571429 0.03980099502487562
0 0.8457142857142858 0.5248756218905473 0.008571428571428572 0.03482587064676617
0 0.8585714285714285 0.4701492537313433 0.005714285714285714 0.029850746268656716
0 0.8792857142857143 0.4291044776119403 0.007142857142857143 0.02736318407960199
0 0.9807142857142858 0.4092039800995025 0.007142857142857143 0.022388059701492536
0 0.8814285714285715 0.39676616915422885 0.005714285714285714 0.017412935323383085
0 0.885 0.39427860696517414 0.004285714285714286 0.017412935323383085
0 0.9085714285714286 0.36318407960199006 0.002857142857142857 0.01990049751243781
0 0.9078571428571428 0.35447761194029853 0.004285714285714286 0.022388059701492536
0 0.9142857142857143 0.30845771144278605 0.002857142857142857 0.014925373134328358
0 0.9771428571428571 0.3383084577114428 0.005714285714285714 0.009950248756218905
