0 0.05928571428571429 0.09825870646766169 0.004285714285714286 0.022388059701492536
0 0.05285714285714286 0.1044776119402985 0.005714285714285714 0.01990049751243781
0 0.12214285714285714 0.19776119402985073 0.007142857142857143 0.02736318407960199
0 0.23857142857142857 0.17786069651741293 0.005714285714285714 0.03233830845771144
0 0.24285714285714285 0.17537313432835822 0.005714285714285714 0.03233830845771144
0 0.24785714285714286 0.17661691542288557 0.007142857142857143 0.03482587064676617
0 0.12071428571428572 0.2997512437810945 0.007142857142857143 0.04228855721393035
0 0.10142857142857142 0.2997512437810945 0.008571428571428572 0.04228855721393035
0 0.15428571428571428 0.3420398009950249 0.03142857142857143 0.0472636815920398
0 0.09142857142857143 0.36069651741293535 0.008571428571428572 0.029850746268656716
0 0.09142857142857143 0.35074626865671643 0.008571428571428572 0.03482587064676617
0 0.07785714285714286 0.3843283582089552 0.01 0.03233830845771144
0 0.155 0.5609452736318408 0.012857142857142857 0.05721393034825871
