0 0.91214 0.52861 0.01571 0.06219
0 0.76857 0.5 0.01714 0.09453
0 0.905 0.31343 0.01286 0.06965
0 0.89643 0.28731 0.01286 0.06219
0 0.88786 0.32587 0.01286 0.07463
0 0.88 0.33955 0.01429 0.06716
0 0.86786 0.33209 0.01286 0.07711
0 0.66929 0.46517 0.01571 0.09453
0 0.61214 0.44652 0.01857 0.08706
0 0.59929 0.45771 0.01 0.0597
0 0.69429 0.301 0.01143 0.06468
0 0.52357 0.43035 0.01571 0.0796
0 0.56714 0.38806 0.01143 0.08955
0 0.53357 0.38433 0.01857 0.06219
0 0.50714 0.38433 0.02 0.08706
0 0.48 0.39552 0.02 0.08458
0 0.46071 0.37687 0.01571 0.05721
0 0.44286 0.37065 0.01429 0.0597
0 0.43 0.36443 0.01429 0.05224
0 0.36571 0.36567 0.01429 0.07463
0 0.43214 0.30224 0.01571 0.07711
0 0.46071 0.30348 0.01286 0.06965
0 0.48786 0.28234 0.01286 0.06716
0 0.56429 0.32587 0.01143 0.06468
0 0.02357 0.13806 0.01286 0.05721
0 0.01643 0.13433 0.01286 0.04975
0 0.09714 0.12313 0.01429 0.05224
0 0.11071 0.12189 0.01286 0.05473
0 0.11714 0.12438 0.01429 0.0597
0 0.3 0.10945 0.00857 0.05473
0 0.31143 0.10945 0.01143 0.04975
0 0.32071 0.10945 0.01 0.0597
0 0.43 0.07214 0.01143 0.02985
0 0.44643 0.0709 0.01 0.04229
0 0.46357 0.07338 0.01286 0.03234
