0 0.55143 0.08955 0.03143 0.14428
0 0.57357 0.06219 0.03 0.12438
0 0.71143 0.06965 0.02 0.10945
0 0.72357 0.08582 0.01857 0.08706
0 0.74 0.08085 0.02857 0.12189
0 0.76214 0.32836 0.03 0.1393
0 0.80929 0.3408 0.03286 0.1393
0 0.79786 0.28234 0.03571 0.14179
0 0.47857 0.68408 0.04286 0.15423
0 0.43571 0.75622 0.03714 0.16418
0 0.84786 0.75622 0.03 0.16915
0 0.89143 0.93781 0.03143 0.14428
0 0.83714 0.94776 0.04 0.16418
0 0.95857 0.24627 0.03143 0.1393
0 0.89429 0.29851 0.03143 0.1393
0 0.77071 0.4005 0.03286 0.1393
0 0.79143 0.4602 0.03429 0.14925
0 0.91214 0.3607 0.02429 0.1194
0 0.86143 0.49876 0.02286 0.13184
0 0.87357 0.57711 0.02714 0.1393
0 0.92714 0.64552 0.03714 0.14179
0 0.98714 0.54726 0.02857 0.14428
0 0.93214 0.49378 0.02714 0.14677
0 0.91143 0.43532 0.02571 0.13433
0 0.98286 0.76741 0.04286 0.15672
0 0.99643 0.8209 0.03 0.14428
