0 0.055 0.01206896551724138 0.01 0.02413793103448276
0 0.092 0.020689655172413793 0.012 0.041379310344827586
0 0.022 0.0706896551724138 0.008 0.03793103448275862
0 0.035 0.08793103448275862 0.01 0.03793103448275862
0 0.08 0.06551724137931035 0.008 0.034482758620689655
0 0.079 0.3896551724137931 0.014 0.041379310344827586
0 0.128 0.3482758620689655 0.012 0.04827586206896552
0 0.079 0.5017241379310344 0.014 0.05172413793103448
0 0.062 0.5017241379310344 0.012 0.04482758620689655
0 0.067 0.4017241379310345 0.01 0.03793103448275862
0 0.381 0.9396551724137931 0.026 0.1
0 0.294 0.9448275862068966 0.02 0.1103448275862069
0 0.175 0.3310344827586207 0.014 0.05517241379310345
0 0.133 0.022413793103448276 0.01 0.04482758620689655
