0 0.3107142857142857 0.5485074626865671 0.04428571428571428 0.13681592039800994
0 0.5121428571428571 0.1853233830845771 0.03857142857142857 0.1318407960199005
0 0.6135714285714285 0.7786069651741293 0.06142857142857143 0.14925373134328357
0 0.8221428571428572 0.513681592039801 0.055714285714285716 0.1417910447761194
0 0.9114285714285715 0.8134328358208955 0.06285714285714286 0.15920398009950248
0 0.7921428571428571 0.6467661691542289 0.05 0.14925373134328357
0 0.7392857142857143 0.6716417910447762 0.06428571428571428 0.13432835820895522
0 0.7521428571428571 0.695273631840796 0.05285714285714286 0.14676616915422885
0 0.7357142857142858 0.03855721393034826 0.04285714285714286 0.07711442786069651
0 0.35285714285714287 0.06592039800995025 0.04 0.1318407960199005
0 0.31142857142857144 0.033582089552238806 0.03142857142857143 0.06716417910447761
0 0.3507142857142857 0.053482587064676616 0.03857142857142857 0.10696517412935323
