0 0.942 0.027586206896551724 0.012 0.034482758620689655
0 0.983 0.0603448275862069 0.01 0.03103448275862069
0 0.996 0.03620689655172414 0.008 0.03103448275862069
0 0.964 0.13448275862068965 0.008 0.034482758620689655
0 0.837 0.2517241379310345 0.018 0.06896551724137931
0 0.977 0.23620689655172414 0.014 0.04482758620689655
0 0.911 0.2620689655172414 0.018 0.05517241379310345
0 0.941 0.27586206896551724 0.014 0.04827586206896552
0 0.788 0.36551724137931035 0.016 0.07586206896551724
0 0.808 0.4379310344827586 0.016 0.06896551724137931
0 0.845 0.4379310344827586 0.01 0.0896551724137931
0 0.982 0.49137931034482757 0.016 0.05862068965517241
0 0.993 0.49310344827586206 0.018 0.06206896551724138
0 0.846 0.7482758620689656 0.024 0.07586206896551724
