0 0.98 0.26616915422885573 0.008571428571428572 0.04477611940298507
0 0.9857142857142858 0.3370646766169154 0.008571428571428572 0.0472636815920398
0 0.44 0.6853233830845771 0.02 0.07711442786069651
0 0.32357142857142857 0.6878109452736318 0.012857142857142857 0.06218905472636816
0 0.335 0.6902985074626866 0.012857142857142857 0.05721393034825871
0 0.34785714285714286 0.6890547263681592 0.012857142857142857 0.05472636815920398
0 0.8235714285714286 0.31467661691542287 0.01 0.0472636815920398
0 0.6407142857142857 0.17164179104477612 0.01 0.03482587064676617
0 0.7614285714285715 0.05472636815920398 0.008571428571428572 0.03980099502487562
0 0.7707142857142857 0.05721393034825871 0.007142857142857143 0.03482587064676617
0 0.8628571428571429 0.6069651741293532 0.017142857142857144 0.06965174129353234
