0 0.555 0.9390547263681592 0.012857142857142857 0.06716417910447761
0 0.11357142857142857 0.9601990049751243 0.02142857142857143 0.06467661691542288
0 0.825 0.5907960199004975 0.007142857142857143 0.03233830845771144
0 0.9742857142857143 0.8917910447761194 0.02 0.06218905472636816
0 0.29714285714285715 0.9577114427860697 0.014285714285714285 0.04477611940298507
0 0.305 0.9490049751243781 0.02142857142857143 0.05223880597014925
0 0.8807142857142857 0.5298507462686567 0.007142857142857143 0.029850746268656716
0 0.885 0.5298507462686567 0.01 0.029850746268656716
0 0.8128571428571428 0.5236318407960199 0.008571428571428572 0.03233830845771144
0 0.8257142857142857 0.5248756218905473 0.008571428571428572 0.03980099502487562
0 0.7621428571428571 0.6218905472636815 0.012857142857142857 0.03482587064676617
0 0.8314285714285714 0.5708955223880597 0.014285714285714285 0.022388059701492536
0 0.5892857142857143 0.6840796019900498 0.01 0.029850746268656716
