0 0.027857142857142858 0.6355721393034826 0.02142857142857143 0.10696517412935323
0 0.095 0.43532338308457713 0.015714285714285715 0.1044776119402985
0 0.10214285714285715 0.4154228855721393 0.01 0.04975124378109453
0 0.060714285714285714 0.332089552238806 0.012857142857142857 0.08706467661691543
0 0.075 0.3283582089552239 0.015714285714285715 0.06965174129353234
0 0.008571428571428572 0.2798507462686567 0.017142857142857144 0.09701492537313433
0 0.22785714285714287 0.49502487562189057 0.024285714285714285 0.09950248756218906
0 0.24142857142857144 0.4253731343283582 0.017142857142857144 0.06965174129353234
0 0.22785714285714287 0.4092039800995025 0.018571428571428572 0.09203980099502487
0 0.29 0.417910447761194 0.017142857142857144 0.08955223880597014
0 0.3221428571428571 0.43159203980099503 0.027142857142857142 0.08208955223880597
0 0.32857142857142857 0.4141791044776119 0.025714285714285714 0.06716417910447761
0 0.39785714285714285 0.34328358208955223 0.024285714285714285 0.0945273631840796
0 0.14214285714285715 0.1791044776119403 0.018571428571428572 0.0845771144278607
0 0.3578571428571429 0.26119402985074625 0.018571428571428572 0.06965174129353234
0 0.3757142857142857 0.2574626865671642 0.02 0.08208955223880597
0 0.45785714285714285 0.291044776119403 0.02142857142857143 0.06467661691542288
0 0.44285714285714284 0.24129353233830847 0.014285714285714285 0.05472636815920398
0 0.4564285714285714 0.2300995024875622 0.02142857142857143 0.07711442786069651
0 0.6021428571428571 0.3656716417910448 0.02142857142857143 0.0945273631840796
0 0.6228571428571429 0.5907960199004975 0.025714285714285714 0.10696517412935323
0 0.5935714285714285 0.5584577114427861 0.03 0.10199004975124377
