0 0.229 0.4379310344827586 0.01 0.04827586206896552
0 0.231 0.4793103448275862 0.01 0.027586206896551724
0 0.043 0.4103448275862069 0.01 0.034482758620689655
0 0.063 0.4086206896551724 0.014 0.03793103448275862
0 0.086 0.39827586206896554 0.012 0.03103448275862069
0 0.071 0.29482758620689653 0.01 0.03103448275862069
0 0.083 0.2896551724137931 0.01 0.034482758620689655
0 0.083 0.21551724137931033 0.01 0.03103448275862069
0 0.08 0.13275862068965516 0.008 0.017241379310344827
0 0.067 0.12241379310344827 0.006 0.017241379310344827
