0 0.037142857142857144 0.2798507462686567 0.014285714285714285 0.04228855721393035
0 0.03571428571428571 0.2810945273631841 0.02 0.07462686567164178
0 0.32142857142857145 0.5634328358208955 0.017142857142857144 0.10199004975124377
0 0.2764285714285714 0.5360696517412935 0.024285714285714285 0.09203980099502487
0 0.2692857142857143 0.503731343283582 0.018571428571428572 0.05721393034825871
0 0.2885714285714286 0.5 0.017142857142857144 0.07960199004975124
0 0.28285714285714286 0.4639303482587065 0.02 0.07213930348258707
0 0.2671428571428571 0.4116915422885572 0.022857142857142857 0.08706467661691543
0 0.32285714285714284 0.3855721393034826 0.02 0.08955223880597014
0 0.34785714285714286 0.3694029850746269 0.02142857142857143 0.08208955223880597
0 0.2392857142857143 0.3345771144278607 0.02142857142857143 0.08706467661691543
0 0.3435714285714286 0.19402985074626866 0.01 0.06965174129353234
0 0.3557142857142857 0.18407960199004975 0.011428571428571429 0.05472636815920398
