0 0.77286 0.06965 0.01429 0.08955
0 0.90571 0.02861 0.01143 0.05721
0 0.94571 0.05224 0.01429 0.06468
0 0.95286 0.08831 0.01429 0.08209
0 0.965 0.06592 0.02143 0.06219
0 0.99643 0.2301 0.01286 0.07711
0 0.99857 0.27736 0.02 0.05224
0 0.93714 0.95522 0.02571 0.13433
0 0.87286 0.98134 0.01429 0.07214
0 0.88929 0.77114 0.02429 0.10448
0 0.99929 0.47139 0.01286 0.07711
0 0.98214 0.46269 0.01857 0.10945
0 0.90643 0.50249 0.01286 0.06468
0 0.88929 0.47637 0.01857 0.09701
0 0.88429 0.57338 0.01714 0.10697
0 0.845 0.50124 0.01857 0.11194
0 0.85286 0.56219 0.01714 0.11443
0 0.68071 0.43905 0.02143 0.12189
0 0.70643 0.46144 0.02143 0.11692
0 0.75143 0.48507 0.02 0.0995
0 0.72429 0.42662 0.02 0.11194
0 0.74429 0.42289 0.01714 0.09453
0 0.78571 0.41169 0.01714 0.06219
0 0.81571 0.42662 0.01714 0.10199
0 0.82143 0.38806 0.02 0.10448
0 0.645 0.31095 0.02714 0.05473
0 0.84714 0.34826 0.02857 0.10448
0 0.87429 0.29851 0.01714 0.09453
0 0.88357 0.28234 0.01286 0.09701
0 0.89214 0.29478 0.01 0.05721
0 0.79714 0.19279 0.02571 0.05721
0 0.79929 0.02488 0.01 0.04975
