0 0.64214 0.99627 0.03857 0.14677
0 0.695 0.98134 0.05571 0.15672
0 0.73143 0.97761 0.04286 0.14925
0 0.66786 0.8495 0.04143 0.11692
0 0.64714 0.80348 0.02857 0.0995
0 0.61929 0.72886 0.03571 0.14925
0 0.51357 0.78607 0.03 0.11443
0 0.46929 0.79478 0.03286 0.11194
0 0.515 0.64677 0.03857 0.1393
0 0.12929 0.91418 0.03286 0.15672
0 0.09929 0.85075 0.03286 0.1592
0 0.045 0.77861 0.03571 0.12438
0 0.01357 0.72512 0.02714 0.12687
0 0.02643 0.94527 0.03 0.1592
0 0.28571 0.96144 0.03429 0.14179
0 0.22714 0.90796 0.03429 0.13433
0 0.16857 0.81841 0.03143 0.15423
0 0.105 0.76368 0.02714 0.1194
0 0.08857 0.71766 0.02571 0.11692
0 0.32143 0.89428 0.02857 0.13184
0 0.24214 0.81468 0.02714 0.14677
0 0.19071 0.74876 0.03 0.12935
0 0.16857 0.71766 0.02286 0.08706
0 0.29929 0.79975 0.02714 0.15672
0 0.26929 0.72015 0.01857 0.14179
0 0.24429 0.70025 0.02857 0.17662
0 0.18214 0.61816 0.02714 0.11692
0 0.17143 0.5597 0.02571 0.10945
0 0.34571 0.79229 0.02857 0.15174
0 0.40786 0.76866 0.02429 0.15423
0 0.42643 0.67662 0.02714 0.06965
0 0.40714 0.67786 0.02286 0.05721
0 0.32571 0.67413 0.02571 0.12935
0 0.28 0.62935 0.02571 0.09453
0 0.295 0.56468 0.02429 0.09453
0 0.36571 0.62562 0.02571 0.12687
