0 0.12357 0.86567 0.05857 0.20398
0 0.115 0.83085 0.07286 0.18905
0 0.27357 0.8097 0.06429 0.16169
0 0.5 0.84328 0.05143 0.17413
0 0.61929 0.84328 0.03 0.17413
0 0.64429 0.82836 0.03714 0.19403
0 0.31429 0.95896 0.05143 0.17164
0 0.32429 0.92537 0.04 0.20398
0 0.45714 0.4403 0.01429 0.06468
0 0.56786 0.36318 0.01 0.04975
0 0.58571 0.34826 0.00857 0.05473
0 0.59786 0.35075 0.01 0.05473
0 0.57143 0.32836 0.01143 0.04975
0 0.50357 0.32338 0.01 0.05473
0 0.49643 0.32836 0.01 0.04975
0 0.52786 0.70025 0.01857 0.10199
0 0.51071 0.69403 0.02143 0.0995
0 0.47714 0.65796 0.01714 0.09204
0 0.45286 0.64677 0.01714 0.08955
0 0.49 0.6306 0.01429 0.07711
0 0.47429 0.64055 0.01429 0.08706
0 0.46429 0.62065 0.01143 0.08209
0 0.46214 0.59826 0.01286 0.07214
0 0.45071 0.58955 0.01286 0.0796
0 0.43143 0.60075 0.01429 0.07711
0 0.42214 0.58706 0.01286 0.07463
0 0.435 0.55348 0.01571 0.07214
0 0.46786 0.55348 0.01571 0.07214
0 0.52429 0.60199 0.01143 0.07463
0 0.55429 0.68532 0.02 0.09204
0 0.57214 0.68905 0.01571 0.08955
0 0.59286 0.73756 0.02857 0.12687
0 0.62214 0.73259 0.02714 0.09701
0 0.55 0.54602 0.01714 0.06716
0 0.56857 0.55348 0.01714 0.08209
0 0.53786 0.60199 0.01 0.07463
0 0.54214 0.62562 0.01571 0.08209
0 0.55714 0.61443 0.01143 0.08458
0 0.52357 0.56716 0.01 0.06965
0 0.51071 0.56716 0.01286 0.06965
0 0.63929 0.33582 0.01571 0.04975
0 0.66643 0.3607 0.00714 0.04975
0 0.69357 0.35075 0.01286 0.05473
0 0.70857 0.35199 0.00857 0.04726
0 0.27714 0.68035 0.01429 0.08209
0 0.29143 0.6393 0.02 0.06965
0 0.315 0.73756 0.02143 0.09204
0 0.30643 0.68408 0.02143 0.08458
0 0.35857 0.64055 0.01714 0.08209
