0 0.8564285714285714 0.15049751243781095 0.03 0.05721393034825871
0 0.11071428571428571 0.08830845771144279 0.012857142857142857 0.06716417910447761
0 0.09 0.3308457711442786 0.02 0.0945273631840796
0 0.12714285714285714 0.35199004975124376 0.022857142857142857 0.09701492537313433
0 0.1492857142857143 0.3283582089552239 0.02142857142857143 0.08955223880597014
0 0.23142857142857143 0.38930348258706465 0.03142857142857143 0.09701492537313433
0 0.16428571428571428 0.40298507462686567 0.022857142857142857 0.09950248756218906
0 0.11071428571428571 0.5211442786069652 0.027142857142857142 0.10199004975124377
0 0.11642857142857142 0.5124378109452736 0.024285714285714285 0.0945273631840796
0 0.10857142857142857 0.6766169154228856 0.02857142857142857 0.11940298507462686
0 0.16285714285714287 0.8009950248756219 0.017142857142857144 0.07960199004975124
0 0.165 0.7898009950248757 0.032857142857142856 0.09701492537313433
0 0.1742857142857143 0.7823383084577115 0.02857142857142857 0.10199004975124377
0 0.06357142857142857 0.8420398009950248 0.03571428571428571 0.11691542288557213
0 0.07 0.835820895522388 0.022857142857142857 0.08955223880597014
0 0.38642857142857145 0.02736318407960199 0.015714285714285715 0.05472636815920398
0 0.4564285714285714 0.43781094527363185 0.024285714285714285 0.08955223880597014
0 0.4835714285714286 0.7686567164179104 0.03 0.09950248756218906
0 0.515 0.3407960199004975 0.02142857142857143 0.08955223880597014
0 0.5307142857142857 0.38308457711442784 0.018571428571428572 0.09950248756218906
0 0.5392857142857143 0.39303482587064675 0.015714285714285715 0.07462686567164178
0 0.51 0.4291044776119403 0.02 0.09701492537313433
0 0.76 0.47512437810945274 0.02857142857142857 0.10945273631840796
0 0.8764285714285714 0.6380597014925373 0.03571428571428571 0.08706467661691543
0 0.615 0.9751243781094527 0.03857142857142857 0.13930348258706468
