0 0.33714 0.71517 0.00571 0.03234
0 0.25071 0.71269 0.00714 0.03731
0 0.24286 0.71642 0.00571 0.0398
0 0.22857 0.70274 0.00571 0.03731
0 0.23571 0.71144 0.00571 0.03483
0 0.24214 0.70896 0.00429 0.0398
0 0.31786 0.64677 0.00429 0.02985
0 0.35714 0.71642 0.00857 0.02985
0 0.34786 0.71144 0.00714 0.0398
0 0.40143 0.68159 0.00857 0.02985
0 0.53357 0.97637 0.01286 0.03234
0 0.50286 0.95398 0.00857 0.05224
0 0.46714 0.95647 0.00857 0.05224
0 0.43571 0.97264 0.01143 0.04975
0 0.44214 0.94279 0.01286 0.04975
0 0.255 0.99378 0.01286 0.04726
0 0.315 0.97637 0.01286 0.03731
0 0.27857 0.95274 0.00857 0.0398
0 0.29071 0.93905 0.01 0.04229
0 0.30357 0.92537 0.01 0.0398
0 0.31429 0.9602 0.01143 0.04975
0 0.42 0.83085 0.01143 0.04478
0 0.40357 0.89801 0.00714 0.04478
0 0.39571 0.89428 0.00857 0.04229
0 0.38714 0.89303 0.00857 0.04478
0 0.38 0.89552 0.00857 0.04478
0 0.37786 0.91418 0.01 0.03731
0 0.42286 0.90547 0.00571 0.04478
0 0.42357 0.8694 0.00714 0.03731
0 0.42214 0.89428 0.00429 0.03731
0 0.025 0.74254 0.01 0.02736
0 0.05143 0.79602 0.00571 0.03483
0 0.05714 0.80846 0.00571 0.03483
0 0.05071 0.80597 0.00429 0.02488
0 0.04643 0.68657 0.00714 0.02985
0 0.05 0.68905 0.00571 0.02985
0 0.15643 0.81716 0.00714 0.04229
0 0.18286 0.81095 0.00571 0.03483
0 0.18571 0.801 0.00571 0.0398
0 0.13786 0.80473 0.00714 0.04229
0 0.14857 0.801 0.00857 0.0398
0 0.14286 0.80348 0.00857 0.04478
0 0.14786 0.7898 0.01 0.04229
