0 0.06928571428571428 0.48383084577114427 0.01 0.04228855721393035
0 0.07714285714285714 0.4900497512437811 0.008571428571428572 0.03482587064676617
0 0.02857142857142857 0.3917910447761194 0.008571428571428572 0.03731343283582089
0 0.05142857142857143 0.39427860696517414 0.008571428571428572 0.03233830845771144
0 0.06928571428571428 0.4191542288557214 0.007142857142857143 0.04228855721393035
0 0.07571428571428572 0.417910447761194 0.005714285714285714 0.03980099502487562
0 0.08785714285714286 0.3681592039800995 0.01 0.03482587064676617
0 0.06142857142857143 0.34577114427860695 0.008571428571428572 0.03482587064676617
0 0.1 0.3619402985074627 0.008571428571428572 0.03731343283582089
0 0.09142857142857143 0.32960199004975127 0.005714285714285714 0.02736318407960199
0 0.08428571428571428 0.3333333333333333 0.005714285714285714 0.024875621890547265
0 0.06571428571428571 0.26865671641791045 0.005714285714285714 0.024875621890547265
