0 0.822 0.7758620689655172 0.028 0.15172413793103448
0 0.778 0.43103448275862066 0.02 0.11724137931034483
0 0.924 0.33620689655172414 0.028 0.10689655172413794
0 0.945 0.23448275862068965 0.018 0.10344827586206896
0 0.967 0.1896551724137931 0.018 0.10344827586206896
0 0.979 0.06551724137931035 0.018 0.08275862068965517
0 0.724 0.24482758620689654 0.024 0.09655172413793103
0 0.697 0.24655172413793103 0.018 0.10689655172413794
0 0.707 0.08793103448275862 0.018 0.08620689655172414
0 0.748 0.027586206896551724 0.008 0.041379310344827586
0 0.908 0.09482758620689655 0.016 0.05172413793103448
0 0.909 0.08793103448275862 0.018 0.05172413793103448
0 0.907 0.07758620689655173 0.018 0.05172413793103448
0 0.897 0.07931034482758621 0.018 0.04827586206896552
0 0.659 0.04482758620689655 0.014 0.07586206896551724
0 0.654 0.03103448275862069 0.016 0.06206896551724138
0 0.713 0.03793103448275862 0.014 0.07586206896551724
0 0.91 0.03103448275862069 0.016 0.06206896551724138
0 0.953 0.0706896551724138 0.018 0.08620689655172414
0 0.948 0.05 0.016 0.07931034482758621
0 0.471 0.05172413793103448 0.018 0.07586206896551724
0 0.362 0.10344827586206896 0.02 0.0896551724137931
0 0.38 0.09655172413793103 0.02 0.0896551724137931
0 0.504 0.20517241379310344 0.024 0.09310344827586207
0 0.549 0.13448275862068965 0.026 0.08275862068965517
0 0.102 0.2672413793103448 0.044 0.1
0 0.208 0.15172413793103448 0.024 0.0896551724137931
0 0.242 0.12241379310344827 0.02 0.07931034482758621
0 0.174 0.034482758620689655 0.012 0.06896551724137931
0 0.187 0.032758620689655175 0.018 0.06551724137931035
0 0.218 0.4603448275862069 0.024 0.1
0 0.214 0.4206896551724138 0.024 0.1103448275862069
