0 0.465 0.6007462686567164 0.027142857142857142 0.10199004975124377
0 0.44357142857142856 0.6181592039800995 0.027142857142857142 0.10199004975124377
0 0.5157142857142857 0.3034825870646766 0.014285714285714285 0.07462686567164178
0 0.5035714285714286 0.30597014925373134 0.015714285714285715 0.06965174129353234
0 0.4857142857142857 0.35074626865671643 0.017142857142857144 0.07462686567164178
0 0.1457142857142857 0.44154228855721395 0.022857142857142857 0.07711442786069651
0 0.12928571428571428 0.43905472636815923 0.018571428571428572 0.07711442786069651
0 0.10357142857142858 0.43905472636815923 0.024285714285714285 0.07711442786069651
0 0.08071428571428571 0.43905472636815923 0.02142857142857143 0.07711442786069651
0 0.605 0.4427860696517413 0.018571428571428572 0.0845771144278607
0 0.5835714285714285 0.6405472636815921 0.02142857142857143 0.09203980099502487
0 0.5985714285714285 0.7674129353233831 0.02857142857142857 0.08706467661691543
0 0.4857142857142857 0.7350746268656716 0.017142857142857144 0.10199004975124377
0 0.5285714285714286 0.7412935323383084 0.02 0.1044776119402985
0 0.5378571428571428 0.7263681592039801 0.015714285714285715 0.09950248756218906
0 0.10142857142857142 0.8694029850746269 0.04285714285714286 0.10696517412935323
0 0.36 0.6965174129353234 0.017142857142857144 0.08955223880597014
0 0.3442857142857143 0.6517412935323383 0.022857142857142857 0.11442786069651742
0 0.6414285714285715 0.4191542288557214 0.014285714285714285 0.08208955223880597
0 0.7014285714285714 0.32587064676616917 0.017142857142857144 0.08955223880597014
0 0.7285714285714285 0.19154228855721392 0.011428571428571429 0.05970149253731343
0 0.75 0.20771144278606965 0.014285714285714285 0.0472636815920398
0 0.6764285714285714 0.5920398009950248 0.024285714285714285 0.05970149253731343
0 0.5992857142857143 0.6032338308457711 0.02142857142857143 0.0472636815920398
0 0.05142857142857143 0.2848258706467662 0.02 0.06716417910447761
0 0.13642857142857143 0.1318407960199005 0.015714285714285715 0.04975124378109453
