0 0.12928571428571428 0.7456575682382134 0.024285714285714285 0.07196029776674938
0 0.49357142857142855 0.13523573200992556 0.012857142857142857 0.052109181141439205
0 0.49142857142857144 0.1054590570719603 0.011428571428571429 0.04714640198511166
0 0.475 0.42431761786600497 0.015714285714285715 0.05955334987593052
0 0.46214285714285713 0.6054590570719603 0.018571428571428572 0.06451612903225806
0 0.435 0.6439205955334988 0.018571428571428572 0.05707196029776675
0 0.405 0.652605459057072 0.018571428571428572 0.05955334987593052
0 0.4007142857142857 0.6923076923076923 0.018571428571428572 0.05459057071960298
0 0.42928571428571427 0.6898263027295285 0.018571428571428572 0.0794044665012407
0 0.395 0.847394540942928 0.024285714285714285 0.05707196029776675
0 0.4342857142857143 0.9379652605459057 0.025714285714285714 0.08933002481389578
