0 0.64571 0.81841 0.01714 0.07463
0 0.54071 0.84453 0.01571 0.07214
0 0.55357 0.8607 0.01571 0.0597
0 0.56857 0.86816 0.01429 0.04478
0 0.58786 0.8495 0.01571 0.06219
0 0.55357 0.83209 0.01286 0.05721
0 0.59857 0.84204 0.01429 0.06219
0 0.62214 0.84577 0.01857 0.07463
0 0.60857 0.84328 0.01429 0.06965
0 0.59071 0.83458 0.01286 0.05721
0 0.585 0.79602 0.01286 0.0398
0 0.55786 0.75622 0.01857 0.05473
0 0.68143 0.76617 0.01714 0.04975
0 0.11357 0.95274 0.01571 0.0995
0 0.13786 0.9801 0.01286 0.08955
0 0.16571 0.9403 0.01429 0.0995
0 0.13643 0.84204 0.01857 0.07711
0 0.075 0.78607 0.01286 0.0796
0 0.17429 0.84328 0.01143 0.06468
0 0.16643 0.82836 0.01 0.06468
0 0.12571 0.96269 0.01429 0.04478
0 0.07857 0.85821 0.02 0.06965
0 0.045 0.77736 0.01286 0.04229
0 0.04357 0.76617 0.01286 0.04478
