0 0.05214 0.13648 0.01571 0.07444
0 0.17857 0.15385 0.01714 0.07444
0 0.26 0.14888 0.01429 0.06948
0 0.44643 0.76179 0.04429 0.10422
0 0.43571 0.54963 0.02571 0.1067
0 0.40071 0.53474 0.03 0.05707
0 0.38714 0.23325 0.02286 0.04963
0 0.33 0.18362 0.02 0.04467
0 0.31 0.16749 0.02286 0.05211
0 0.29 0.15757 0.01714 0.04715
0 0.44286 0.20596 0.01714 0.04963
0 0.42643 0.20596 0.01571 0.0397
0 0.41071 0.20223 0.01286 0.03722
0 0.34786 0.13772 0.01571 0.04218
0 0.385 0.12655 0.01571 0.06452
0 0.51857 0.2134 0.02 0.07444
0 0.36857 0.20099 0.01714 0.07444
0 0.20286 0.13648 0.02286 0.04963
0 0.06643 0.08933 0.01286 0.07444
0 0.04929 0.0732 0.01286 0.067
0 0.03857 0.03474 0.01429 0.06948
0 0.33214 0.05087 0.01571 0.04218
0 0.26571 0.07816 0.01143 0.067
0 0.245 0.09801 0.01286 0.04715
0 0.14857 0.12531 0.01429 0.05211
