0 0.6892857142857143 0.04466501240694789 0.004285714285714286 0.02481389578163772
0 0.45785714285714285 0.9069478908188585 0.007142857142857143 0.03722084367245657
0 0.5714285714285714 0.8796526054590571 0.011428571428571429 0.03722084367245657
0 0.5978571428571429 0.869727047146402 0.01 0.04218362282878412
0 0.805 0.9379652605459057 0.007142857142857143 0.03970223325062035
0 0.9514285714285714 0.8858560794044665 0.005714285714285714 0.02481389578163772
0 0.925 0.641439205955335 0.007142857142857143 0.017369727047146403
0 0.9428571428571428 0.40198511166253104 0.005714285714285714 0.02481389578163772
0 0.9457142857142857 0.36228287841191065 0.005714285714285714 0.019851116625310174
0 0.9092857142857143 0.20967741935483872 0.004285714285714286 0.02729528535980149
0 0.9278571428571428 0.20347394540942929 0.004285714285714286 0.02977667493796526
0 0.9328571428571428 0.20595533498759305 0.005714285714285714 0.02977667493796526
0 0.5492857142857143 0.6612903225806451 0.004285714285714286 0.03225806451612903
0 0.6614285714285715 0.2729528535980149 0.008571428571428572 0.02481389578163772
