0 0.315 0.89828 0.042 0.07241
0 0.398 0.9 0.036 0.10345
0 0.437 0.93448 0.034 0.08276
0 0.428 0.91724 0.028 0.06897
0 0.234 0.64655 0.032 0.12759
0 0.467 0.53103 0.03 0.12414
0 0.425 0.5431 0.022 0.07931
0 0.43 0.46379 0.02 0.1
0 0.417 0.43621 0.03 0.1
0 0.389 0.3569 0.014 0.06552
0 0.37 0.34483 0.016 0.06207
0 0.33 0.30345 0.02 0.08276
0 0.287 0.35345 0.014 0.06552
0 0.286 0.25345 0.02 0.05862
0 0.401 0.12931 0.018 0.08621
0 0.105 0.35862 0.014 0.07586
0 0.067 0.41724 0.01 0.06897
0 0.08 0.38966 0.016 0.09655
0 0.062 0.38103 0.02 0.1
0 0.137 0.24655 0.014 0.05172
0 0.011 0.15 0.018 0.05862
0 0.2 0.24655 0.02 0.05862
0 0.816 0.4069 0.044 0.09655
0 0.758 0.18793 0.028 0.0931
0 0.703 0.18621 0.022 0.09655
0 0.099 0.12931 0.026 0.08621
0 0.124 0.12931 0.028 0.08621
0 0.067 0.05517 0.018 0.08276
0 0.043 0.09138 0.026 0.06552
0 0.038 0.06552 0.012 0.06207
0 0.039 0.03621 0.014 0.05862
0 0.706 0.09828 0.012 0.05862
