0 0.17357142857142857 0.9714640198511166 0.05857142857142857 0.05707196029776675
0 0.17214285714285715 0.18734491315136476 0.027142857142857142 0.07196029776674938
0 0.18142857142857144 0.1662531017369727 0.03428571428571429 0.05955334987593052
0 0.27714285714285714 0.815136476426799 0.045714285714285714 0.06699751861042183
0 0.3007142857142857 0.760545905707196 0.041428571428571426 0.12158808933002481
0 0.37142857142857144 0.7183622828784119 0.045714285714285714 0.10173697270471464
0 0.39571428571428574 0.6476426799007444 0.037142857142857144 0.16377171215880892
0 0.3357142857142857 0.6501240694789082 0.037142857142857144 0.16377171215880892
0 0.37357142857142855 0.6538461538461539 0.05857142857142857 0.0967741935483871
0 0.3892857142857143 0.47766749379652607 0.032857142857142856 0.12655086848635236
0 0.4328571428571429 0.4739454094292804 0.045714285714285714 0.09429280397022333
0 0.44 0.43672456575682383 0.037142857142857144 0.09429280397022333
0 0.45714285714285713 0.29652605459057074 0.054285714285714284 0.0967741935483871
0 0.44785714285714284 0.27419354838709675 0.03 0.07196029776674938
0 0.7514285714285714 0.6501240694789082 0.04 0.1687344913151365
0 0.6857142857142857 0.5831265508684863 0.04 0.16377171215880892
0 0.5921428571428572 0.46153846153846156 0.024285714285714285 0.08436724565756824
0 0.5707142857142857 0.4491315136476427 0.032857142857142856 0.1488833746898263
0 0.2985714285714286 0.08560794044665013 0.04 0.11166253101736973
0 0.37142857142857144 0.16997518610421836 0.03428571428571429 0.07196029776674938
0 0.37 0.13523573200992556 0.03142857142857143 0.05707196029776675
