0 0.07642857142857143 0.9392059553349876 0.03 0.12158808933002481
0 0.04285714285714286 0.8535980148883374 0.045714285714285714 0.17369727047146402
0 0.035 0.8052109181141439 0.03 0.08684863523573201
0 0.039285714285714285 0.34739454094292804 0.03857142857142857 0.1488833746898263
0 0.26357142857142857 0.13895781637717122 0.03 0.12903225806451613
0 0.31357142857142856 0.1575682382133995 0.03571428571428571 0.141439205955335
0 0.027142857142857142 0.1674937965260546 0.03142857142857143 0.1315136476426799
0 0.11 0.16129032258064516 0.04285714285714286 0.10421836228287841
0 0.16214285714285714 0.24441687344913152 0.03 0.13647642679900746
0 0.19 0.29528535980148884 0.03142857142857143 0.13895781637717122
0 0.16714285714285715 0.34615384615384615 0.025714285714285714 0.11662531017369727
