0 0.8085714285714286 0.9751243781094527 0.02 0.07462686567164178
0 0.7685714285714286 0.9788557213930348 0.022857142857142857 0.06716417910447761
0 0.6471428571428571 0.5895522388059702 0.011428571428571429 0.04975124378109453
0 0.6357142857142857 0.5895522388059702 0.014285714285714285 0.04975124378109453
0 0.82 0.5248756218905473 0.008571428571428572 0.04975124378109453
0 0.9757142857142858 0.5174129353233831 0.008571428571428572 0.03980099502487562
0 0.95 0.5149253731343284 0.011428571428571429 0.03980099502487562
0 0.8285714285714286 0.47512437810945274 0.011428571428571429 0.03482587064676617
0 0.9535714285714286 0.39427860696517414 0.007142857142857143 0.03233830845771144
0 0.855 0.3793532338308458 0.01 0.022388059701492536
0 0.9221428571428572 0.3345771144278607 0.007142857142857143 0.03233830845771144
0 0.9171428571428571 0.3333333333333333 0.005714285714285714 0.029850746268656716
0 0.65 0.33955223880597013 0.005714285714285714 0.02736318407960199
0 0.6885714285714286 0.31965174129353235 0.005714285714285714 0.02736318407960199
0 0.7071428571428572 0.30223880597014924 0.008571428571428572 0.02736318407960199
0 0.6821428571428572 0.2997512437810945 0.007142857142857143 0.02736318407960199
0 0.6878571428571428 0.2997512437810945 0.004285714285714286 0.02736318407960199
0 0.645 0.2997512437810945 0.007142857142857143 0.03233830845771144
0 0.67 0.2960199004975124 0.005714285714285714 0.029850746268656716
0 0.66 0.2947761194029851 0.005714285714285714 0.022388059701492536
0 0.6985714285714286 0.2997512437810945 0.005714285714285714 0.02736318407960199
0 0.6357142857142857 0.3420398009950249 0.005714285714285714 0.012437810945273632
0 0.6835714285714286 0.3208955223880597 0.004285714285714286 0.014925373134328358
0 0.6307142857142857 0.30597014925373134 0.004285714285714286 0.024875621890547265
