0 0.37357142857142855 0.41044776119402987 0.018571428571428572 0.07960199004975124
0 0.5928571428571429 0.6355721393034826 0.02857142857142857 0.08706467661691543
0 0.7321428571428571 0.4651741293532338 0.027142857142857142 0.06965174129353234
0 0.6542857142857142 0.4539800995024876 0.02 0.09203980099502487
0 0.61 0.4900497512437811 0.02 0.06467661691542288
0 0.5035714285714286 0.42661691542288555 0.02142857142857143 0.07213930348258707
0 0.285 0.2027363184079602 0.012857142857142857 0.06716417910447761
0 0.31785714285714284 0.20771144278606965 0.012857142857142857 0.06716417910447761
0 0.3007142857142857 0.21144278606965175 0.012857142857142857 0.05970149253731343
0 0.12071428571428572 0.10820895522388059 0.015714285714285715 0.05721393034825871
0 0.5771428571428572 0.1281094527363184 0.017142857142857144 0.07711442786069651
