0 0.15785714285714286 0.6902985074626866 0.027142857142857142 0.12686567164179105
0 0.5842857142857143 0.5833333333333334 0.02857142857142857 0.11194029850746269
0 0.5314285714285715 0.5945273631840796 0.022857142857142857 0.11940298507462686
0 0.5135714285714286 0.5696517412935324 0.03 0.10945273631840796
0 0.47714285714285715 0.45149253731343286 0.017142857142857144 0.09701492537313433
0 0.49357142857142855 0.4577114427860697 0.018571428571428572 0.07960199004975124
0 0.5085714285714286 0.43781094527363185 0.022857142857142857 0.06467661691542288
0 0.5207142857142857 0.44527363184079605 0.024285714285714285 0.06467661691542288
0 0.8285714285714286 0.667910447761194 0.03428571428571429 0.1318407960199005
0 0.7592857142857142 0.6206467661691543 0.03571428571428571 0.06716417910447761
0 0.6785714285714286 0.6480099502487562 0.03142857142857143 0.12686567164179105
0 0.7021428571428572 0.6554726368159204 0.03571428571428571 0.07711442786069651
0 0.7 0.6305970149253731 0.022857142857142857 0.08208955223880597
0 0.6735714285714286 0.6268656716417911 0.03857142857142857 0.06467661691542288
