0 0.9457142857142857 0.8905472636815921 0.04285714285714286 0.20398009950248755
0 0.8557142857142858 0.75 0.04857142857142857 0.17164179104477612
0 0.9642857142857143 0.5161691542288557 0.025714285714285714 0.14676616915422885
0 0.9957142857142857 0.8681592039800995 0.03428571428571429 0.18407960199004975
0 0.6692857142857143 0.417910447761194 0.027142857142857142 0.06467661691542288
0 0.7064285714285714 0.3880597014925373 0.032857142857142856 0.0945273631840796
0 0.7364285714285714 0.3843283582089552 0.024285714285714285 0.09203980099502487
0 0.7292857142857143 0.4552238805970149 0.015714285714285715 0.0945273631840796
0 0.5021428571428571 0.19900497512437812 0.03 0.06467661691542288
0 0.6292857142857143 0.1654228855721393 0.02142857142857143 0.05721393034825871
0 0.8521428571428571 0.04975124378109453 0.015714285714285715 0.07462686567164178
