0 0.47785714285714287 0.9601990049751243 0.04428571428571428 0.14427860696517414
0 0.5121428571428571 0.8855721393034826 0.041428571428571426 0.1044776119402985
0 0.30428571428571427 0.7699004975124378 0.022857142857142857 0.10696517412935323
0 0.395 0.5174129353233831 0.024285714285714285 0.1044776119402985
0 0.335 0.4701492537313433 0.02142857142857143 0.0945273631840796
0 0.6207142857142857 0.9241293532338308 0.03571428571428571 0.1318407960199005
0 0.65 0.9664179104477612 0.025714285714285714 0.06716417910447761
0 0.8478571428571429 0.7437810945273632 0.032857142857142856 0.08955223880597014
0 0.9307142857142857 0.7425373134328358 0.027142857142857142 0.11194029850746269
0 0.9764285714285714 0.7176616915422885 0.012857142857142857 0.08208955223880597
0 0.9885714285714285 0.6554726368159204 0.025714285714285714 0.05223880597014925
0 0.9642857142857143 0.6803482587064676 0.037142857142857144 0.10696517412935323
0 0.9242857142857143 0.18781094527363185 0.011428571428571429 0.06218905472636816
0 0.7857142857142857 0.07462686567164178 0.014285714285714285 0.06965174129353234
0 0.8335714285714285 0.0236318407960199 0.02142857142857143 0.0472636815920398
0 0.995 0.028606965174129355 0.015714285714285715 0.05721393034825871
0 0.9207142857142857 0.018656716417910446 0.012857142857142857 0.03731343283582089
0 0.7885714285714286 0.2524875621890547 0.014285714285714285 0.07711442786069651
0 0.7728571428571429 0.16791044776119404 0.014285714285714285 0.07711442786069651
0 0.795 0.19651741293532338 0.012857142857142857 0.03980099502487562
0 0.7442857142857143 0.236318407960199 0.014285714285714285 0.0845771144278607
0 0.7428571428571429 0.18781094527363185 0.011428571428571429 0.04228855721393035
0 0.7278571428571429 0.22014925373134328 0.018571428571428572 0.05223880597014925
0 0.7278571428571429 0.17412935323383086 0.01 0.05970149253731343
0 0.7207142857142858 0.18159203980099503 0.015714285714285715 0.06965174129353234
0 0.705 0.20771144278606965 0.015714285714285715 0.07711442786069651
0 0.66 0.20771144278606965 0.017142857142857144 0.06716417910447761
0 0.6457142857142857 0.2064676616915423 0.017142857142857144 0.06965174129353234
0 0.6571428571428571 0.16791044776119404 0.011428571428571429 0.04228855721393035
0 0.6828571428571428 0.19402985074626866 0.011428571428571429 0.06965174129353234
0 0.6771428571428572 0.17661691542288557 0.017142857142857144 0.04975124378109453
0 0.7021428571428572 0.17661691542288557 0.01 0.05472636815920398
0 0.6907142857142857 0.1927860696517413 0.012857142857142857 0.05223880597014925
0 0.6264285714285714 0.1865671641791045 0.018571428571428572 0.03482587064676617
0 0.6157142857142858 0.19402985074626866 0.014285714285714285 0.029850746268656716
0 0.5207142857142857 0.21144278606965175 0.018571428571428572 0.07462686567164178
0 0.5157142857142857 0.17288557213930347 0.014285714285714285 0.07711442786069651
0 0.535 0.1654228855721393 0.018571428571428572 0.06716417910447761
0 0.54 0.2027363184079602 0.017142857142857144 0.07213930348258707
0 0.5414285714285715 0.20771144278606965 0.014285714285714285 0.05721393034825871
0 0.4114285714285714 0.1654228855721393 0.014285714285714285 0.05721393034825871
0 0.3578571428571429 0.16169154228855723 0.018571428571428572 0.07960199004975124
0 0.3792857142857143 0.17039800995024876 0.018571428571428572 0.08208955223880597
0 0.38285714285714284 0.16169154228855723 0.017142857142857144 0.07960199004975124
0 0.37142857142857144 0.15920398009950248 0.014285714285714285 0.05472636815920398
0 0.14357142857142857 0.048507462686567165 0.01 0.05721393034825871
0 0.08714285714285715 0.05970149253731343 0.014285714285714285 0.05970149253731343
0 0.125 0.376865671641791 0.027142857142857142 0.09701492537313433
0 0.039285714285714285 0.32587064676616917 0.02142857142857143 0.07462686567164178
0 0.055714285714285716 0.332089552238806 0.017142857142857144 0.05721393034825871
0 0.022857142857142857 0.3681592039800995 0.017142857142857144 0.04477611940298507
0 0.007857142857142858 0.3718905472636816 0.015714285714285715 0.04228855721393035
0 0.08071428571428571 0.3034825870646766 0.02142857142857143 0.07960199004975124
0 0.07285714285714286 0.31965174129353235 0.017142857142857144 0.07711442786069651
0 0.10142857142857142 0.30845771144278605 0.02 0.04975124378109453
0 0.02 0.2873134328358209 0.02 0.08706467661691543
0 0.12642857142857142 0.3246268656716418 0.015714285714285715 0.08706467661691543
0 0.115 0.3034825870646766 0.018571428571428572 0.08955223880597014
0 0.1492857142857143 0.3034825870646766 0.015714285714285715 0.03980099502487562
0 0.15928571428571428 0.27860696517412936 0.02142857142857143 0.07960199004975124
0 0.19 0.263681592039801 0.03428571428571429 0.03980099502487562
0 0.19357142857142856 0.2537313432835821 0.02142857142857143 0.05970149253731343
0 0.16642857142857143 0.22388059701492538 0.018571428571428572 0.06965174129353234
0 0.21928571428571428 0.24129353233830847 0.015714285714285715 0.05970149253731343
0 0.24 0.22512437810945274 0.014285714285714285 0.06716417910447761
0 0.2621428571428571 0.21766169154228857 0.027142857142857142 0.07711442786069651
0 0.33214285714285713 0.17288557213930347 0.015714285714285715 0.07213930348258707
0 0.31142857142857144 0.15920398009950248 0.014285714285714285 0.05970149253731343
0 0.31142857142857144 0.19029850746268656 0.017142857142857144 0.08208955223880597
0 0.3 0.20398009950248755 0.014285714285714285 0.06965174129353234
0 0.2957142857142857 0.1865671641791045 0.02 0.07960199004975124
0 0.28214285714285714 0.20398009950248755 0.015714285714285715 0.07960199004975124
0 0.19785714285714287 0.14676616915422885 0.018571428571428572 0.05970149253731343
0 0.2257142857142857 0.208955223880597 0.014285714285714285 0.04975124378109453
0 0.21785714285714286 0.19651741293532338 0.015714285714285715 0.06467661691542288
0 0.16142857142857142 0.17412935323383086 0.014285714285714285 0.06467661691542288
0 0.17142857142857143 0.1691542288557214 0.011428571428571429 0.03980099502487562
0 0.145 0.15796019900497513 0.02142857142857143 0.06218905472636816
0 0.1357142857142857 0.15920398009950248 0.008571428571428572 0.04975124378109453
