0 0.9935714285714285 0.31716417910447764 0.004285714285714286 0.017412935323383085
0 0.9207142857142857 0.36691542288557216 0.007142857142857143 0.03233830845771144
0 0.9257142857142857 0.4701492537313433 0.03428571428571429 0.04477611940298507
0 0.8957142857142857 0.4614427860696517 0.03428571428571429 0.0472636815920398
0 0.9564285714285714 0.6231343283582089 0.007142857142857143 0.03233830845771144
0 0.6828571428571428 0.6044776119402985 0.008571428571428572 0.03980099502487562
0 0.6307142857142857 0.5758706467661692 0.01 0.017412935323383085
0 0.6 0.5261194029850746 0.005714285714285714 0.02736318407960199
0 0.5928571428571429 0.5310945273631841 0.005714285714285714 0.017412935323383085
0 0.655 0.6455223880597015 0.007142857142857143 0.022388059701492536
0 0.65 0.6455223880597015 0.005714285714285714 0.02736318407960199
0 0.16857142857142857 0.8171641791044776 0.011428571428571429 0.0472636815920398
