0 0.298 0.13275862068965516 0.02 0.04482758620689655
0 0.303 0.253448275862069 0.018 0.05862068965517241
0 0.326 0.25689655172413794 0.016 0.06551724137931035
0 0.796 0.5258620689655172 0.016 0.07241379310344828
0 0.825 0.4189655172413793 0.026 0.06551724137931035
0 0.822 0.4086206896551724 0.024 0.07241379310344828
0 0.844 0.2689655172413793 0.012 0.05517241379310345
0 0.909 0.12413793103448276 0.018 0.041379310344827586
0 0.947 0.2706896551724138 0.018 0.05172413793103448
0 0.86 0.09827586206896552 0.016 0.04482758620689655
0 0.97 0.02586206896551724 0.008 0.03793103448275862
0 0.731 0.01896551724137931 0.006 0.03103448275862069
0 0.741 0.16034482758620688 0.014 0.03793103448275862
