0 0.406 0.97586 0.028 0.07586
0 0.385 0.97241 0.022 0.08966
0 0.221 0.94655 0.034 0.1
0 0.813 0.8069 0.022 0.08276
0 0.628 0.65172 0.024 0.06897
0 0.566 0.66552 0.016 0.06207
0 0.539 0.66207 0.026 0.06897
0 0.394 0.16897 0.016 0.04828
0 0.447 0.18448 0.018 0.05172
0 0.609 0.1931 0.01 0.04138
0 0.617 0.19138 0.01 0.05172
0 0.61 0.15345 0.012 0.03793
0 0.564 0.15862 0.016 0.04828
0 0.752 0.22414 0.016 0.04828
0 0.735 0.29828 0.01 0.04483
0 0.718 0.2931 0.008 0.05517
0 0.763 0.20172 0.014 0.05172
0 0.765 0.18448 0.018 0.05862
0 0.963 0.9069 0.014 0.03448
0 0.474 0.17069 0.008 0.03103
0 0.494 0.19483 0.008 0.03103
0 0.504 0.20345 0.008 0.03448
0 0.474 0.18621 0.008 0.02759
0 0.984 0.31034 0.016 0.04828
0 0.852 0.21552 0.008 0.01724
0 0.822 0.17241 0.012 0.04138
0 0.865 0.18621 0.014 0.04138
0 0.88 0.06034 0.008 0.01724
0 0.906 0.06207 0.008 0.02069
0 0.89 0.0569 0.008 0.02414
