0 0.023 0.9724137931034482 0.046 0.1724137931034483
0 0.017 0.29310344827586204 0.014 0.07586206896551724
0 0.016 0.27586206896551724 0.012 0.06896551724137931
0 0.035 0.2896551724137931 0.01 0.05517241379310345
0 0.056 0.2913793103448276 0.012 0.05862068965517241
0 0.066 0.2620689655172414 0.012 0.05517241379310345
0 0.315 0.8344827586206897 0.042 0.12413793103448276
0 0.352 0.8568965517241379 0.04 0.13448275862068965
0 0.383 0.853448275862069 0.038 0.13448275862068965
0 0.208 0.7448275862068966 0.024 0.10344827586206896
0 0.149 0.6862068965517242 0.054 0.13793103448275862
0 0.176 0.7206896551724138 0.02 0.07586206896551724
0 0.081 0.5948275862068966 0.018 0.09310344827586207
0 0.244 0.6793103448275862 0.024 0.1310344827586207
0 0.269 0.6517241379310345 0.022 0.12413793103448276
0 0.271 0.6844827586206896 0.034 0.08620689655172414
0 0.335 0.5844827586206897 0.022 0.1206896551724138
0 0.358 0.5672413793103448 0.02 0.07241379310344828
0 0.481 0.49482758620689654 0.022 0.11379310344827587
0 0.551 0.4413793103448276 0.034 0.034482758620689655
0 0.699 0.9086206896551724 0.026 0.09310344827586207
0 0.73 0.9189655172413793 0.032 0.12758620689655173
0 0.759 0.9137931034482759 0.038 0.1724137931034483
0 0.798 0.9637931034482758 0.044 0.10689655172413794
0 0.16 0.35172413793103446 0.024 0.041379310344827586
0 0.192 0.4586206896551724 0.012 0.08275862068965517
0 0.121 0.27586206896551724 0.014 0.06206896551724138
0 0.132 0.2706896551724138 0.016 0.06551724137931035
0 0.207 0.25517241379310346 0.014 0.06206896551724138
0 0.327 0.28793103448275864 0.014 0.07931034482758621
0 0.369 0.16379310344827586 0.01 0.05172413793103448
0 0.191 0.18448275862068966 0.014 0.05862068965517241
0 0.145 0.1413793103448276 0.014 0.05517241379310345
0 0.622 0.3482758620689655 0.02 0.08275862068965517
0 0.489 0.16551724137931034 0.01 0.06206896551724138
0 0.694 0.3017241379310345 0.02 0.07241379310344828
0 0.792 0.19137931034482758 0.012 0.07241379310344828
0 0.808 0.3086206896551724 0.016 0.09310344827586207
0 0.966 0.32413793103448274 0.028 0.09655172413793103
0 0.605 0.3103448275862069 0.026 0.06206896551724138
0 0.621 0.28620689655172415 0.01 0.06206896551724138
0 0.563 0.31896551724137934 0.014 0.07241379310344828
0 0.53 0.28793103448275864 0.024 0.04482758620689655
