0 0.109 0.82241 0.034 0.15517
0 0.306 0.61379 0.028 0.15172
0 0.214 0.45862 0.02 0.11724
0 0.196 0.49138 0.02 0.12069
0 0.17 0.50862 0.032 0.12759
0 0.01 0.62931 0.02 0.13448
0 0.062 0.39138 0.032 0.11379
0 0.086 0.26724 0.02 0.11379
0 0.204 0.19138 0.02 0.0931
0 0.219 0.21552 0.014 0.05172
0 0.343 0.92069 0.042 0.15172
0 0.372 0.89828 0.036 0.15517
0 0.407 0.77414 0.05 0.13448
0 0.452 0.85517 0.064 0.13793
0 0.57 0.74138 0.044 0.14483
0 0.622 0.8 0.044 0.15172
0 0.657 0.76724 0.05 0.13448
0 0.792 0.77241 0.056 0.15172
0 0.961 0.9569 0.07 0.16897
0 0.357 0.57931 0.026 0.14483
0 0.523 0.18276 0.022 0.09655
0 0.468 0.15345 0.02 0.07931
0 0.451 0.06034 0.022 0.07931
0 0.465 0.05862 0.018 0.07586
0 0.401 0.31724 0.018 0.10345
0 0.414 0.30172 0.02 0.1069
