0 0.26142857142857145 0.5149253731343284 0.022857142857142857 0.0945273631840796
0 0.39285714285714285 0.7412935323383084 0.022857142857142857 0.09950248756218906
0 0.5842857142857143 0.26243781094527363 0.014285714285714285 0.08208955223880597
0 0.31642857142857145 0.0708955223880597 0.012857142857142857 0.06218905472636816
0 0.6828571428571428 0.05721393034825871 0.011428571428571429 0.03482587064676617
0 0.19714285714285715 0.21766169154228857 0.02 0.06218905472636816
0 0.23214285714285715 0.1691542288557214 0.015714285714285715 0.06467661691542288
0 0.26 0.16666666666666666 0.017142857142857144 0.06965174129353234
0 0.2814285714285714 0.07835820895522388 0.011428571428571429 0.02736318407960199
0 0.295 0.08084577114427861 0.015714285714285715 0.02736318407960199
