0 0.355 0.927860696517413 0.015714285714285715 0.05970149253731343
0 0.6014285714285714 0.9664179104477612 0.011428571428571429 0.05721393034825871
0 0.585 0.9564676616915423 0.012857142857142857 0.05721393034825871
0 0.5557142857142857 0.972636815920398 0.011428571428571429 0.06467661691542288
0 0.3192857142857143 0.8034825870646766 0.012857142857142857 0.01990049751243781
0 0.33714285714285713 0.8009950248756219 0.011428571428571429 0.024875621890547265
0 0.18571428571428572 0.6206467661691543 0.008571428571428572 0.03233830845771144
0 0.2957142857142857 0.667910447761194 0.008571428571428572 0.022388059701492536
0 0.305 0.6666666666666666 0.007142857142857143 0.01990049751243781
0 0.39 0.6791044776119403 0.008571428571428572 0.029850746268656716
0 0.41 0.6853233830845771 0.008571428571428572 0.022388059701492536
0 0.405 0.6691542288557214 0.01 0.01990049751243781
0 0.295 0.6206467661691543 0.01 0.017412935323383085
0 0.29214285714285715 0.5696517412935324 0.007142857142857143 0.01990049751243781
0 0.18142857142857144 0.5286069651741293 0.005714285714285714 0.012437810945273632
0 0.2807142857142857 0.527363184079602 0.007142857142857143 0.014925373134328358
0 0.14642857142857144 0.486318407960199 0.01 0.022388059701492536
