0 0.65357 0.95533 0.03286 0.06452
0 0.53 0.91935 0.04286 0.067
0 0.4 0.92184 0.03429 0.08189
0 0.35143 0.91315 0.03714 0.07444
0 0.46714 0.97891 0.03429 0.04218
0 0.14143 0.96898 0.03143 0.06203
0 0.16571 0.96898 0.02286 0.05211
0 0.21357 0.97891 0.04429 0.04218
0 0.26143 0.9727 0.03714 0.0397
0 0.30357 0.97767 0.03857 0.04467
0 0.10286 0.9665 0.03714 0.067
0 0.07643 0.96278 0.04429 0.05459
0 0.05214 0.95161 0.03857 0.07196
0 0.09214 0.8536 0.05286 0.13896
0 0.205 0.57196 0.04143 0.09181
0 0.13214 0.60546 0.04143 0.13896
0 0.08714 0.51985 0.03714 0.09181
