0 0.8942857142857142 0.3756218905472637 0.008571428571428572 0.029850746268656716
0 0.9685714285714285 0.35199004975124376 0.008571428571428572 0.022388059701492536
0 0.9714285714285714 0.376865671641791 0.008571428571428572 0.03731343283582089
0 0.9742857142857143 0.5833333333333334 0.011428571428571429 0.02736318407960199
0 0.9728571428571429 0.595771144278607 0.008571428571428572 0.02736318407960199
0 0.8464285714285714 0.40049751243781095 0.007142857142857143 0.03482587064676617
0 0.8221428571428572 0.48880597014925375 0.01 0.03731343283582089
0 0.8735714285714286 0.4925373134328358 0.01 0.024875621890547265
0 0.875 0.48880597014925375 0.01 0.02736318407960199
0 0.6657142857142857 0.4639303482587065 0.005714285714285714 0.022388059701492536
