0 0.3992857142857143 0.5783582089552238 0.012857142857142857 0.06716417910447761
0 0.5928571428571429 0.5870646766169154 0.014285714285714285 0.06965174129353234
0 0.5764285714285714 0.5771144278606966 0.018571428571428572 0.06965174129353234
0 0.5507142857142857 0.6878109452736318 0.02142857142857143 0.08208955223880597
0 0.535 0.6442786069651741 0.015714285714285715 0.07462686567164178
0 0.7971428571428572 0.47388059701492535 0.014285714285714285 0.05223880597014925
0 0.8478571428571429 0.23880597014925373 0.007142857142857143 0.024875621890547265
0 0.8435714285714285 0.23134328358208955 0.007142857142857143 0.024875621890547265
0 0.8628571428571429 0.1691542288557214 0.008571428571428572 0.01990049751243781
0 0.875 0.10820895522388059 0.007142857142857143 0.017412935323383085
0 0.8835714285714286 0.08333333333333333 0.007142857142857143 0.012437810945273632
0 0.8778571428571429 0.07338308457711443 0.007142857142857143 0.012437810945273632
