0 0.9257142857142857 0.11194029850746269 0.017142857142857144 0.09950248756218906
0 0.9385714285714286 0.12313432835820895 0.017142857142857144 0.06716417910447761
0 0.7721428571428571 0.21144278606965175 0.03 0.1044776119402985
0 0.8192857142857143 0.24502487562189054 0.024285714285714285 0.10696517412935323
0 0.8357142857142857 0.26243781094527363 0.022857142857142857 0.06716417910447761
0 0.8385714285714285 0.332089552238806 0.02 0.10696517412935323
0 0.9728571428571429 0.47512437810945274 0.02857142857142857 0.12437810945273632
0 0.6764285714285714 0.9800995024875622 0.04428571428571428 0.11940298507462686
0 0.21071428571428572 0.0472636815920398 0.024285714285714285 0.07960199004975124
0 0.9578571428571429 0.0845771144278607 0.018571428571428572 0.08955223880597014
0 0.955 0.03482587064676617 0.012857142857142857 0.06467661691542288
0 0.9657142857142857 0.03980099502487562 0.02 0.07960199004975124
