0 0.879 0.32414 0.03 0.08276
0 0.858 0.13793 0.024 0.06897
0 0.886 0.06897 0.024 0.06897
0 0.887 0.02586 0.022 0.05172
0 0.718 0.41724 0.016 0.06207
0 0.371 0.31552 0.03 0.07241
0 0.34 0.36207 0.028 0.07586
0 0.336 0.3431 0.036 0.07931
0 0.388 0.34483 0.048 0.08276
0 0.731 0.42586 0.022 0.13448
0 0.462 0.40517 0.036 0.14138
0 0.53 0.43448 0.016 0.07586
0 0.554 0.48621 0.056 0.15862
0 0.563 0.51034 0.03 0.13103
0 0.604 0.47241 0.04 0.13103
0 0.632 0.77241 0.032 0.13103
0 0.658 0.88276 0.044 0.1931
0 0.633 0.88966 0.03 0.18621
0 0.642 0.93448 0.04 0.13103
0 0.619 0.95172 0.034 0.09655
0 0.549 0.93103 0.054 0.13793
0 0.682 0.32241 0.024 0.1
0 0.755 0.05345 0.026 0.07931
0 0.763 0.03103 0.026 0.05517
