0 0.64786 0.75124 0.02143 0.08955
0 0.96643 0.51119 0.01 0.06219
0 0.93357 0.48881 0.01 0.06219
0 0.92429 0.31716 0.00571 0.04229
0 0.87786 0.24502 0.00714 0.02736
0 0.69786 0.27736 0.00714 0.03731
0 0.70786 0.25 0.00714 0.03234
0 0.72143 0.37811 0.00571 0.04478
0 0.63857 0.97761 0.02286 0.07463
0 0.63714 0.98383 0.02286 0.08209
0 0.67143 0.65672 0.01714 0.05473
0 0.86571 0.50622 0.01143 0.04229
0 0.865 0.50746 0.01571 0.05473
0 0.90786 0.45896 0.01 0.04726
0 0.76786 0.33582 0.01 0.02985
0 0.76714 0.199 0.00571 0.01493
0 0.875 0.20522 0.00429 0.02239
