0 0.60143 0.97388 0.01143 0.01741
0 0.61571 0.96393 0.00857 0.02239
0 0.60571 0.96144 0.01143 0.01741
0 0.60571 0.9204 0.01143 0.0199
0 0.58929 0.93284 0.01286 0.01493
0 0.59571 0.9204 0.00857 0.0199
0 0.59143 0.95025 0.01143 0.01493
0 0.62 0.94527 0.01143 0.02985
0 0.62643 0.98881 0.01 0.01741
0 0.735 0.58582 0.01 0.02736
0 0.76286 0.52239 0.01143 0.02488
0 0.58 0.81716 0.01143 0.02736
0 0.75143 0.3097 0.01143 0.02239
0 0.74714 0.28731 0.00857 0.03234
0 0.79714 0.3694 0.00857 0.02736
0 0.74143 0.33458 0.00571 0.01741
0 0.65643 0.03731 0.01286 0.02985
0 0.66714 0.01866 0.01143 0.03234
