0 0.015714285714285715 0.06451612903225806 0.03142857142857143 0.12903225806451613
0 0.5635714285714286 0.0967741935483871 0.03571428571428571 0.09429280397022333
0 0.5942857142857143 0.06451612903225806 0.02 0.05459057071960298
0 0.615 0.07196029776674938 0.03857142857142857 0.08436724565756824
0 0.6235714285714286 0.10049627791563276 0.024285714285714285 0.07196029776674938
0 0.7614285714285715 0.3325062034739454 0.04 0.15384615384615385
0 0.785 0.29528535980148884 0.03 0.14392059553349876
0 0.7957142857142857 0.369727047146402 0.03428571428571429 0.13895781637717122
0 0.7985714285714286 0.3200992555831266 0.017142857142857144 0.05955334987593052
0 0.8571428571428571 0.10297766749379653 0.02857142857142857 0.1513647642679901
0 0.9071428571428571 0.05334987593052109 0.022857142857142857 0.10669975186104218
0 0.9457142857142857 0.1774193548387097 0.025714285714285714 0.11662531017369727
0 0.9414285714285714 0.08436724565756824 0.02857142857142857 0.13399503722084366
0 0.7885714285714286 0.6910669975186104 0.054285714285714284 0.17121588089330025
