0 0.634 0.3913793103448276 0.028 0.07241379310344828
0 0.675 0.3741379310344828 0.03 0.07931034482758621
0 0.718 0.3810344827586207 0.032 0.07931034482758621
0 0.729 0.2827586206896552 0.03 0.06206896551724138
0 0.743 0.19655172413793104 0.03 0.06206896551724138
0 0.751 0.20689655172413793 0.026 0.06206896551724138
0 0.815 0.14310344827586208 0.026 0.05862068965517241
0 0.819 0.1482758620689655 0.026 0.06206896551724138
0 0.836 0.07758620689655173 0.02 0.03793103448275862
0 0.867 0.03793103448275862 0.022 0.041379310344827586
0 0.833 0.020689655172413793 0.022 0.041379310344827586
0 0.772 0.1103448275862069 0.02 0.05517241379310345
0 0.534 0.43275862068965515 0.044 0.1413793103448276
0 0.645 0.2896551724137931 0.03 0.1103448275862069
0 0.72 0.15344827586206897 0.024 0.07931034482758621
0 0.991 0.02413793103448276 0.022 0.04827586206896552
