0 0.04133 0.48482 0.01327 0.06607
0 0.07602 0.47679 0.01531 0.06786
0 0.01276 0.58036 0.01327 0.06786
0 0.00714 0.52679 0.01429 0.06071
0 0.14796 0.99464 0.01837 0.08214
0 0.0199 0.82679 0.01122 0.07857
0 0.01429 0.82411 0.0102 0.07321
0 0.00714 0.94554 0.01429 0.07321
0 0.02092 0.9125 0.01122 0.04643
0 0.06531 0.84821 0.01224 0.03571
0 0.11122 0.72321 0.01429 0.04643
0 0.14235 0.8 0.01735 0.05357
0 0.10612 0.65357 0.01429 0.05714
0 0.26684 0.20982 0.01122 0.05536
0 0.33061 0.17946 0.0102 0.05179
0 0.25561 0.42321 0.00918 0.05357
0 0.44643 0.47321 0.01327 0.06071
0 0.17398 0.38214 0.01327 0.03214
0 0.28622 0.41071 0.00918 0.03571
0 0.27347 0.38839 0.00816 0.03393
0 0.26684 0.39018 0.0051 0.03393
0 0.21786 0.35982 0.00918 0.0375
0 0.43112 0.32589 0.00714 0.03393
0 0.44643 0.32232 0.01327 0.04107
0 0.44694 0.36518 0.0102 0.02679
0 0.4398 0.35536 0.00816 0.03214
0 0.3 0.21875 0.00816 0.02679
0 0.4301 0.29107 0.00918 0.04643
0 0.54286 0.32589 0.00816 0.04821
0 0.53418 0.32054 0.00918 0.05179
0 0.52245 0.32143 0.00612 0.05714
0 0.54337 0.30268 0.01122 0.04107
0 0.52908 0.31518 0.00918 0.04464
