0 0.9185714285714286 0.4292803970223325 0.045714285714285714 0.10421836228287841
0 0.83 0.33126550868486354 0.03428571428571429 0.09181141439205956
0 0.9692857142857143 0.33126550868486354 0.03857142857142857 0.07692307692307693
0 0.8592857142857143 0.1674937965260546 0.032857142857142856 0.08684863523573201
0 0.8742857142857143 0.15260545905707196 0.025714285714285714 0.08188585607940446
0 0.7892857142857143 0.1315136476426799 0.027142857142857142 0.08436724565756824
0 0.73 0.13771712158808933 0.02 0.0967741935483871
0 0.7121428571428572 0.09057071960297766 0.02142857142857143 0.07692307692307693
0 0.7264285714285714 0.09925558312655088 0.018571428571428572 0.0794044665012407
0 0.7235714285714285 0.11042183622828784 0.018571428571428572 0.0967741935483871
0 0.8557142857142858 0.04466501240694789 0.02857142857142857 0.0794044665012407
