0 0.055 0.6586206896551724 0.07 0.2
0 0.14 0.696551724137931 0.072 0.18620689655172415
0 0.581 0.7224137931034482 0.054 0.22413793103448276
0 0.105 0.40344827586206894 0.05 0.1310344827586207
0 0.158 0.4103448275862069 0.06 0.12413793103448276
0 0.075 0.2637931034482759 0.054 0.13448275862068965
0 0.257 0.3413793103448276 0.05 0.15172413793103448
0 0.288 0.3275862068965517 0.044 0.13793103448275862
0 0.462 0.4189655172413793 0.048 0.17586206896551723
0 0.484 0.38448275862068965 0.032 0.1413793103448276
0 0.541 0.4206896551724138 0.03 0.15172413793103448
0 0.558 0.4068965517241379 0.04 0.16551724137931034
0 0.564 0.3293103448275862 0.024 0.10689655172413794
0 0.595 0.39655172413793105 0.038 0.1724137931034483
0 0.646 0.42758620689655175 0.032 0.1724137931034483
0 0.669 0.45517241379310347 0.034 0.16551724137931034
0 0.724 0.49310344827586206 0.04 0.1793103448275862
0 0.761 0.5 0.042 0.1724137931034483
0 0.809 0.5793103448275863 0.034 0.19310344827586207
0 0.805 0.5172413793103449 0.03 0.1724137931034483
0 0.829 0.4827586206896552 0.038 0.15172413793103448
0 0.868 0.5086206896551724 0.04 0.16896551724137931
0 0.976 0.6431034482758621 0.048 0.2103448275862069
0 0.942 0.9706896551724138 0.056 0.30689655172413793
0 0.981 0.906896551724138 0.046 0.2620689655172414
