0 0.35 0.8569651741293532 0.025714285714285714 0.17164179104477612
0 0.3335714285714286 0.8097014925373134 0.03571428571428571 0.1517412935323383
0 0.3057142857142857 0.8233830845771144 0.02857142857142857 0.15422885572139303
0 0.18 0.513681592039801 0.022857142857142857 0.09701492537313433
0 0.011428571428571429 0.208955223880597 0.014285714285714285 0.06965174129353234
0 0.004285714285714286 0.21517412935323382 0.008571428571428572 0.05223880597014925
0 0.024285714285714285 0.09328358208955224 0.008571428571428572 0.0472636815920398
0 0.03571428571428571 0.08955223880597014 0.011428571428571429 0.04477611940298507
0 0.017142857142857144 0.055970149253731345 0.008571428571428572 0.02736318407960199
0 0.015714285714285715 0.048507462686567165 0.008571428571428572 0.02736318407960199
