0 0.022 0.5706896551724138 0.044 0.1896551724137931
0 0.036 0.5741379310344827 0.06 0.23103448275862068
0 0.087 0.10344827586206896 0.046 0.20689655172413793
0 0.156 0.09655172413793103 0.048 0.19310344827586207
0 0.24 0.09827586206896552 0.04 0.19655172413793104
0 0.297 0.43275862068965515 0.05 0.25862068965517243
0 0.29 0.36724137931034484 0.028 0.10689655172413794
0 0.284 0.23620689655172414 0.04 0.17586206896551723
0 0.564 0.6 0.044 0.2206896551724138
0 0.562 0.5137931034482759 0.036 0.14482758620689656
0 0.585 0.41724137931034483 0.046 0.2206896551724138
0 0.457 0.36724137931034484 0.058 0.2517241379310345
0 0.672 0.24655172413793103 0.044 0.21724137931034482
0 0.607 0.2620689655172414 0.046 0.23448275862068965
0 0.376 0.15172413793103448 0.028 0.11724137931034483
0 0.412 0.12413793103448276 0.032 0.14482758620689656
0 0.449 0.12758620689655173 0.042 0.2206896551724138
0 0.342 0.10862068965517241 0.04 0.18275862068965518
0 0.306 0.08620689655172414 0.032 0.15172413793103448
0 0.807 0.09482758620689655 0.054 0.1896551724137931
0 0.967 0.15862068965517243 0.058 0.22758620689655173
0 0.985 0.19310344827586207 0.03 0.18620689655172415
0 0.676 0.09482758620689655 0.044 0.1896551724137931
0 0.506 0.6793103448275862 0.032 0.14482758620689656
