0 0.15428571428571428 0.8171641791044776 0.017142857142857144 0.09203980099502487
0 0.3871428571428571 0.9925373134328358 0.022857142857142857 0.1044776119402985
0 0.4207142857142857 0.8880597014925373 0.015714285714285715 0.09950248756218906
0 0.3678571428571429 0.8656716417910447 0.018571428571428572 0.06965174129353234
0 0.34714285714285714 0.8631840796019901 0.02 0.04975124378109453
0 0.255 0.8233830845771144 0.012857142857142857 0.0845771144278607
0 0.2692857142857143 0.8283582089552238 0.015714285714285715 0.09950248756218906
0 0.18857142857142858 0.8246268656716418 0.017142857142857144 0.05721393034825871
0 0.21071428571428572 0.8171641791044776 0.024285714285714285 0.08706467661691543
0 0.21428571428571427 0.7276119402985075 0.017142857142857144 0.07213930348258707
0 0.21785714285714286 0.7587064676616916 0.015714285714285715 0.06467661691542288
0 0.2592857142857143 0.7587064676616916 0.012857142857142857 0.06467661691542288
0 0.3485714285714286 0.7412935323383084 0.017142857142857144 0.06965174129353234
0 0.37214285714285716 0.7972636815920398 0.015714285714285715 0.07213930348258707
0 0.6471428571428571 0.9353233830845771 0.017142857142857144 0.0945273631840796
0 0.6342857142857142 0.9241293532338308 0.014285714285714285 0.05223880597014925
0 0.7585714285714286 0.8208955223880597 0.022857142857142857 0.1044776119402985
0 0.7871428571428571 0.8196517412935324 0.025714285714285714 0.09203980099502487
0 0.5942857142857143 0.8333333333333334 0.017142857142857144 0.09950248756218906
0 0.6342857142857142 0.7786069651741293 0.017142857142857144 0.0945273631840796
0 0.65 0.7350746268656716 0.014285714285714285 0.07213930348258707
0 0.6685714285714286 0.8519900497512438 0.02 0.08208955223880597
