0 0.5692857142857143 0.9738805970149254 0.03 0.12686567164179105
0 0.47714285714285715 0.9738805970149254 0.02 0.08208955223880597
0 0.5164285714285715 0.7189054726368159 0.024285714285714285 0.10945273631840796
0 0.5335714285714286 0.7338308457711443 0.027142857142857142 0.1044776119402985
0 0.4307142857142857 0.5522388059701493 0.024285714285714285 0.06467661691542288
0 0.36428571428571427 0.8756218905472637 0.022857142857142857 0.09950248756218906
0 0.35642857142857143 0.8619402985074627 0.02142857142857143 0.08706467661691543
0 0.36214285714285716 0.35323383084577115 0.018571428571428572 0.04477611940298507
0 0.35928571428571426 0.34328358208955223 0.02142857142857143 0.04975124378109453
0 0.03857142857142857 0.03233830845771144 0.014285714285714285 0.05472636815920398
0 0.039285714285714285 0.029850746268656716 0.015714285714285715 0.05970149253731343
