0 0.7357142857142858 0.8407960199004975 0.02 0.06467661691542288
0 0.6371428571428571 0.7114427860696517 0.017142857142857144 0.05970149253731343
0 0.6478571428571429 0.7114427860696517 0.01 0.05472636815920398
0 0.48214285714285715 0.6878109452736318 0.015714285714285715 0.08208955223880597
0 0.4907142857142857 0.6977611940298507 0.015714285714285715 0.07711442786069651
0 0.4592857142857143 0.8644278606965174 0.024285714285714285 0.08208955223880597
0 0.40714285714285714 0.6766169154228856 0.02 0.07462686567164178
0 0.38357142857142856 0.7114427860696517 0.027142857142857142 0.07960199004975124
0 0.4757142857142857 0.8594527363184079 0.02 0.05721393034825871
0 0.215 0.8171641791044776 0.027142857142857142 0.07711442786069651
0 0.23285714285714285 0.8109452736318408 0.014285714285714285 0.05472636815920398
0 0.2621428571428571 0.7611940298507462 0.027142857142857142 0.0845771144278607
0 0.2557142857142857 0.7549751243781094 0.025714285714285714 0.07711442786069651
0 0.3092857142857143 0.7562189054726368 0.018571428571428572 0.07462686567164178
0 0.29285714285714287 0.7487562189054726 0.017142857142857144 0.0845771144278607
0 0.28714285714285714 0.7412935323383084 0.022857142857142857 0.07960199004975124
