0 0.7478571428571429 0.2263681592039801 0.015714285714285715 0.06467661691542288
0 0.7457142857142857 0.22263681592039802 0.008571428571428572 0.04228855721393035
0 0.6992857142857143 0.2873134328358209 0.015714285714285715 0.06218905472636816
0 0.7057142857142857 0.26865671641791045 0.017142857142857144 0.06965174129353234
0 0.04 0.21517412935323382 0.014285714285714285 0.06716417910447761
0 0.054285714285714284 0.21019900497512436 0.017142857142857144 0.06716417910447761
0 0.2057142857142857 0.1691542288557214 0.014285714285714285 0.06467661691542288
0 0.22071428571428572 0.1791044776119403 0.012857142857142857 0.05970149253731343
0 0.2392857142857143 0.1691542288557214 0.012857142857142857 0.05970149253731343
0 0.15571428571428572 0.07462686567164178 0.017142857142857144 0.05472636815920398
0 0.1742857142857143 0.08582089552238806 0.014285714285714285 0.06218905472636816
0 0.17142857142857143 0.0708955223880597 0.014285714285714285 0.05223880597014925
0 0.205 0.05845771144278607 0.012857142857142857 0.0472636815920398
0 0.23357142857142857 0.07462686567164178 0.01 0.04975124378109453
0 0.29642857142857143 0.0945273631840796 0.012857142857142857 0.04975124378109453
0 0.22714285714285715 0.053482587064676616 0.011428571428571429 0.0472636815920398
0 0.22642857142857142 0.05970149253731343 0.01 0.024875621890547265
0 0.49142857142857144 0.12686567164179105 0.011428571428571429 0.04477611940298507
0 0.5242857142857142 0.13432835820895522 0.011428571428571429 0.05472636815920398
0 0.5892857142857143 0.11567164179104478 0.012857142857142857 0.06218905472636816
0 0.6085714285714285 0.11194029850746269 0.011428571428571429 0.06467661691542288
0 0.5957142857142858 0.11069651741293532 0.014285714285714285 0.05721393034825871
0 0.6271428571428571 0.11069651741293532 0.014285714285714285 0.05721393034825871
0 0.66 0.10945273631840796 0.008571428571428572 0.05472636815920398
0 0.6671428571428571 0.10945273631840796 0.011428571428571429 0.04975124378109453
0 0.6992857142857143 0.1044776119402985 0.01 0.05472636815920398
0 0.7421428571428571 0.1044776119402985 0.01 0.05472636815920398
0 0.7535714285714286 0.11069651741293532 0.012857142857142857 0.05223880597014925
0 0.845 0.05223880597014925 0.012857142857142857 0.04975124378109453
0 0.8807142857142857 0.053482587064676616 0.01 0.0472636815920398
0 0.8935714285714286 0.05472636815920398 0.01 0.04975124378109453
0 0.9 0.05099502487562189 0.008571428571428572 0.0472636815920398
0 0.8892857142857142 0.05223880597014925 0.007142857142857143 0.04477611940298507
