0 0.35 0.8413793103448276 0.04 0.10344827586206896
0 0.276 0.8327586206896552 0.036 0.10689655172413794
0 0.163 0.6 0.038 0.09655172413793103
0 0.179 0.5913793103448276 0.042 0.11379310344827587
0 0.975 0.7310344827586207 0.022 0.09655172413793103
0 0.944 0.5413793103448276 0.02 0.0896551724137931
0 0.843 0.5362068965517242 0.018 0.08620689655172414
0 0.883 0.4896551724137931 0.014 0.07586206896551724
0 0.919 0.45 0.018 0.07241379310344828
0 0.934 0.4086206896551724 0.02 0.07241379310344828
0 0.975 0.3758620689655172 0.014 0.0896551724137931
0 0.767 0.4689655172413793 0.018 0.09655172413793103
0 0.812 0.42586206896551726 0.016 0.07931034482758621
0 0.857 0.3775862068965517 0.022 0.07931034482758621
0 0.892 0.3293103448275862 0.016 0.07931034482758621
0 0.928 0.2913793103448276 0.016 0.07241379310344828
0 0.963 0.2603448275862069 0.018 0.07241379310344828
0 0.99 0.22241379310344828 0.016 0.06551724137931035
0 0.813 0.23103448275862068 0.022 0.08275862068965517
0 0.664 0.23103448275862068 0.016 0.08275862068965517
0 0.269 0.30344827586206896 0.034 0.08275862068965517
0 0.197 0.296551724137931 0.022 0.0896551724137931
0 0.219 0.2810344827586207 0.03 0.07931034482758621
0 0.171 0.25862068965517243 0.034 0.07586206896551724
0 0.175 0.22413793103448276 0.034 0.06896551724137931
0 0.032 0.19482758620689655 0.032 0.07241379310344828
0 0.359 0.2120689655172414 0.03 0.07931034482758621
0 0.249 0.17758620689655172 0.022 0.07931034482758621
0 0.766 0.07758620689655173 0.016 0.04482758620689655
0 0.637 0.15344827586206897 0.018 0.08620689655172414
0 0.607 0.1396551724137931 0.014 0.07931034482758621
0 0.621 0.1482758620689655 0.014 0.08275862068965517
0 0.714 0.06724137931034482 0.02 0.06551724137931035
0 0.723 0.04655172413793104 0.022 0.03793103448275862
0 0.52 0.15172413793103448 0.02 0.06896551724137931
0 0.502 0.15517241379310345 0.02 0.07586206896551724
0 0.011 0.23793103448275862 0.022 0.07586206896551724
0 0.588 0.04827586206896552 0.02 0.06206896551724138
0 0.481 0.1310344827586207 0.018 0.07586206896551724
0 0.469 0.12413793103448276 0.018 0.07586206896551724
0 0.632 0.02586206896551724 0.02 0.05172413793103448
0 0.515 0.02413793103448276 0.018 0.04827586206896552
0 0.442 0.09827586206896552 0.028 0.07931034482758621
0 0.483 0.022413793103448276 0.018 0.04482758620689655
0 0.461 0.032758620689655175 0.022 0.06551724137931035
0 0.441 0.05344827586206897 0.022 0.06551724137931035
0 0.415 0.04482758620689655 0.026 0.05517241379310345
0 0.404 0.12586206896551724 0.024 0.07241379310344828
0 0.405 0.08275862068965517 0.022 0.06896551724137931
0 0.387 0.12931034482758622 0.022 0.04482758620689655
0 0.386 0.034482758620689655 0.016 0.06896551724137931
0 0.372 0.0706896551724138 0.024 0.08620689655172414
0 0.348 0.06379310344827586 0.02 0.07931034482758621
0 0.325 0.04827586206896552 0.026 0.06896551724137931
0 0.295 0.03620689655172414 0.026 0.06551724137931035
0 0.271 0.029310344827586206 0.026 0.05862068965517241
0 0.243 0.020689655172413793 0.022 0.041379310344827586
0 0.365 0.1413793103448276 0.022 0.06896551724137931
0 0.354 0.13448275862068965 0.02 0.06206896551724138
0 0.342 0.16379310344827586 0.02 0.06551724137931035
0 0.341 0.13448275862068965 0.026 0.06206896551724138
0 0.315 0.14655172413793102 0.018 0.07241379310344828
0 0.311 0.12241379310344827 0.022 0.07241379310344828
0 0.274 0.11206896551724138 0.028 0.07241379310344828
0 0.257 0.11724137931034483 0.018 0.06896551724137931
0 0.237 0.13448275862068965 0.026 0.06206896551724138
0 0.215 0.12586206896551724 0.026 0.06551724137931035
0 0.209 0.05172413793103448 0.022 0.04827586206896552
0 0.193 0.11896551724137931 0.022 0.06551724137931035
0 0.181 0.11379310344827587 0.022 0.06206896551724138
0 0.174 0.05517241379310345 0.028 0.05517241379310345
0 0.149 0.11206896551724138 0.022 0.05862068965517241
0 0.151 0.09137931034482759 0.022 0.05862068965517241
0 0.125 0.1103448275862069 0.022 0.06896551724137931
0 0.129 0.08103448275862069 0.026 0.06551724137931035
0 0.121 0.16724137931034483 0.022 0.04482758620689655
