0 0.041 0.1413793103448276 0.034 0.12413793103448276
0 0.069 0.1413793103448276 0.026 0.08275862068965517
0 0.314 0.15172413793103448 0.032 0.1103448275862069
0 0.357 0.1706896551724138 0.046 0.1206896551724138
0 0.6 0.08103448275862069 0.032 0.09310344827586207
0 0.653 0.08275862068965517 0.038 0.1103448275862069
0 0.756 0.09137931034482759 0.024 0.05862068965517241
0 0.775 0.08620689655172414 0.03 0.0896551724137931
0 0.715 0.2206896551724138 0.046 0.12413793103448276
0 0.623 0.23448275862068965 0.042 0.1310344827586207
0 0.61 0.38620689655172413 0.04 0.10344827586206896
0 0.53 0.3896551724137931 0.04 0.09655172413793103
0 0.558 0.3896551724137931 0.028 0.08275862068965517
0 0.69 0.5551724137931034 0.056 0.13793103448275862
0 0.053 0.4086206896551724 0.034 0.13448275862068965
0 0.08 0.4086206896551724 0.02 0.08620689655172414
0 0.153 0.6637931034482759 0.038 0.07931034482758621
0 0.222 0.696551724137931 0.044 0.08275862068965517
0 0.271 0.6982758620689655 0.046 0.08620689655172414
0 0.258 0.7724137931034483 0.072 0.07586206896551724
