0 0.4992857142857143 0.5435323383084577 0.024285714285714285 0.05721393034825871
0 0.5128571428571429 0.5497512437810945 0.017142857142857144 0.05472636815920398
0 0.44142857142857145 0.5360696517412935 0.02 0.06716417910447761
0 0.3335714285714286 0.48880597014925375 0.02142857142857143 0.06716417910447761
0 0.23 0.5261194029850746 0.02 0.07711442786069651
0 0.2057142857142857 0.599502487562189 0.022857142857142857 0.07462686567164178
0 0.16642857142857143 0.5 0.02142857142857143 0.07462686567164178
0 0.17857142857142858 0.4975124378109453 0.014285714285714285 0.05970149253731343
0 0.37214285714285716 0.20522388059701493 0.012857142857142857 0.05721393034825871
0 0.38571428571428573 0.3009950248756219 0.011428571428571429 0.04975124378109453
0 0.515 0.4465174129353234 0.018571428571428572 0.06716417910447761
0 0.5357142857142857 0.4427860696517413 0.014285714285714285 0.06467661691542288
0 0.48714285714285716 0.4639303482587065 0.02 0.05721393034825871
0 0.62 0.417910447761194 0.017142857142857144 0.07462686567164178
0 0.745 0.4191542288557214 0.018571428571428572 0.06716417910447761
0 0.6042857142857143 0.36069651741293535 0.014285714285714285 0.05970149253731343
