0 0.6478571428571429 0.9440298507462687 0.015714285714285715 0.06218905472636816
0 0.7192857142857143 0.8694029850746269 0.01 0.04228855721393035
0 0.5857142857142857 0.585820895522388 0.008571428571428572 0.03233830845771144
0 0.6035714285714285 0.582089552238806 0.007142857142857143 0.029850746268656716
0 0.6064285714285714 0.5833333333333334 0.01 0.03233830845771144
0 0.6178571428571429 0.5746268656716418 0.007142857142857143 0.01990049751243781
0 0.7671428571428571 0.7425373134328358 0.011428571428571429 0.03731343283582089
0 0.6821428571428572 0.7263681592039801 0.01 0.04477611940298507
0 0.6878571428571428 0.7189054726368159 0.01 0.04477611940298507
0 0.7321428571428571 0.6417910447761194 0.01 0.03482587064676617
0 0.7535714285714286 0.6480099502487562 0.007142857142857143 0.03731343283582089
0 0.8021428571428572 0.6131840796019901 0.007142857142857143 0.03233830845771144
0 0.8078571428571428 0.6181592039800995 0.007142857142857143 0.022388059701492536
0 0.8392857142857143 0.5758706467661692 0.01 0.02736318407960199
