0 0.94571 0.03856 0.00571 0.02736
0 0.90643 0.19279 0.01 0.04229
0 0.87071 0.1903 0.01 0.03234
0 0.86071 0.27985 0.01286 0.03731
0 0.82071 0.31468 0.01286 0.04726
0 0.81357 0.36318 0.01 0.0597
0 0.82429 0.35075 0.01143 0.03483
0 0.80214 0.36443 0.01 0.05224
0 0.77286 0.54104 0.01714 0.06716
0 0.90214 0.38184 0.01286 0.03234
0 0.90214 0.41791 0.01 0.05473
0 0.92357 0.38806 0.01286 0.04478
0 0.7 0.73507 0.01429 0.07711
0 0.71429 0.74502 0.01429 0.08209
0 0.72214 0.90299 0.03571 0.07463
0 0.76 0.88184 0.02286 0.09701
0 0.88 0.87687 0.02286 0.06716
