0 0.48 0.81724 0.06 0.13103
0 0.556 0.67241 0.06 0.13103
0 0.126 0.68966 0.044 0.13793
0 0.153 0.7 0.042 0.13793
0 0.067 0.52586 0.05 0.14138
0 0.094 0.34138 0.032 0.13793
0 0.088 0.20172 0.032 0.11379
0 0.276 0.24483 0.04 0.14483
0 0.388 0.36897 0.04 0.15172
0 0.355 0.26207 0.042 0.15172
0 0.353 0.63621 0.042 0.12069
0 0.727 0.6 0.05 0.15862
0 0.798 0.6931 0.076 0.16552
0 0.514 0.13793 0.044 0.13793
0 0.537 0.14828 0.034 0.13103
0 0.721 0.2931 0.05 0.10345
0 0.75 0.33103 0.044 0.09655
0 0.822 0.47241 0.052 0.13103
0 0.836 0.5 0.064 0.13793
0 0.889 0.46724 0.058 0.14138
0 0.932 0.26897 0.06 0.13793
0 0.391 0.17759 0.03 0.07241
0 0.468 0.05 0.024 0.1
0 0.913 0.04655 0.05 0.0931
0 0.907 0.10172 0.054 0.13448
0 0.931 0.55517 0.07 0.10345
0 0.93 0.63966 0.052 0.1069
0 0.919 0.80172 0.082 0.14828
0 0.399 0.53621 0.03 0.12069
0 0.015 0.06724 0.03 0.13448
0 0.038 0.10862 0.032 0.12759
0 0.056 0.08621 0.016 0.10345
