0 0.75786 0.28731 0.00714 0.03234
0 0.79786 0.22886 0.00429 0.02488
0 0.575 0.43035 0.00714 0.04478
0 0.95429 0.42289 0.00857 0.0398
0 0.89286 0.21766 0.00571 0.01741
0 0.99 0.34701 0.00857 0.02736
0 0.875 0.25373 0.00714 0.0199
0 0.83143 0.4092 0.00857 0.02736
0 0.72929 0.56592 0.01 0.04229
0 0.90929 0.97886 0.02429 0.08209
0 0.74071 0.84328 0.01857 0.06468
0 0.69786 0.87189 0.02143 0.07214
0 0.38714 0.8209 0.02 0.0597
0 0.36857 0.8893 0.02 0.06219
0 0.32643 0.91915 0.02143 0.06716
0 0.30929 0.96642 0.02143 0.06219
0 0.29429 0.96642 0.02 0.06219
