0 0.792 0.8 0.04 0.10345
0 0.075 0.87586 0.038 0.15862
0 0.37 0.95345 0.044 0.19655
0 0.37 0.90862 0.036 0.05862
0 0.467 0.93448 0.054 0.22069
0 0.492 0.91034 0.024 0.2069
0 0.405 0.92414 0.038 0.11724
0 0.591 0.71207 0.03 0.0931
0 0.598 0.66034 0.02 0.08621
0 0.608 0.67759 0.016 0.05172
0 0.103 0.73793 0.022 0.06897
0 0.101 0.72069 0.03 0.12414
0 0.121 0.63276 0.03 0.1069
0 0.037 0.60172 0.01 0.06552
0 0.04 0.60172 0.024 0.11379
0 0.044 0.59483 0.012 0.07241
0 0.119 0.56034 0.018 0.07241
0 0.111 0.5569 0.026 0.08621
0 0.12 0.48793 0.016 0.05862
0 0.122 0.47586 0.02 0.06207
0 0.138 0.46552 0.02 0.09655
0 0.227 0.45172 0.014 0.05517
0 0.222 0.42931 0.016 0.06552
0 0.202 0.43621 0.012 0.05172
0 0.082 0.42586 0.012 0.06552
0 0.098 0.4 0.012 0.05517
0 0.146 0.42414 0.012 0.08966
0 0.157 0.42069 0.014 0.08276
0 0.126 0.42414 0.012 0.06207
0 0.119 0.40345 0.01 0.07586
0 0.131 0.40862 0.01 0.05862
0 0.15 0.38793 0.012 0.05172
0 0.133 0.38966 0.014 0.05517
0 0.159 0.33448 0.014 0.06897
0 0.171 0.30345 0.014 0.06207
0 0.175 0.28621 0.01 0.04828
0 0.121 0.34138 0.01 0.04828
