0 0.9742857142857143 0.2064676616915423 0.014285714285714285 0.06965174129353234
0 0.9621428571428572 0.21890547263681592 0.015714285714285715 0.06965174129353234
0 0.8842857142857142 0.3743781094527363 0.011428571428571429 0.07213930348258707
0 0.8635714285714285 0.9266169154228856 0.015714285714285715 0.08706467661691543
0 0.8707142857142857 0.9104477611940298 0.01 0.04477611940298507
0 0.6921428571428572 0.5373134328358209 0.02142857142857143 0.06965174129353234
0 0.46 0.43034825870646765 0.017142857142857144 0.07462686567164178
0 0.48214285714285715 0.4253731343283582 0.018571428571428572 0.07462686567164178
0 0.5314285714285715 0.6007462686567164 0.017142857142857144 0.07213930348258707
0 0.5457142857142857 0.7164179104477612 0.025714285714285714 0.0845771144278607
0 0.48214285714285715 0.6865671641791045 0.015714285714285715 0.07960199004975124
0 0.46285714285714286 0.6915422885572139 0.02 0.0945273631840796
