0 0.12071428571428572 0.8432835820895522 0.024285714285714285 0.0845771144278607
0 0.17214285714285715 0.568407960199005 0.015714285714285715 0.08208955223880597
0 0.18857142857142858 0.5646766169154229 0.011428571428571429 0.06965174129353234
0 0.21357142857142858 0.5597014925373134 0.018571428571428572 0.0945273631840796
0 0.2357142857142857 0.5621890547263682 0.02 0.0845771144278607
0 0.15428571428571428 0.5223880597014925 0.014285714285714285 0.07960199004975124
0 0.17285714285714285 0.5161691542288557 0.014285714285714285 0.07213930348258707
0 0.18785714285714286 0.5174129353233831 0.015714285714285715 0.06965174129353234
0 0.06928571428571428 0.15298507462686567 0.015714285714285715 0.02736318407960199
0 0.011428571428571429 0.10696517412935323 0.011428571428571429 0.03482587064676617
0 0.09142857142857143 0.11442786069651742 0.008571428571428572 0.03482587064676617
0 0.06928571428571428 0.028606965174129355 0.007142857142857143 0.04228855721393035
