0 0.19071428571428573 0.9850746268656716 0.041428571428571426 0.12935323383084577
0 0.9192857142857143 0.8134328358208955 0.03 0.06965174129353234
0 0.9121428571428571 0.7985074626865671 0.03 0.06965174129353234
0 0.6614285714285715 0.6318407960199005 0.022857142857142857 0.05970149253731343
0 0.6671428571428571 0.6355721393034826 0.022857142857142857 0.05223880597014925
0 0.7557142857142857 0.4228855721393035 0.014285714285714285 0.06467661691542288
0 0.3692857142857143 0.6616915422885572 0.018571428571428572 0.04477611940298507
0 0.3242857142857143 0.5920398009950248 0.02 0.10945273631840796
0 0.6285714285714286 0.5 0.017142857142857144 0.0845771144278607
0 0.48428571428571426 0.5310945273631841 0.02 0.05721393034825871
0 0.465 0.5310945273631841 0.018571428571428572 0.05721393034825871
0 0.6271428571428571 0.44029850746268656 0.008571428571428572 0.04477611940298507
0 0.6371428571428571 0.42786069651741293 0.008571428571428572 0.04975124378109453
0 0.29928571428571427 0.35696517412935325 0.012857142857142857 0.06716417910447761
0 0.20857142857142857 0.3582089552238806 0.017142857142857144 0.06467661691542288
