0 0.804 0.8913793103448275 0.044 0.1206896551724138
0 0.804 0.8517241379310345 0.052 0.13793103448275862
0 0.998 0.7241379310344828 0.028 0.0896551724137931
0 0.993 0.6827586206896552 0.034 0.10344827586206896
0 0.742 0.4396551724137931 0.036 0.13448275862068965
0 0.664 0.2896551724137931 0.024 0.06206896551724138
0 0.677 0.2655172413793103 0.026 0.0896551724137931
0 0.566 0.47758620689655173 0.032 0.1206896551724138
0 0.358 0.6620689655172414 0.072 0.15172413793103448
0 0.385 0.6275862068965518 0.03 0.15862068965517243
0 0.522 0.3879310344827586 0.032 0.12758620689655173
0 0.658 0.1482758620689655 0.024 0.10344827586206896
0 0.576 0.1310344827586207 0.02 0.0896551724137931
0 0.751 0.04482758620689655 0.018 0.0896551724137931
0 0.912 0.10172413793103448 0.028 0.06551724137931035
0 0.955 0.041379310344827586 0.018 0.08275862068965517
