0 0.11786 0.46891 0.01571 0.04726
0 0.17857 0.50746 0.01429 0.0597
0 0.14643 0.5398 0.02143 0.08458
0 0.21071 0.61816 0.02429 0.09204
0 0.34857 0.62935 0.02571 0.08955
0 0.38857 0.25871 0.00571 0.02985
0 0.48429 0.30224 0.00857 0.03234
0 0.56929 0.32836 0.01 0.04975
0 0.70429 0.62189 0.02 0.0995
0 0.70357 0.60945 0.01571 0.04975
0 0.69286 0.55348 0.02 0.08706
0 0.74929 0.56592 0.01571 0.08706
0 0.75929 0.56095 0.01857 0.08706
0 0.87357 0.52985 0.01286 0.06468
0 0.90429 0.5199 0.01429 0.0796
0 0.92 0.52114 0.01429 0.08209
0 0.87357 0.47761 0.01286 0.06965
0 0.89214 0.48134 0.01571 0.07711
0 0.88286 0.47139 0.01429 0.06716
0 0.90929 0.48134 0.01 0.05224
0 0.925 0.48134 0.01286 0.06716
0 0.93071 0.49627 0.01286 0.07214
0 0.93357 0.75 0.03 0.11194
0 0.94786 0.74502 0.01857 0.08706
0 0.99 0.6903 0.03143 0.08706
