0 0.05285714285714286 0.06716417910447761 0.005714285714285714 0.029850746268656716
0 0.056428571428571425 0.09701492537313433 0.004285714285714286 0.029850746268656716
0 0.04357142857142857 0.09203980099502487 0.004285714285714286 0.029850746268656716
0 0.027857142857142858 0.05845771144278607 0.004285714285714286 0.017412935323383085
0 0.05142857142857143 0.1480099502487562 0.008571428571428572 0.03233830845771144
0 0.05785714285714286 0.15547263681592038 0.007142857142857143 0.03731343283582089
0 0.06428571428571428 0.1480099502487562 0.005714285714285714 0.03233830845771144
0 0.04285714285714286 0.3009950248756219 0.008571428571428572 0.03482587064676617
0 0.055 0.2860696517412935 0.007142857142857143 0.03980099502487562
0 0.13142857142857142 0.6231343283582089 0.011428571428571429 0.06716417910447761
0 0.11928571428571429 0.6878109452736318 0.015714285714285715 0.06218905472636816
