0 0.9321428571428572 0.05472636815920398 0.01 0.03482587064676617
0 0.935 0.26741293532338306 0.01 0.06218905472636816
0 0.9178571428571428 0.26990049751243783 0.01 0.05721393034825871
0 0.9057142857142857 0.27114427860696516 0.008571428571428572 0.04975124378109453
0 0.8907142857142857 0.27860696517412936 0.01 0.04975124378109453
0 0.8807142857142857 0.27238805970149255 0.01 0.05721393034825871
0 0.7992857142857143 0.777363184079602 0.018571428571428572 0.05721393034825871
0 0.9757142857142858 0.3619402985074627 0.017142857142857144 0.06218905472636816
0 0.9707142857142858 0.35696517412935325 0.015714285714285715 0.06218905472636816
0 0.9464285714285714 0.3656716417910448 0.018571428571428572 0.05472636815920398
0 0.9464285714285714 0.35447761194029853 0.015714285714285715 0.06218905472636816
0 0.9064285714285715 0.3818407960199005 0.015714285714285715 0.06716417910447761
0 0.9121428571428571 0.3694029850746269 0.012857142857142857 0.06716417910447761
0 0.1692857142857143 0.7126865671641791 0.02142857142857143 0.08208955223880597
0 0.19785714285714287 0.6977611940298507 0.02142857142857143 0.08706467661691543
0 0.2692857142857143 0.5261194029850746 0.015714285714285715 0.04228855721393035
0 0.215 0.43283582089552236 0.015714285714285715 0.06965174129353234
0 0.08214285714285714 0.44402985074626866 0.018571428571428572 0.07213930348258707
0 0.11857142857142858 0.31716417910447764 0.02 0.07213930348258707
0 0.11214285714285714 0.40049751243781095 0.03 0.06965174129353234
0 0.2 0.19527363184079602 0.008571428571428572 0.0472636815920398
0 0.20714285714285716 0.19776119402985073 0.008571428571428572 0.04228855721393035
0 0.2835714285714286 0.24004975124378108 0.012857142857142857 0.05721393034825871
0 0.25214285714285717 0.028606965174129355 0.012857142857142857 0.04228855721393035
0 0.43857142857142856 0.263681592039801 0.014285714285714285 0.05970149253731343
0 0.445 0.27487562189054726 0.01 0.0472636815920398
0 0.3171428571428571 0.026119402985074626 0.008571428571428572 0.05223880597014925
0 0.5192857142857142 0.10945273631840796 0.01 0.05970149253731343
0 0.53 0.10572139303482588 0.008571428571428572 0.05721393034825871
0 0.6535714285714286 0.12189054726368159 0.01 0.05970149253731343
