0 0.97 0.015517241379310345 0.008 0.03103448275862069
0 0.993 0.013793103448275862 0.01 0.027586206896551724
0 0.917 0.013793103448275862 0.006 0.027586206896551724
0 0.546 0.2206896551724138 0.012 0.06896551724137931
0 0.51 0.2620689655172414 0.024 0.08275862068965517
0 0.422 0.7793103448275862 0.032 0.11724137931034483
0 0.44 0.7862068965517242 0.024 0.10344827586206896
0 0.594 0.6293103448275862 0.032 0.11379310344827587
0 0.99 0.15517241379310345 0.008 0.034482758620689655
0 0.989 0.1482758620689655 0.01 0.04827586206896552
0 0.615 0.28793103448275864 0.018 0.05172413793103448
0 0.615 0.2603448275862069 0.014 0.04482758620689655
0 0.66 0.17413793103448275 0.012 0.05172413793103448
0 0.796 0.10344827586206896 0.012 0.034482758620689655
0 0.837 0.05 0.01 0.03103448275862069
0 0.859 0.02586206896551724 0.01 0.03103448275862069
0 0.822 0.041379310344827586 0.008 0.027586206896551724
