0 0.8685714285714285 0.5907960199004975 0.02857142857142857 0.08706467661691543
0 0.84 0.5783582089552238 0.025714285714285714 0.07213930348258707
0 0.7971428571428572 0.5758706467661692 0.025714285714285714 0.08208955223880597
0 0.7728571428571429 0.6281094527363185 0.03428571428571429 0.09701492537313433
0 0.4635714285714286 0.8159203980099502 0.024285714285714285 0.14427860696517414
0 0.46714285714285714 0.7810945273631841 0.03428571428571429 0.12437810945273632
0 0.4707142857142857 0.7375621890547264 0.027142857142857142 0.1318407960199005
0 0.41714285714285715 0.8059701492537313 0.022857142857142857 0.13432835820895522
0 0.6064285714285714 0.15422885572139303 0.015714285714285715 0.06467661691542288
0 0.6335714285714286 0.1417910447761194 0.015714285714285715 0.06467661691542288
