0 0.791 0.4689655172413793 0.01 0.041379310344827586
0 0.778 0.45689655172413796 0.008 0.02413793103448276
0 0.838 0.23103448275862068 0.012 0.020689655172413793
0 0.963 0.4103448275862069 0.01 0.034482758620689655
0 0.983 0.4086206896551724 0.014 0.03793103448275862
0 0.991 0.29482758620689653 0.01 0.03103448275862069
0 0.607 0.5775862068965517 0.014 0.04482758620689655
0 0.671 0.7413793103448276 0.018 0.04827586206896552
0 0.791 0.3603448275862069 0.01 0.03793103448275862
0 0.769 0.3603448275862069 0.01 0.03103448275862069
0 0.987 0.12241379310344827 0.006 0.017241379310344827
0 0.857 0.1206896551724138 0.006 0.020689655172413793
