0 0.6057142857142858 0.5783582089552238 0.008571428571428572 0.03233830845771144
0 0.6128571428571429 0.5671641791044776 0.008571428571428572 0.03482587064676617
0 0.7878571428571428 0.8395522388059702 0.012857142857142857 0.03731343283582089
0 0.4692857142857143 0.6206467661691543 0.007142857142857143 0.03233830845771144
0 0.4607142857142857 0.6206467661691543 0.007142857142857143 0.02736318407960199
0 0.4757142857142857 0.6753731343283582 0.008571428571428572 0.03233830845771144
0 0.48714285714285716 0.6803482587064676 0.005714285714285714 0.03233830845771144
0 0.4342857142857143 0.664179104477612 0.008571428571428572 0.03482587064676617
0 0.5285714285714286 0.7400497512437811 0.037142857142857144 0.0472636815920398
0 0.5571428571428572 0.753731343283582 0.037142857142857144 0.04975124378109453
0 0.4957142857142857 0.7661691542288557 0.03142857142857143 0.04975124378109453
0 0.5207142857142857 0.7823383084577115 0.041428571428571426 0.06218905472636816
0 0.5628571428571428 0.8059701492537313 0.03142857142857143 0.04975124378109453
0 0.5878571428571429 0.7661691542288557 0.03571428571428571 0.05472636815920398
0 0.6164285714285714 0.7848258706467661 0.03857142857142857 0.05223880597014925
0 0.5964285714285714 0.8196517412935324 0.041428571428571426 0.06218905472636816
0 0.625 0.8283582089552238 0.03857142857142857 0.05970149253731343
0 0.6492857142857142 0.7922885572139303 0.03571428571428571 0.0472636815920398
0 0.6842857142857143 0.8134328358208955 0.03428571428571429 0.04975124378109453
0 0.7142857142857143 0.8246268656716418 0.03428571428571429 0.0472636815920398
0 0.6864285714285714 0.8631840796019901 0.03857142857142857 0.06467661691542288
0 0.6535714285714286 0.8507462686567164 0.041428571428571426 0.05970149253731343
0 0.37785714285714284 0.7064676616915423 0.007142857142857143 0.03482587064676617
0 0.4185714285714286 0.695273631840796 0.011428571428571429 0.022388059701492536
0 0.45714285714285713 0.75 0.008571428571428572 0.03731343283582089
0 0.445 0.736318407960199 0.007142857142857143 0.029850746268656716
0 0.4514285714285714 0.7350746268656716 0.005714285714285714 0.03233830845771144
0 0.3342857142857143 0.927860696517413 0.008571428571428572 0.03980099502487562
0 0.21928571428571428 0.8395522388059702 0.007142857142857143 0.04228855721393035
0 0.2042857142857143 0.8582089552238806 0.008571428571428572 0.03980099502487562
0 0.21571428571428572 0.818407960199005 0.008571428571428572 0.03482587064676617
