0 0.5607142857142857 0.9404466501240695 0.015714285714285715 0.05955334987593052
0 0.5792857142857143 0.9119106699751861 0.012857142857142857 0.062034739454094295
0 0.5764285714285714 0.9069478908188585 0.01 0.03225806451612903
0 0.9571428571428572 0.9516129032258065 0.014285714285714285 0.07196029776674938
0 0.7985714285714286 0.5719602977667494 0.011428571428571429 0.04714640198511166
0 0.9928571428571429 0.6277915632754343 0.011428571428571429 0.04466501240694789
0 0.7164285714285714 0.5905707196029777 0.012857142857142857 0.05459057071960298
0 0.8064285714285714 0.5148883374689827 0.012857142857142857 0.052109181141439205
0 0.88 0.23449131513647642 0.008571428571428572 0.03225806451612903
0 0.8835714285714286 0.18858560794044665 0.007142857142857143 0.02977667493796526
0 0.8857142857142857 0.0794044665012407 0.005714285714285714 0.02481389578163772
