0 0.015 0.27759 0.01 0.03793
0 0.027 0.22931 0.014 0.07931
0 0.044 0.04138 0.012 0.06897
0 0.181 0.23276 0.014 0.05172
0 0.226 0.25 0.032 0.05862
0 0.158 0.32586 0.012 0.05862
0 0.186 0.33966 0.016 0.0931
0 0.078 0.46897 0.012 0.06897
0 0.091 0.46897 0.022 0.09655
0 0.117 0.53276 0.026 0.1069
0 0.098 0.92586 0.032 0.14138
0 0.087 0.88793 0.038 0.12069
0 0.224 0.04828 0.012 0.06897
0 0.222 0.02759 0.012 0.04138
0 0.23 0.02241 0.012 0.04483
0 0.261 0.07586 0.01 0.04828
0 0.266 0.06897 0.012 0.06897
0 0.284 0.08103 0.016 0.07241
0 0.303 0.19828 0.014 0.04483
0 0.335 0.32931 0.022 0.07931
0 0.48 0.06552 0.02 0.06897
0 0.526 0.03966 0.02 0.04483
0 0.445 0.2431 0.018 0.08621
0 0.437 0.3 0.034 0.04138
0 0.512 0.67069 0.032 0.11379
0 0.535 0.54483 0.034 0.07586
0 0.579 0.53966 0.046 0.06552
0 0.597 0.66552 0.03 0.07586
0 0.638 0.8569 0.032 0.14138
0 0.691 0.85 0.022 0.08621
0 0.584 0.22414 0.016 0.05517
0 0.724 0.18621 0.016 0.04828
0 0.78 0.19828 0.016 0.05862
0 0.85 0.11207 0.024 0.04483
0 0.983 0.14828 0.014 0.06897
0 0.995 0.15 0.01 0.05862
0 0.92 0.02931 0.012 0.05862
0 0.945 0.02586 0.022 0.05172
