0 0.03 0.8134328358208955 0.037142857142857144 0.14925373134328357
0 0.1742857142857143 0.6467661691542289 0.025714285714285714 0.12437810945273632
0 0.20785714285714285 0.6529850746268657 0.02142857142857143 0.12189054726368159
0 0.27 0.7164179104477612 0.037142857142857144 0.13432835820895522
0 0.24714285714285714 0.6405472636815921 0.03428571428571429 0.13681592039800994
0 0.6714285714285714 0.5907960199004975 0.03428571428571429 0.1318407960199005
0 0.7385714285714285 0.6218905472636815 0.03428571428571429 0.13432835820895522
0 0.8814285714285715 0.4763681592039801 0.02857142857142857 0.09203980099502487
0 0.9142857142857143 0.2835820895522388 0.014285714285714285 0.06965174129353234
0 0.9385714285714286 0.2935323383084577 0.022857142857142857 0.07960199004975124
0 0.5728571428571428 0.22139303482587064 0.017142857142857144 0.05472636815920398
0 0.7421428571428571 0.236318407960199 0.018571428571428572 0.07960199004975124
0 0.7664285714285715 0.23756218905472637 0.02142857142857143 0.06716417910447761
0 0.7478571428571429 0.23756218905472637 0.01 0.06716417910447761
0 0.8221428571428572 0.1654228855721393 0.015714285714285715 0.06716417910447761
0 0.013571428571428571 0.18407960199004975 0.015714285714285715 0.06467661691542288
0 0.05928571428571429 0.2325870646766169 0.018571428571428572 0.06218905472636816
