0 0.456 0.4879310344827586 0.028 0.16206896551724137
0 0.463 0.5275862068965518 0.034 0.1724137931034483
0 0.422 0.5413793103448276 0.044 0.16551724137931034
0 0.376 0.5620689655172414 0.04 0.1793103448275862
0 0.392 0.6241379310344828 0.032 0.11724137931034483
0 0.784 0.2655172413793103 0.028 0.1310344827586207
0 0.893 0.19827586206896552 0.026 0.1
0 0.933 0.24310344827586206 0.026 0.09310344827586207
0 0.861 0.05172413793103448 0.018 0.10344827586206896
0 0.734 0.2913793103448276 0.024 0.1206896551724138
0 0.759 0.23793103448275862 0.022 0.06206896551724138
0 0.727 0.19482758620689655 0.022 0.05862068965517241
