0 0.09071428571428572 0.3034825870646766 0.012857142857142857 0.04477611940298507
0 0.06142857142857143 0.08955223880597014 0.008571428571428572 0.029850746268656716
0 0.56 0.8582089552238806 0.017142857142857144 0.0945273631840796
0 0.5778571428571428 0.8793532338308457 0.018571428571428572 0.09701492537313433
0 0.5735714285714286 0.849502487562189 0.01 0.05223880597014925
0 0.6028571428571429 0.9104477611940298 0.02 0.1044776119402985
0 0.6 0.835820895522388 0.011428571428571429 0.04477611940298507
0 0.6907142857142857 0.7661691542288557 0.02142857142857143 0.04975124378109453
0 0.6714285714285714 0.75 0.017142857142857144 0.04228855721393035
0 0.6521428571428571 0.7960199004975125 0.018571428571428572 0.1044776119402985
0 0.5907142857142857 0.8009950248756219 0.015714285714285715 0.07462686567164178
0 0.5828571428571429 0.7711442786069652 0.014285714285714285 0.0945273631840796
0 0.5471428571428572 0.7686567164179104 0.02 0.09950248756218906
0 0.5342857142857143 0.7611940298507462 0.02 0.0945273631840796
0 0.53 0.7425373134328358 0.011428571428571429 0.05721393034825871
0 0.49214285714285716 0.7860696517412935 0.024285714285714285 0.0945273631840796
0 0.42857142857142855 0.8482587064676617 0.03142857142857143 0.08955223880597014
0 0.3342857142857143 0.8768656716417911 0.022857142857142857 0.09701492537313433
0 0.365 0.8619402985074627 0.015714285714285715 0.10199004975124377
0 0.3 0.677860696517413 0.014285714285714285 0.06218905472636816
0 0.2957142857142857 0.6691542288557214 0.014285714285714285 0.06965174129353234
0 0.4392857142857143 0.5870646766169154 0.02142857142857143 0.03980099502487562
0 0.4007142857142857 0.4962686567164179 0.015714285714285715 0.08706467661691543
0 0.36214285714285716 0.5597014925373134 0.018571428571428572 0.05970149253731343
0 0.31857142857142856 0.4490049751243781 0.014285714285714285 0.06716417910447761
0 0.33071428571428574 0.4614427860696517 0.012857142857142857 0.04228855721393035
0 0.37785714285714284 0.43034825870646765 0.01 0.04477611940298507
0 0.36357142857142855 0.4154228855721393 0.01 0.06467661691542288
0 0.2907142857142857 0.43656716417910446 0.018571428571428572 0.06716417910447761
0 0.29285714285714287 0.5074626865671642 0.014285714285714285 0.06467661691542288
0 0.21857142857142858 0.25870646766169153 0.011428571428571429 0.05472636815920398
0 0.26285714285714284 0.26990049751243783 0.011428571428571429 0.06218905472636816
0 0.22 0.07960199004975124 0.008571428571428572 0.03980099502487562
0 0.16357142857142856 0.06218905472636816 0.01 0.04477611940298507
0 0.20357142857142857 0.018656716417910446 0.007142857142857143 0.03233830845771144
0 0.195 0.01990049751243781 0.004285714285714286 0.03980099502487562
0 0.185 0.018656716417910446 0.007142857142857143 0.03731343283582089
