0 0.51286 0.63433 0.01429 0.08458
0 0.525 0.63557 0.01286 0.06716
0 0.58214 0.41915 0.01571 0.06219
0 0.59143 0.4403 0.00857 0.02985
0 0.41429 0.42537 0.01429 0.06468
0 0.24214 0.50373 0.01571 0.06219
0 0.2 0.24502 0.01429 0.04726
0 0.22786 0.199 0.01 0.05473
0 0.175 0.14801 0.01 0.03731
0 0.18143 0.14055 0.00857 0.04229
0 0.18214 0.14428 0.00714 0.02985
0 0.12786 0.08831 0.00714 0.04229
0 0.005 0.16045 0.01 0.04726
0 0.02214 0.0796 0.01 0.03483
0 0.02214 0.08955 0.01 0.03483
0 0.01214 0.03109 0.00714 0.03731
0 0.38857 0.26617 0.01429 0.06468
0 0.41214 0.21891 0.01286 0.05473
