0 0.017 0.9672413793103448 0.034 0.16896551724137931
0 0.051 0.9896551724137931 0.042 0.20689655172413793
0 0.129 0.9379310344827586 0.05 0.10344827586206896
0 0.18 0.9758620689655172 0.044 0.15172413793103448
0 0.034 0.38448275862068965 0.028 0.1413793103448276
0 0.091 0.3913793103448276 0.022 0.11379310344827587
0 0.114 0.4241379310344828 0.028 0.15172413793103448
0 0.035 0.2810344827586207 0.026 0.12758620689655173
0 0.186 0.3879310344827586 0.028 0.1
0 0.185 0.39655172413793105 0.022 0.06896551724137931
0 0.201 0.5637931034482758 0.022 0.11379310344827587
0 0.212 0.6086206896551725 0.024 0.10689655172413794
0 0.217 0.6293103448275862 0.046 0.12758620689655173
0 0.258 0.6379310344827587 0.048 0.1793103448275862
0 0.388 0.853448275862069 0.048 0.19655172413793104
0 0.569 0.7741379310344828 0.05 0.20344827586206896
0 0.691 0.8844827586206897 0.066 0.09310344827586207
0 0.712 0.8931034482758621 0.056 0.1310344827586207
0 0.811 0.7362068965517241 0.062 0.1896551724137931
0 0.747 0.3706896551724138 0.03 0.1206896551724138
0 0.831 0.6327586206896552 0.03 0.10689655172413794
0 0.126 0.28620689655172415 0.028 0.09655172413793103
0 0.629 0.24482758620689654 0.034 0.1724137931034483
0 0.551 0.2 0.034 0.21379310344827587
