0 0.023 0.85 0.022 0.04482758620689655
0 0.079 0.9637931034482758 0.018 0.07241379310344828
0 0.081 0.9620689655172414 0.01 0.034482758620689655
0 0.08 0.95 0.016 0.05172413793103448
0 0.012 0.6482758620689655 0.012 0.034482758620689655
0 0.218 0.8793103448275862 0.02 0.06206896551724138
0 0.345 0.9155172413793103 0.018 0.06551724137931035
0 0.311 0.7586206896551724 0.01 0.041379310344827586
0 0.319 0.7655172413793103 0.01 0.041379310344827586
0 0.346 0.7810344827586206 0.02 0.05172413793103448
0 0.383 0.7931034482758621 0.01 0.06206896551724138
0 0.507 0.853448275862069 0.022 0.05862068965517241
0 0.579 0.8896551724137931 0.022 0.06206896551724138
0 0.01 0.2810344827586207 0.008 0.017241379310344827
0 0.446 0.6551724137931034 0.016 0.05517241379310345
