0 0.9342857142857143 0.05223880597014925 0.008571428571428572 0.024875621890547265
0 0.9371428571428572 0.1480099502487562 0.011428571428571429 0.03233830845771144
0 0.6721428571428572 0.43034825870646765 0.012857142857142857 0.03482587064676617
0 0.5907142857142857 0.4539800995024876 0.01 0.05223880597014925
0 0.6171428571428571 0.6106965174129353 0.011428571428571429 0.0472636815920398
0 0.5585714285714286 0.236318407960199 0.008571428571428572 0.04477611940298507
0 0.5292857142857142 0.2562189054726368 0.01 0.03980099502487562
0 0.5185714285714286 0.24875621890547264 0.008571428571428572 0.04477611940298507
0 0.5228571428571429 0.23507462686567165 0.008571428571428572 0.0472636815920398
0 0.49785714285714283 0.42039800995024873 0.01 0.04975124378109453
0 0.49 0.4253731343283582 0.008571428571428572 0.03482587064676617
0 0.25857142857142856 0.9850746268656716 0.02 0.05970149253731343
