0 0.87 0.48507462686567165 0.014285714285714285 0.03482587064676617
0 0.9728571428571429 0.5286069651741293 0.011428571428571429 0.03233830845771144
0 0.9392857142857143 0.6206467661691543 0.012857142857142857 0.03731343283582089
0 0.9614285714285714 0.6393034825870647 0.008571428571428572 0.03482587064676617
0 0.9757142857142858 0.595771144278607 0.011428571428571429 0.03233830845771144
0 0.9878571428571429 0.6318407960199005 0.01 0.03482587064676617
0 0.6128571428571429 0.8768656716417911 0.02 0.06716417910447761
0 0.8521428571428571 0.4166666666666667 0.007142857142857143 0.03731343283582089
0 0.8485714285714285 0.4092039800995025 0.005714285714285714 0.04228855721393035
0 0.8828571428571429 0.32587064676616917 0.005714285714285714 0.01990049751243781
0 0.88 0.3345771144278607 0.005714285714285714 0.017412935323383085
0 0.7335714285714285 0.49502487562189057 0.007142857142857143 0.03482587064676617
0 0.7264285714285714 0.48756218905472637 0.01 0.03482587064676617
0 0.78 0.35323383084577115 0.005714285714285714 0.029850746268656716
0 0.7878571428571428 0.3582089552238806 0.007142857142857143 0.03482587064676617
