0 0.9835714285714285 0.036069651741293535 0.007142857142857143 0.022388059701492536
0 0.4007142857142857 0.8855721393034826 0.018571428571428572 0.07960199004975124
0 0.5614285714285714 0.6082089552238806 0.014285714285714285 0.05721393034825871
0 0.6664285714285715 0.39925373134328357 0.012857142857142857 0.0472636815920398
0 0.6464285714285715 0.4092039800995025 0.012857142857142857 0.04228855721393035
0 0.5407142857142857 0.277363184079602 0.01 0.03731343283582089
0 0.5278571428571428 0.2798507462686567 0.01 0.03731343283582089
0 0.7 0.2935323383084577 0.011428571428571429 0.04477611940298507
0 0.8021428571428572 0.40671641791044777 0.01 0.04228855721393035
0 0.8021428571428572 0.5472636815920398 0.012857142857142857 0.04477611940298507
0 0.9278571428571428 0.24502487562189054 0.007142857142857143 0.02736318407960199
0 0.9878571428571429 0.18034825870646767 0.007142857142857143 0.022388059701492536
