0 0.8528571428571429 0.19527363184079602 0.03428571428571429 0.1517412935323383
0 0.5742857142857143 0.3271144278606965 0.025714285714285714 0.18159203980099503
0 0.35428571428571426 0.23880597014925373 0.04857142857142857 0.1791044776119403
0 0.2742857142857143 0.26492537313432835 0.04 0.11194029850746269
0 0.03857142857142857 0.1281094527363184 0.06 0.16666666666666666
0 0.3507142857142857 0.20771144278606965 0.03857142857142857 0.16666666666666666
0 0.935 0.1480099502487562 0.02142857142857143 0.12686567164179105
0 0.9457142857142857 0.16293532338308458 0.017142857142857144 0.08706467661691543
0 0.8985714285714286 0.17164179104477612 0.022857142857142857 0.11940298507462686
0 0.9357142857142857 0.19402985074626866 0.037142857142857144 0.12437810945273632
0 0.15428571428571428 0.053482587064676616 0.03142857142857143 0.09701492537313433
0 0.33 0.05721393034825871 0.03428571428571429 0.10945273631840796
0 0.09428571428571429 0.05223880597014925 0.03428571428571429 0.08955223880597014
