0 0.48286 0.42164 0.02286 0.09701
0 0.48286 0.32711 0.02571 0.09701
0 0.46 0.32836 0.02 0.09453
0 0.46143 0.3209 0.02 0.09453
0 0.59786 0.24005 0.01571 0.09701
0 0.53357 0.21517 0.01857 0.08209
0 0.71214 0.45522 0.01857 0.09453
0 0.71286 0.41418 0.01143 0.07711
0 0.685 0.27736 0.01571 0.08209
0 0.67357 0.29353 0.01571 0.06965
0 0.67071 0.17289 0.01571 0.07214
0 0.64929 0.16294 0.01286 0.06716
0 0.64143 0.15672 0.01429 0.07463
0 0.465 0.59453 0.03571 0.10448
0 0.59786 0.84328 0.03 0.09453
0 0.65714 0.68035 0.03143 0.07711
0 0.65286 0.69527 0.03143 0.04229
0 0.61929 0.80597 0.02429 0.04478
0 0.74429 0.39801 0.02 0.09453
0 0.13143 0.56343 0.02286 0.05721
0 0.925 0.11318 0.01571 0.04229
0 0.98357 0.02488 0.01286 0.04975
0 0.995 0.02612 0.01 0.03731
