0 0.069 0.8344827586206897 0.046 0.10344827586206896
0 0.098 0.8206896551724138 0.032 0.1103448275862069
0 0.191 0.7603448275862069 0.042 0.09310344827586207
0 0.141 0.753448275862069 0.03 0.07241379310344828
0 0.538 0.656896551724138 0.044 0.1
0 0.499 0.8637931034482759 0.034 0.09310344827586207
0 0.843 0.8603448275862069 0.034 0.12758620689655173
0 0.875 0.8775862068965518 0.022 0.05862068965517241
0 0.676 0.5862068965517241 0.024 0.09655172413793103
0 0.747 0.5413793103448276 0.03 0.06206896551724138
0 0.797 0.5568965517241379 0.038 0.10689655172413794
0 0.829 0.55 0.034 0.1
