0 0.01857 0.96891 0.02286 0.08706
0 0.01429 0.91542 0.02571 0.08955
0 0.05929 0.94154 0.02429 0.09701
0 0.07429 0.89552 0.02857 0.07463
0 0.04286 0.85075 0.03429 0.10448
0 0.04214 0.8209 0.02714 0.0995
0 0.01 0.79478 0.01714 0.06716
0 0.01286 0.83706 0.02 0.07711
0 0.10071 0.93408 0.02714 0.08209
0 0.10143 0.91045 0.02286 0.08458
0 0.12214 0.91791 0.02143 0.10945
0 0.12571 0.9005 0.02857 0.11443
0 0.11357 0.82836 0.02714 0.0995
0 0.20571 0.83706 0.02857 0.06716
0 0.20571 0.75124 0.02286 0.0995
0 0.22786 0.71642 0.02429 0.08458
0 0.035 0.68159 0.02714 0.07463
0 0.03286 0.62313 0.02286 0.05224
0 0.06643 0.63682 0.02143 0.08458
0 0.07857 0.64552 0.02571 0.09204
0 0.135 0.62811 0.02714 0.07711
0 0.11571 0.35945 0.01143 0.05721
0 0.10786 0.35697 0.01571 0.05721
0 0.15 0.50871 0.01714 0.07711
0 0.16357 0.52363 0.01571 0.07711
0 0.18143 0.5199 0.01714 0.07463
0 0.19214 0.57587 0.02429 0.07214
0 0.22429 0.59701 0.01714 0.05473
0 0.23643 0.63184 0.01286 0.0796
0 0.345 0.6306 0.02143 0.09204
0 0.19571 0.46517 0.02 0.06965
0 0.17286 0.36567 0.02 0.0597
0 0.20071 0.37189 0.01857 0.05721
0 0.27643 0.38806 0.01286 0.06468
0 0.23786 0.34453 0.01286 0.05721
0 0.28286 0.3495 0.01143 0.04229
0 0.28643 0.3408 0.01286 0.0398
0 0.28 0.33831 0.01143 0.0398
0 0.36786 0.31841 0.01 0.04478
0 0.375 0.301 0.01 0.04975
0 0.39 0.31343 0.01143 0.04975
0 0.41214 0.31468 0.00714 0.05721
0 0.40857 0.31343 0.01143 0.04478
0 0.42786 0.32214 0.01286 0.06219
0 0.26357 0.51244 0.01571 0.05473
0 0.355 0.43657 0.01286 0.05224
0 0.36929 0.41418 0.01571 0.04726
0 0.41643 0.38433 0.01857 0.04229
0 0.43286 0.35199 0.01143 0.04726
0 0.445 0.36816 0.01286 0.0398
0 0.38929 0.49876 0.01571 0.07214
0 0.40714 0.47139 0.02 0.07214
0 0.42786 0.47512 0.01571 0.0597
0 0.44 0.45896 0.01143 0.06219
0 0.42286 0.45398 0.01429 0.05224
0 0.44571 0.42413 0.01143 0.06219
0 0.47143 0.37687 0.01429 0.03731
0 0.47429 0.3408 0.01429 0.0398
0 0.505 0.41791 0.01571 0.04975
0 0.51143 0.39179 0.01143 0.04726
0 0.52 0.37811 0.01429 0.0597
0 0.52714 0.39055 0.00857 0.04478
0 0.53357 0.3806 0.01 0.04478
0 0.53643 0.36443 0.01286 0.04229
0 0.54286 0.37438 0.01143 0.04229
0 0.56786 0.35945 0.01286 0.04726
0 0.54786 0.24129 0.00714 0.02985
0 0.58429 0.26368 0.01143 0.03483
0 0.60643 0.24005 0.00714 0.04229
0 0.61714 0.24254 0.00857 0.04229
0 0.62714 0.24378 0.00857 0.04478
0 0.69 0.19776 0.00857 0.04726
0 0.70071 0.18284 0.00714 0.04229
0 0.70214 0.14055 0.01 0.03234
0 0.82786 0.14925 0.03857 0.07463
