0 0.05143 0.801 0.02 0.08955
0 0.02286 0.81965 0.02286 0.09701
0 0.79071 0.81841 0.01571 0.07463
0 0.83857 0.81343 0.02 0.07463
0 0.89286 0.82836 0.01714 0.06965
0 0.81857 0.57463 0.01429 0.0597
0 0.54143 0.63433 0.01429 0.06468
0 0.49214 0.65174 0.01571 0.0597
0 0.67571 0.47388 0.00857 0.03731
0 0.53286 0.43408 0.01143 0.05224
0 0.52357 0.4291 0.01 0.05721
0 0.51571 0.44279 0.02 0.06468
0 0.49714 0.43905 0.01714 0.07711
0 0.23929 0.43532 0.01286 0.03483
0 0.41786 0.47264 0.01571 0.04478
0 0.87286 0.32214 0.00857 0.02239
0 0.87143 0.28856 0.00857 0.02488
0 0.84786 0.35697 0.00714 0.02736
0 0.98929 0.12189 0.00714 0.02985
