0 0.906 0.032758620689655175 0.02 0.06551724137931035
0 0.957 0.07931034482758621 0.022 0.07586206896551724
0 0.939 0.09482758620689655 0.014 0.06551724137931035
0 0.81 0.5051724137931034 0.032 0.09310344827586207
0 0.527 0.5862068965517241 0.034 0.10344827586206896
0 0.681 0.1413793103448276 0.026 0.0896551724137931
0 0.444 0.7655172413793103 0.036 0.14482758620689656
0 0.486 0.16379310344827586 0.02 0.07241379310344828
0 0.497 0.16896551724137931 0.022 0.07586206896551724
0 0.354 0.09310344827586207 0.02 0.06896551724137931
0 0.339 0.09827586206896552 0.022 0.07931034482758621
0 0.539 0.04482758620689655 0.022 0.06206896551724138
0 0.073 0.029310344827586206 0.022 0.05862068965517241
0 0.089 0.03103448275862069 0.022 0.06206896551724138
0 0.106 0.12413793103448276 0.028 0.06896551724137931
0 0.11 0.19482758620689655 0.024 0.07931034482758621
