0 0.9321428571428572 0.42039800995024873 0.02142857142857143 0.08955223880597014
0 0.635 0.1927860696517413 0.02142857142857143 0.07711442786069651
0 0.6192857142857143 0.07711442786069651 0.02142857142857143 0.06467661691542288
0 0.54 0.20771144278606965 0.02 0.08208955223880597
0 0.2864285714285714 0.7014925373134329 0.03571428571428571 0.11442786069651742
0 0.30214285714285716 0.6393034825870647 0.03571428571428571 0.07462686567164178
0 0.30714285714285716 0.6281094527363185 0.037142857142857144 0.08706467661691543
0 0.27214285714285713 0.6293532338308457 0.03 0.1044776119402985
0 0.27285714285714285 0.6567164179104478 0.017142857142857144 0.06467661691542288
0 0.425 0.6492537313432836 0.03 0.10945273631840796
0 0.4664285714285714 0.5199004975124378 0.024285714285714285 0.11442786069651742
0 0.4957142857142857 0.3072139303482587 0.02 0.08208955223880597
0 0.3742857142857143 0.43159203980099503 0.022857142857142857 0.08706467661691543
0 0.4007142857142857 0.34577114427860695 0.03 0.06965174129353234
0 0.41928571428571426 0.3358208955223881 0.02142857142857143 0.04477611940298507
0 0.5064285714285715 0.2574626865671642 0.018571428571428572 0.05721393034825871
0 0.45 0.2263681592039801 0.014285714285714285 0.05970149253731343
0 0.39785714285714285 0.2462686567164179 0.024285714285714285 0.07960199004975124
0 0.405 0.23507462686567165 0.018571428571428572 0.07711442786069651
0 0.9707142857142858 0.6890547263681592 0.02142857142857143 0.0945273631840796
0 0.9185714285714286 0.654228855721393 0.02 0.1044776119402985
0 0.9107142857142857 0.6902985074626866 0.02142857142857143 0.09701492537313433
0 0.8921428571428571 0.6753731343283582 0.024285714285714285 0.07711442786069651
0 0.9114285714285715 0.48880597014925375 0.025714285714285714 0.09701492537313433
0 0.8992857142857142 0.4614427860696517 0.02142857142857143 0.10199004975124377
0 0.9157142857142857 0.4975124378109453 0.02 0.06467661691542288
0 0.8678571428571429 0.3358208955223881 0.024285714285714285 0.06965174129353234
0 0.9857142857142858 0.2537313432835821 0.02 0.06965174129353234
