0 0.48714285714285716 0.22332506203473945 0.011428571428571429 0.07444168734491315
0 0.35642857142857143 0.3349875930521092 0.015714285714285715 0.08436724565756824
0 0.3435714285714286 0.3325062034739454 0.015714285714285715 0.08933002481389578
0 0.3578571428571429 0.5446650124069479 0.018571428571428572 0.12158808933002481
0 0.3607142857142857 0.5235732009925558 0.024285714285714285 0.10918114143920596
0 0.35714285714285715 0.4975186104218362 0.025714285714285714 0.11166253101736973
0 0.31642857142857145 0.5645161290322581 0.018571428571428572 0.10669975186104218
0 0.07642857142857143 0.6823821339950372 0.024285714285714285 0.10421836228287841
0 0.10571428571428572 0.4801488833746898 0.02 0.09181141439205956
0 0.09285714285714286 0.4801488833746898 0.02 0.11662531017369727
0 0.10785714285714286 0.5372208436724566 0.02142857142857143 0.08684863523573201
0 0.2985714285714286 0.48759305210918114 0.014285714285714285 0.10669975186104218
