0 0.065 0.2300995024875622 0.01 0.05721393034825871
0 0.012857142857142857 0.2300995024875622 0.011428571428571429 0.05223880597014925
0 0.04071428571428572 0.06467661691542288 0.007142857142857143 0.04975124378109453
0 0.03142857142857143 0.06716417910447761 0.008571428571428572 0.03980099502487562
0 0.14785714285714285 0.5099502487562189 0.01 0.07462686567164178
0 0.145 0.4925373134328358 0.007142857142857143 0.04477611940298507
0 0.18071428571428572 0.5111940298507462 0.01 0.06716417910447761
0 0.19142857142857142 0.47885572139303484 0.011428571428571429 0.06716417910447761
0 0.09714285714285714 0.42039800995024873 0.017142857142857144 0.04975124378109453
0 0.10357142857142858 0.43034825870646765 0.01 0.04477611940298507
0 0.08785714285714286 0.3793532338308458 0.012857142857142857 0.06716417910447761
