0 0.9985714285714286 0.6293532338308457 0.014285714285714285 0.06965174129353234
0 0.9671428571428572 0.6019900497512438 0.02 0.07960199004975124
0 0.9092857142857143 0.4465174129353234 0.01 0.07213930348258707
0 0.9407142857142857 0.3582089552238806 0.012857142857142857 0.06467661691542288
0 0.9007142857142857 0.3333333333333333 0.012857142857142857 0.05970149253731343
0 0.905 0.2873134328358209 0.007142857142857143 0.05721393034825871
0 0.9985714285714286 0.19651741293532338 0.017142857142857144 0.029850746268656716
0 0.8507142857142858 0.24004975124378108 0.01 0.0472636815920398
0 0.8685714285714285 0.21393034825870647 0.008571428571428572 0.05472636815920398
0 0.8628571428571429 0.1281094527363184 0.008571428571428572 0.0472636815920398
0 0.8192857142857143 0.11194029850746269 0.01 0.04477611940298507
0 0.7964285714285714 0.09701492537313433 0.007142857142857143 0.03980099502487562
0 0.8071428571428572 0.09328358208955224 0.008571428571428572 0.04228855721393035
0 0.7821428571428571 0.09203980099502487 0.007142857142857143 0.03980099502487562
0 0.785 0.05223880597014925 0.007142857142857143 0.04477611940298507
0 0.7871428571428571 0.09701492537313433 0.005714285714285714 0.029850746268656716
0 0.7985714285714286 0.03731343283582089 0.008571428571428572 0.03980099502487562
0 0.7807142857142857 0.02736318407960199 0.007142857142857143 0.03980099502487562
0 0.7207142857142858 0.12189054726368159 0.012857142857142857 0.04975124378109453
0 0.14642857142857144 0.8718905472636815 0.03 0.10199004975124377
0 0.03 0.8557213930348259 0.02857142857142857 0.1044776119402985
0 0.53 0.8942786069651741 0.03142857142857143 0.09203980099502487
0 0.5664285714285714 0.753731343283582 0.015714285714285715 0.0945273631840796
0 0.295 0.7487562189054726 0.018571428571428572 0.10945273631840796
0 0.33714285714285713 0.5087064676616916 0.02 0.07213930348258707
0 0.4007142857142857 0.4987562189054726 0.015714285714285715 0.07711442786069651
0 0.41785714285714287 0.48507462686567165 0.02142857142857143 0.07960199004975124
0 0.505 0.595771144278607 0.018571428571428572 0.08208955223880597
0 0.5521428571428572 0.6019900497512438 0.012857142857142857 0.0845771144278607
0 0.6507142857142857 0.6467661691542289 0.018571428571428572 0.06467661691542288
0 0.5457142857142857 0.5174129353233831 0.02 0.04477611940298507
0 0.4807142857142857 0.30223880597014924 0.012857142857142857 0.05721393034825871
0 0.4707142857142857 0.30845771144278605 0.01 0.03482587064676617
0 0.62 0.22761194029850745 0.014285714285714285 0.05223880597014925
0 0.6478571428571429 0.24378109452736318 0.012857142857142857 0.05970149253731343
0 0.5942857142857143 0.20398009950248755 0.011428571428571429 0.04975124378109453
0 0.6585714285714286 0.09079601990049752 0.008571428571428572 0.03731343283582089
