0 0.80286 0.10323 0.00857 0.02736
0 0.80214 0.13806 0.00714 0.02736
0 0.785 0.12935 0.00429 0.02488
0 0.77929 0.14677 0.00429 0.02488
0 0.77286 0.14428 0.00571 0.02985
0 0.84214 0.22388 0.01 0.02985
0 0.86857 0.15423 0.00857 0.02488
0 0.77714 0.66418 0.01714 0.05473
0 0.47357 0.71269 0.01857 0.05721
0 0.43571 0.85323 0.02286 0.08458
0 0.41 0.85199 0.02286 0.09204
0 0.505 0.81219 0.02143 0.07214
0 0.20214 0.91169 0.01857 0.09701
0 0.21857 0.8806 0.01714 0.0796
0 0.24286 0.87562 0.02 0.04975
0 0.23429 0.91045 0.01714 0.02985
0 0.21714 0.94776 0.02 0.04478
0 0.315 0.87438 0.01857 0.09204
0 0.305 0.74378 0.01286 0.06965
0 0.23286 0.80846 0.02 0.08458
0 0.19 0.79104 0.01143 0.04478
