0 0.26143 0.05707 0.03429 0.11414
0 0.07429 0.64268 0.04857 0.12407
0 0.11929 0.61911 0.04143 0.12159
0 0.20571 0.34739 0.04 0.13896
0 0.26214 0.42804 0.02429 0.11663
0 0.30643 0.47146 0.04143 0.07444
0 0.29429 0.3933 0.02571 0.11166
0 0.30357 0.37593 0.02143 0.12159
0 0.34571 0.37469 0.02571 0.11911
0 0.36857 0.35732 0.03143 0.12903
0 0.37214 0.31638 0.02429 0.10174
0 0.38286 0.31266 0.02286 0.11414
0 0.32071 0.34739 0.02143 0.11911
0 0.31714 0.3139 0.01714 0.09677
0 0.33143 0.31514 0.02571 0.09926
0 0.68143 0.06452 0.03714 0.12903
0 0.78786 0.06948 0.02429 0.13896
0 0.81643 0.06328 0.03 0.12655
