0 0.90643 0.5796 0.00714 0.03483
0 0.89214 0.58458 0.00714 0.0398
0 0.92929 0.61443 0.00714 0.02985
0 0.94786 0.58333 0.01 0.02736
0 0.96857 0.55473 0.00857 0.0199
0 0.91786 0.64428 0.01 0.02985
0 0.80214 0.68657 0.01 0.03483
0 0.80214 0.68159 0.00714 0.0398
0 0.80857 0.65299 0.01143 0.04726
0 0.78786 0.65547 0.01 0.04726
0 0.79571 0.6306 0.01143 0.05224
0 0.75857 0.67413 0.00857 0.04478
0 0.78071 0.66045 0.01 0.04229
0 0.76143 0.64801 0.00857 0.02736
0 0.67643 0.59826 0.01 0.04229
0 0.68 0.76368 0.01143 0.05473
0 0.65929 0.75124 0.01 0.05473
0 0.67 0.75 0.01143 0.05721
0 0.64643 0.6306 0.01 0.04229
0 0.58429 0.85697 0.01429 0.06716
0 0.57214 0.85821 0.01286 0.06965
0 0.77214 0.48383 0.01 0.04726
0 0.48 0.96766 0.02 0.06468
