0 0.06 0.5327586206896552 0.04 0.1
0 0.077 0.4224137931034483 0.026 0.09310344827586207
0 0.074 0.4068965517241379 0.036 0.1103448275862069
0 0.145 0.6017241379310345 0.034 0.09310344827586207
0 0.138 0.5482758620689655 0.036 0.0896551724137931
0 0.22 0.4517241379310345 0.028 0.14482758620689656
0 0.2 0.4224137931034483 0.016 0.10689655172413794
0 0.177 0.41379310344827586 0.026 0.1310344827586207
0 0.271 0.8706896551724138 0.038 0.18275862068965518
0 0.258 0.05172413793103448 0.028 0.10344827586206896
0 0.967 0.4051724137931034 0.038 0.08620689655172414
0 0.954 0.6206896551724138 0.052 0.09655172413793103
