0 0.86429 0.99911 0.01633 0.06964
0 0.87755 0.9875 0.01429 0.06429
0 0.9051 0.88661 0.01224 0.04464
0 0.91173 0.875 0.01531 0.06071
0 0.93929 0.88393 0.01939 0.06786
0 0.95051 0.89554 0.01327 0.05179
0 0.96735 0.84196 0.00816 0.02321
0 0.9648 0.85179 0.02143 0.06071
0 0.91582 0.80893 0.01327 0.05
0 0.99745 0.72857 0.01531 0.06429
0 0.89286 0.47589 0.0102 0.05893
0 0.90408 0.46964 0.01224 0.06071
0 0.90051 0.45625 0.01122 0.0625
0 0.95867 0.36071 0.01122 0.04286
0 0.97551 0.34286 0.0102 0.03571
0 0.95255 0.3125 0.01122 0.04286
0 0.95612 0.30536 0.01224 0.03929
0 0.96684 0.30357 0.00714 0.05
0 0.99847 0.21161 0.01122 0.04107
0 0.96633 0.96786 0.01224 0.03571
0 0.95612 0.95982 0.01633 0.0625
