0 0.485 0.7810344827586206 0.05 0.19655172413793104
0 0.459 0.44310344827586207 0.042 0.1413793103448276
0 0.224 0.6724137931034483 0.044 0.15862068965517243
0 0.2 0.4017241379310345 0.036 0.12758620689655173
0 0.963 0.49310344827586206 0.034 0.12413793103448276
0 0.871 0.24310344827586206 0.034 0.10689655172413794
0 0.956 0.2706896551724138 0.032 0.10689655172413794
0 0.888 0.10344827586206896 0.02 0.08275862068965517
0 0.862 0.034482758620689655 0.016 0.034482758620689655
0 0.862 0.02413793103448276 0.02 0.04827586206896552
0 0.913 0.039655172413793106 0.014 0.07931034482758621
0 0.938 0.10517241379310345 0.02 0.09310344827586207
0 0.974 0.0896551724137931 0.032 0.08275862068965517
