0 0.029285714285714286 0.5397022332506204 0.015714285714285715 0.08188585607940446
0 0.041428571428571426 0.5545905707196029 0.02 0.08188585607940446
0 0.21714285714285714 0.5669975186104218 0.014285714285714285 0.07692307692307693
0 0.21428571428571427 0.5595533498759305 0.014285714285714285 0.07196029776674938
0 0.39714285714285713 0.5347394540942928 0.014285714285714285 0.07196029776674938
0 0.4257142857142857 0.5632754342431762 0.017142857142857144 0.06451612903225806
0 0.4114285714285714 0.5856079404466501 0.022857142857142857 0.07444168734491315
0 0.14214285714285715 0.018610421836228287 0.007142857142857143 0.03722084367245657
0 0.8471428571428572 0.36228287841191065 0.008571428571428572 0.04962779156327544
0 0.8778571428571429 0.34739454094292804 0.01 0.04962779156327544
0 0.8842857142857142 0.3424317617866005 0.011428571428571429 0.05459057071960298
0 0.8678571428571429 0.3188585607940447 0.01 0.052109181141439205
0 0.8928571428571429 0.20099255583126552 0.008571428571428572 0.02977667493796526
0 0.8128571428571428 0.11538461538461539 0.014285714285714285 0.052109181141439205
0 0.8121428571428572 0.08188585607940446 0.007142857142857143 0.02977667493796526
0 0.8342857142857143 0.08188585607940446 0.005714285714285714 0.034739454094292806
0 0.8521428571428571 0.08436724565756824 0.01 0.034739454094292806
0 0.8607142857142858 0.08064516129032258 0.007142857142857143 0.03722084367245657
0 0.8671428571428571 0.0794044665012407 0.005714285714285714 0.034739454094292806
0 0.8878571428571429 0.09925558312655088 0.007142857142857143 0.03970223325062035
0 0.8992857142857142 0.09553349875930521 0.007142857142857143 0.04218362282878412
0 0.9142857142857143 0.1054590570719603 0.008571428571428572 0.03722084367245657
0 0.9457142857142857 0.011166253101736972 0.005714285714285714 0.017369727047146403
0 0.9914285714285714 0.10049627791563276 0.005714285714285714 0.03225806451612903
