0 0.92643 0.56824 0.06143 0.18362
0 0.87143 0.06576 0.03429 0.13151
0 0.44357 0.44541 0.05571 0.15136
0 0.54 0.30769 0.04286 0.134
0 0.49357 0.20099 0.04429 0.134
0 0.45929 0.05707 0.04143 0.08933
0 0.53429 0.23201 0.03714 0.07692
0 0.57071 0.36725 0.05 0.08933
0 0.52929 0.62035 0.05 0.10918
0 0.60929 0.59926 0.05286 0.09677
0 0.68 0.56203 0.05429 0.10174
0 0.70786 0.52978 0.03571 0.09181
0 0.73286 0.50744 0.04571 0.07692
0 0.82 0.49504 0.04286 0.09181
0 0.78929 0.5732 0.04714 0.08933
0 0.75429 0.62035 0.05429 0.06948
0 0.70286 0.87841 0.04571 0.11414
0 0.65357 0.83127 0.05 0.10422
0 0.965 0.96526 0.04429 0.06948
0 0.91929 0.92928 0.04143 0.11663
0 0.88786 0.89082 0.05 0.10422
0 0.84857 0.86725 0.05143 0.11663
0 0.81929 0.81638 0.05857 0.08933
0 0.79286 0.75682 0.05714 0.09926
0 0.76929 0.71092 0.05286 0.09181
0 0.75357 0.66501 0.04714 0.07444
0 0.63929 0.31886 0.03286 0.08189
0 0.65571 0.27419 0.03143 0.06203
0 0.67571 0.25682 0.03429 0.08189
0 0.68643 0.20844 0.03857 0.05955
0 0.68143 0.16005 0.04 0.06203
0 0.71071 0.10918 0.03857 0.07444
0 0.74357 0.36352 0.05286 0.08685
0 0.77571 0.32878 0.02857 0.08189
0 0.75429 0.27419 0.04286 0.07196
0 0.73643 0.24069 0.04143 0.0794
0 0.73429 0.03598 0.03714 0.07196
0 0.95929 0.12531 0.05857 0.09181
0 0.90857 0.11166 0.05429 0.11911
0 0.92357 0.05459 0.03857 0.06452
0 0.52929 0.5273 0.03857 0.08189
0 0.52357 0.4727 0.04714 0.07196
0 0.54143 0.43052 0.04571 0.08189
0 0.54857 0.38337 0.04571 0.07692
