0 0.095 0.9775862068965517 0.014 0.05862068965517241
0 0.184 0.9896551724137931 0.012 0.05517241379310345
0 0.233 0.9758620689655172 0.014 0.04827586206896552
0 0.248 0.9603448275862069 0.012 0.05172413793103448
0 0.322 0.9758620689655172 0.012 0.034482758620689655
0 0.387 0.9517241379310345 0.01 0.041379310344827586
0 0.403 0.9172413793103448 0.006 0.034482758620689655
0 0.394 0.9172413793103448 0.008 0.027586206896551724
0 0.387 0.9120689655172414 0.006 0.03103448275862069
0 0.429 0.9344827586206896 0.006 0.034482758620689655
0 0.458 0.8879310344827587 0.004 0.02413793103448276
0 0.47 0.9844827586206897 0.008 0.017241379310344827
0 0.517 0.9413793103448276 0.006 0.04827586206896552
0 0.497 0.9448275862068966 0.01 0.034482758620689655
0 0.635 0.9275862068965517 0.006 0.034482758620689655
0 0.735 0.9603448275862069 0.006 0.03793103448275862
0 0.727 0.9603448275862069 0.006 0.03793103448275862
0 0.707 0.9379310344827586 0.006 0.041379310344827586
0 0.748 0.906896551724138 0.008 0.027586206896551724
0 0.796 0.903448275862069 0.004 0.027586206896551724
0 0.549 0.9275862068965517 0.006 0.034482758620689655
0 0.544 0.9344827586206896 0.004 0.027586206896551724
0 0.593 0.9224137931034483 0.006 0.03103448275862069
0 0.584 0.9206896551724137 0.008 0.034482758620689655
0 0.656 0.9 0.008 0.027586206896551724
0 0.692 0.9672413793103448 0.004 0.02413793103448276
0 0.685 0.9672413793103448 0.006 0.02413793103448276
0 0.67 0.9568965517241379 0.004 0.03793103448275862
0 0.677 0.9568965517241379 0.006 0.03793103448275862
0 0.637 0.9637931034482758 0.01 0.03793103448275862
0 0.657 0.996551724137931 0.01 0.06896551724137931
0 0.583 0.9793103448275862 0.01 0.041379310344827586
0 0.56 0.9862068965517241 0.012 0.04827586206896552
0 0.571 0.9586206896551724 0.006 0.020689655172413793
0 0.572 0.9827586206896551 0.008 0.034482758620689655
0 0.516 0.8810344827586207 0.004 0.02413793103448276
0 0.536 0.9086206896551724 0.008 0.03103448275862069
0 0.554 0.9017241379310345 0.004 0.02413793103448276
0 0.481 0.9137931034482759 0.006 0.034482758620689655
0 0.491 0.9120689655172414 0.006 0.02413793103448276
0 0.479 0.8879310344827587 0.006 0.017241379310344827
0 0.489 0.8827586206896552 0.006 0.020689655172413793
0 0.485 0.8844827586206897 0.006 0.017241379310344827
0 0.803 0.9603448275862069 0.01 0.04482758620689655
0 0.811 0.8913793103448275 0.01 0.03103448275862069
0 0.761 0.8758620689655172 0.006 0.020689655172413793
0 0.716 0.8689655172413793 0.008 0.020689655172413793
0 0.701 0.8724137931034482 0.01 0.020689655172413793
0 0.684 0.8689655172413793 0.008 0.027586206896551724
0 0.844 0.9241379310344827 0.008 0.034482758620689655
0 0.836 0.9258620689655173 0.008 0.03103448275862069
0 0.824 0.9293103448275862 0.012 0.03793103448275862
0 0.843 0.9672413793103448 0.014 0.05172413793103448
0 0.838 0.9637931034482758 0.012 0.03793103448275862
0 0.828 0.9689655172413794 0.016 0.034482758620689655
0 0.772 0.9758620689655172 0.016 0.06896551724137931
0 0.763 0.993103448275862 0.014 0.041379310344827586
0 0.751 0.996551724137931 0.01 0.05517241379310345
0 0.828 0.9672413793103448 0.016 0.03103448275862069
0 0.441 0.8793103448275862 0.006 0.034482758620689655
0 0.434 0.9344827586206896 0.008 0.034482758620689655
0 0.43 0.8741379310344828 0.008 0.03103448275862069
0 0.426 0.8741379310344828 0.008 0.03103448275862069
0 0.426 0.8896551724137931 0.008 0.034482758620689655
0 0.374 0.8896551724137931 0.008 0.027586206896551724
0 0.337 0.8637931034482759 0.006 0.02413793103448276
0 0.331 0.8551724137931035 0.006 0.027586206896551724
0 0.266 0.9051724137931034 0.008 0.03793103448275862
0 0.248 0.903448275862069 0.008 0.034482758620689655
0 0.22 0.8931034482758621 0.008 0.034482758620689655
0 0.214 0.896551724137931 0.008 0.034482758620689655
0 0.198 0.8896551724137931 0.008 0.034482758620689655
0 0.193 0.8913793103448275 0.006 0.03793103448275862
0 0.185 0.8982758620689655 0.01 0.03793103448275862
0 0.177 0.9 0.01 0.041379310344827586
0 0.183 0.9224137931034483 0.01 0.04482758620689655
0 0.176 0.9327586206896552 0.012 0.04482758620689655
0 0.168 0.9275862068965517 0.008 0.034482758620689655
0 0.153 0.9 0.01 0.034482758620689655
0 0.162 0.8948275862068965 0.008 0.03793103448275862
0 0.166 0.8879310344827587 0.008 0.03103448275862069
0 0.242 0.8931034482758621 0.008 0.034482758620689655
0 0.244 0.9172413793103448 0.008 0.041379310344827586
0 0.239 0.9155172413793103 0.01 0.03793103448275862
0 0.313 0.8862068965517241 0.01 0.041379310344827586
0 0.29 0.8982758620689655 0.012 0.03793103448275862
0 0.281 0.8896551724137931 0.01 0.034482758620689655
0 0.032 0.9155172413793103 0.008 0.04482758620689655
0 0.038 0.9362068965517242 0.012 0.05172413793103448
0 0.124 0.8982758620689655 0.008 0.03103448275862069
0 0.004 0.9379310344827586 0.008 0.05517241379310345
0 0.041 0.9810344827586207 0.014 0.05862068965517241
0 0.022 0.9706896551724138 0.008 0.05172413793103448
