0 0.7764285714285715 0.9564676616915423 0.032857142857142856 0.12189054726368159
0 0.835 0.9925373134328358 0.03 0.05472636815920398
0 0.4307142857142857 0.585820895522388 0.027142857142857142 0.09203980099502487
0 0.5328571428571428 0.6268656716417911 0.025714285714285714 0.1044776119402985
0 0.575 0.6131840796019901 0.03857142857142857 0.07711442786069651
0 0.5828571428571429 0.5870646766169154 0.037142857142857144 0.07960199004975124
0 0.5985714285714285 0.5708955223880597 0.037142857142857144 0.07213930348258707
0 0.6085714285714285 0.5522388059701493 0.025714285714285714 0.05472636815920398
0 0.6142857142857143 0.5099502487562189 0.025714285714285714 0.0845771144278607
0 0.6364285714285715 0.5298507462686567 0.027142857142857142 0.0945273631840796
0 0.8785714285714286 0.7027363184079602 0.02 0.07711442786069651
0 0.8985714285714286 0.6865671641791045 0.025714285714285714 0.0945273631840796
0 0.9028571428571428 0.6305970149253731 0.02857142857142857 0.08208955223880597
