0 0.02214285714285714 0.532258064516129 0.041428571428571426 0.13647642679900746
0 0.18928571428571428 0.39826302729528534 0.032857142857142856 0.1315136476426799
0 0.3171428571428571 0.33002481389578164 0.022857142857142857 0.10918114143920596
0 0.33785714285714286 0.31389578163771714 0.024285714285714285 0.11662531017369727
0 0.36642857142857144 0.3163771712158809 0.012857142857142857 0.12158808933002481
0 0.365 0.3027295285359802 0.018571428571428572 0.10421836228287841
0 0.36642857142857144 0.30893300248138955 0.015714285714285715 0.10669975186104218
0 0.2835714285714286 0.19106699751861042 0.018571428571428572 0.08933002481389578
0 0.27214285714285713 0.17245657568238212 0.024285714285714285 0.08684863523573201
0 0.5878571428571429 0.060794044665012405 0.018571428571428572 0.08188585607940446
0 0.3807142857142857 0.03970223325062035 0.015714285714285715 0.0794044665012407
0 0.39285714285714285 0.04466501240694789 0.017142857142857144 0.08933002481389578
