0 0.835 0.6116625310173698 0.012857142857142857 0.02729528535980149
0 0.8071428571428572 0.8287841191066998 0.008571428571428572 0.019851116625310174
0 0.8928571428571429 0.16253101736972705 0.008571428571428572 0.022332506203473945
0 0.8514285714285714 0.21712158808933002 0.011428571428571429 0.03225806451612903
0 0.8642857142857143 0.27419354838709675 0.008571428571428572 0.04218362282878412
0 0.6964285714285714 0.6153846153846154 0.01 0.02481389578163772
0 0.6914285714285714 0.5186104218362283 0.011428571428571429 0.02481389578163772
0 0.7092857142857143 0.052109181141439205 0.007142857142857143 0.01488833746898263
0 0.7021428571428572 0.04714640198511166 0.007142857142857143 0.019851116625310174
0 0.8214285714285714 0.2903225806451613 0.008571428571428572 0.019851116625310174
0 0.6778571428571428 0.8349875930521092 0.007142857142857143 0.017369727047146403
0 0.7078571428571429 0.7990074441687345 0.01 0.01488833746898263
0 0.7007142857142857 0.8076923076923077 0.007142857142857143 0.01240694789081886
0 0.7214285714285714 0.8746898263027295 0.008571428571428572 0.017369727047146403
0 0.6885714285714286 0.8982630272952854 0.011428571428571429 0.01488833746898263
0 0.6878571428571428 0.9305210918114144 0.01 0.019851116625310174
