0 0.18643 0.79726 0.02429 0.09204
0 0.91357 0.44527 0.01571 0.04975
0 0.91929 0.44652 0.01 0.03234
0 0.90071 0.27985 0.01286 0.04229
0 0.96857 0.25373 0.01143 0.0398
0 0.98714 0.25 0.01143 0.04726
0 0.735 0.34826 0.01286 0.04975
0 0.785 0.29478 0.01286 0.03731
0 0.77857 0.24129 0.00857 0.04478
0 0.78357 0.24627 0.01 0.04478
0 0.48214 0.36318 0.00714 0.05473
0 0.52571 0.25373 0.01429 0.03483
0 0.54357 0.22139 0.01 0.04478
0 0.59571 0.17786 0.00857 0.04229
0 0.61857 0.18781 0.00857 0.03731
0 0.62357 0.18905 0.00714 0.0398
0 0.63214 0.19279 0.00714 0.04229
0 0.64286 0.19527 0.00857 0.04229
0 0.64429 0.1903 0.00571 0.04229
0 0.64786 0.19403 0.00714 0.03483
0 0.855 0.12687 0.01 0.03483
0 0.76571 0.14179 0.00857 0.02985
0 0.77929 0.06468 0.00429 0.02985
0 0.56214 0.68408 0.01286 0.0796
0 0.57214 0.67786 0.02429 0.07214
0 0.61286 0.61816 0.02 0.05224
0 0.62643 0.64179 0.01571 0.04975
0 0.42357 0.60075 0.01857 0.05721
0 0.11071 0.74876 0.02143 0.08458
0 0.185 0.56095 0.01286 0.03731
0 0.41071 0.23259 0.01571 0.04726
0 0.34786 0.1903 0.01 0.04229
0 0.37857 0.19279 0.01143 0.03731
