0 0.8478571428571429 0.5682382133995038 0.07 0.1588089330024814
0 0.9771428571428571 0.3957816377171216 0.05142857142857143 0.14640198511166252
0 0.9757142857142858 0.3933002481389578 0.05142857142857143 0.14640198511166252
0 0.765 0.7369727047146402 0.06142857142857143 0.1488833746898263
0 0.6942857142857143 0.8374689826302729 0.05142857142857143 0.1315136476426799
0 0.7271428571428571 0.8027295285359801 0.05142857142857143 0.1315136476426799
0 0.3807142857142857 0.20843672456575682 0.03571428571428571 0.12903225806451613
0 0.9614285714285714 0.15508684863523572 0.037142857142857144 0.08188585607940446
0 0.6864285714285714 0.0707196029776675 0.041428571428571426 0.12655086848635236
0 0.6542857142857142 0.06327543424317618 0.03142857142857143 0.11166253101736973
0 0.6228571428571429 0.043424317617866005 0.03428571428571429 0.08684863523573201
