0 0.90286 0.36816 0.01429 0.0597
0 0.68 0.39428 0.01714 0.06716
0 0.60357 0.36692 0.01 0.05224
0 0.61143 0.36816 0.01143 0.05473
0 0.48071 0.92786 0.01857 0.0995
0 0.48643 0.93035 0.01286 0.06468
0 0.23143 0.94279 0.02 0.07463
0 0.23286 0.97388 0.02286 0.07214
0 0.28643 0.74751 0.03286 0.09204
0 0.60286 0.71269 0.01429 0.07711
0 0.61643 0.70025 0.01857 0.06716
0 0.96714 0.22512 0.01143 0.05224
0 0.80643 0.14179 0.01 0.04478
0 0.76 0.28234 0.01143 0.04726
0 0.77286 0.28856 0.01429 0.04478
0 0.75214 0.3296 0.01286 0.04726
0 0.75071 0.31343 0.01286 0.04975
0 0.76929 0.04851 0.00714 0.02736
0 0.77571 0.04229 0.00571 0.02985
