0 0.3392857142857143 0.6965174129353234 0.03857142857142857 0.12437810945273632
0 0.26071428571428573 0.6865671641791045 0.03857142857142857 0.12437810945273632
0 0.885 0.9738805970149254 0.041428571428571426 0.13681592039800994
0 0.9992857142857143 0.6206467661691543 0.03571428571428571 0.14676616915422885
0 0.2592857142857143 0.6840796019900498 0.03857142857142857 0.12437810945273632
0 0.09857142857142857 0.8009950248756219 0.054285714285714284 0.0845771144278607
0 0.8742857142857143 0.6169154228855721 0.03142857142857143 0.12935323383084577
0 0.29285714285714287 0.11567164179104478 0.02 0.05223880597014925
0 0.11071428571428571 0.10074626865671642 0.015714285714285715 0.05721393034825871
0 0.28714285714285714 0.026119402985074626 0.008571428571428572 0.0472636815920398
0 0.2978571428571429 0.028606965174129355 0.01 0.0472636815920398
0 0.6742857142857143 0.30472636815920395 0.02 0.08706467661691543
0 0.6392857142857142 0.1865671641791045 0.018571428571428572 0.06467661691542288
0 0.5878571428571429 0.13432835820895522 0.015714285714285715 0.04477611940298507
0 0.545 0.036069651741293535 0.015714285714285715 0.05223880597014925
