0 0.49142857142857144 0.9912935323383084 0.02 0.08706467661691543
0 0.3435714285714286 0.8159203980099502 0.02142857142857143 0.04975124378109453
0 0.31785714285714284 0.8893034825870647 0.015714285714285715 0.0472636815920398
0 0.405 0.845771144278607 0.01 0.05472636815920398
0 0.37142857142857144 0.8308457711442786 0.014285714285714285 0.04975124378109453
0 0.35928571428571426 0.8557213930348259 0.01 0.029850746268656716
0 0.36857142857142855 0.8557213930348259 0.008571428571428572 0.029850746268656716
0 0.43 0.7189054726368159 0.02 0.06467661691542288
0 0.43642857142857144 0.7101990049751243 0.012857142857142857 0.0472636815920398
0 0.6264285714285714 0.7574626865671642 0.015714285714285715 0.0472636815920398
0 0.6328571428571429 0.75 0.008571428571428572 0.03731343283582089
0 0.6064285714285714 0.4601990049751244 0.01 0.04975124378109453
0 0.5907142857142857 0.4564676616915423 0.01 0.0472636815920398
0 0.7292857142857143 0.503731343283582 0.012857142857142857 0.0472636815920398
0 0.7414285714285714 0.32587064676616917 0.008571428571428572 0.04477611940298507
0 0.785 0.9539800995024875 0.02142857142857143 0.05223880597014925
0 0.7771428571428571 0.26865671641791045 0.005714285714285714 0.014925373134328358
0 0.9757142857142858 0.14925373134328357 0.008571428571428572 0.014925373134328358
0 0.9821428571428571 0.13308457711442787 0.007142857142857143 0.012437810945273632
0 0.9728571428571429 0.14303482587064675 0.008571428571428572 0.017412935323383085
