0 0.23142857142857143 0.38213399503722084 0.02 0.13895781637717122
0 0.26071428571428573 0.3573200992555831 0.024285714285714285 0.13895781637717122
0 0.5535714285714286 0.41563275434243174 0.027142857142857142 0.11166253101736973
0 0.7978571428571428 0.1488833746898263 0.012857142857142857 0.05955334987593052
0 0.8114285714285714 0.14516129032258066 0.014285714285714285 0.07692307692307693
0 0.82 0.14267990074441686 0.011428571428571429 0.06699751861042183
0 0.7678571428571429 0.0794044665012407 0.024285714285714285 0.06451612903225806
0 0.6378571428571429 0.1228287841191067 0.024285714285714285 0.062034739454094295
0 0.595 0.07816377171215881 0.024285714285714285 0.08188585607940446
0 0.6257142857142857 0.03598014888337469 0.02 0.07196029776674938
0 0.2342857142857143 0.14267990074441686 0.014285714285714285 0.07196029776674938
0 0.18357142857142858 0.1575682382133995 0.015714285714285715 0.09181141439205956
0 0.18142857142857144 0.2531017369727047 0.025714285714285714 0.10918114143920596
0 0.14 0.21215880893300249 0.025714285714285714 0.11662531017369727
0 0.16 0.22704714640198512 0.017142857142857144 0.052109181141439205
0 0.7157142857142857 0.03598014888337469 0.02 0.07196029776674938
