0 0.4514285714285714 0.39303482587064675 0.008571428571428572 0.029850746268656716
0 0.5064285714285715 0.43781094527363185 0.012857142857142857 0.04477611940298507
0 0.5264285714285715 0.44527363184079605 0.01 0.04477611940298507
0 0.5371428571428571 0.44029850746268656 0.008571428571428572 0.04975124378109453
0 0.645 0.4191542288557214 0.01 0.04228855721393035
0 0.53 0.43781094527363185 0.011428571428571429 0.04477611940298507
0 0.6535714285714286 0.4191542288557214 0.01 0.0472636815920398
0 0.6614285714285715 0.4191542288557214 0.011428571428571429 0.04228855721393035
0 0.7621428571428571 0.44154228855721395 0.012857142857142857 0.0472636815920398
0 0.7735714285714286 0.5534825870646766 0.012857142857142857 0.04228855721393035
0 0.6214285714285714 0.8532338308457711 0.02 0.04477611940298507
0 0.6964285714285714 0.7300995024875622 0.018571428571428572 0.0472636815920398
0 0.5421428571428571 0.9788557213930348 0.018571428571428572 0.07711442786069651
0 0.5564285714285714 0.9639303482587065 0.015714285714285715 0.07213930348258707
