0 0.01929 0.46526 0.03857 0.17122
0 0.09714 0.27171 0.03429 0.15136
0 0.07571 0.12531 0.03143 0.15633
0 0.07857 0.70471 0.04 0.19355
0 0.15214 0.69851 0.04429 0.16625
0 0.20286 0.58561 0.04 0.16377
0 0.28429 0.62283 0.04857 0.17866
0 0.38643 0.56328 0.05571 0.1737
0 0.28571 0.44541 0.04286 0.16625
0 0.26857 0.56948 0.04857 0.20099
0 0.45857 0.77171 0.06286 0.12407
0 0.21786 0.24566 0.03857 0.16377
0 0.18929 0.1129 0.03571 0.16625
0 0.28 0.09801 0.03429 0.16129
0 0.27714 0.07072 0.03714 0.14144
0 0.37357 0.07692 0.03571 0.15385
0 0.065 0.08189 0.02429 0.16377
0 0.90786 0.82754 0.07857 0.15136
0 0.90571 0.76675 0.09143 0.134
