0 0.2957142857142857 0.8582089552238806 0.04 0.12935323383084577
0 0.8507142857142858 0.927860696517413 0.041428571428571426 0.13432835820895522
0 0.8728571428571429 0.9402985074626866 0.04857142857142857 0.12437810945273632
0 0.455 0.7027363184079602 0.024285714285714285 0.08208955223880597
0 0.4785714285714286 0.7114427860696517 0.025714285714285714 0.05970149253731343
0 0.18928571428571428 0.7375621890547264 0.03857142857142857 0.16169154228855723
0 0.23 0.7176616915422885 0.037142857142857144 0.14676616915422885
0 0.2907142857142857 0.7139303482587065 0.032857142857142856 0.14427860696517414
0 0.2257142857142857 0.2599502487562189 0.011428571428571429 0.07213930348258707
0 0.21571428571428572 0.2524875621890547 0.008571428571428572 0.06716417910447761
0 0.20857142857142857 0.26119402985074625 0.008571428571428572 0.06965174129353234
0 0.19857142857142857 0.26492537313432835 0.008571428571428572 0.06218905472636816
0 0.8035714285714286 0.16293532338308458 0.01 0.0472636815920398
0 0.6057142857142858 0.043532338308457715 0.008571428571428572 0.03731343283582089
0 0.5807142857142857 0.17288557213930347 0.012857142857142857 0.0472636815920398
0 0.5671428571428572 0.048507462686567165 0.005714285714285714 0.02736318407960199
0 0.5864285714285714 0.03731343283582089 0.007142857142857143 0.024875621890547265
0 0.9242857142857143 0.1318407960199005 0.011428571428571429 0.05472636815920398
0 0.915 0.08706467661691543 0.01 0.01990049751243781
0 0.7785714285714286 0.15796019900497513 0.014285714285714285 0.03731343283582089
0 0.7828571428571428 0.10572139303482588 0.008571428571428572 0.03731343283582089
