0 0.37714285714285717 0.503731343283582 0.011428571428571429 0.06716417910447761
0 0.36214285714285716 0.4539800995024876 0.012857142857142857 0.05721393034825871
0 0.4092857142857143 0.4291044776119403 0.012857142857142857 0.05721393034825871
0 0.3871428571428571 0.44527363184079605 0.008571428571428572 0.04975124378109453
0 0.39785714285714285 0.44527363184079605 0.012857142857142857 0.05472636815920398
0 0.6342857142857142 0.42786069651741293 0.011428571428571429 0.03482587064676617
0 0.9542857142857143 0.3880597014925373 0.008571428571428572 0.03980099502487562
0 0.9064285714285715 0.30970149253731344 0.007142857142857143 0.03233830845771144
0 0.915 0.30845771144278605 0.007142857142857143 0.029850746268656716
0 0.9428571428571428 0.28233830845771146 0.02 0.04228855721393035
