0 0.34071 0.50622 0.04714 0.14677
0 0.40214 0.52239 0.03857 0.14925
0 0.31429 0.81841 0.04 0.16418
0 0.365 0.83582 0.03 0.05473
0 0.43786 0.85572 0.04714 0.199
0 0.49429 0.8296 0.05143 0.20149
0 0.53714 0.89801 0.05143 0.17413
0 0.23429 0.94776 0.05429 0.16915
0 0.60929 0.77114 0.04429 0.20896
0 0.65071 0.86816 0.04429 0.1791
0 0.64286 0.95025 0.05143 0.15423
0 0.69357 0.74129 0.04143 0.18905
0 0.77714 0.70771 0.04571 0.18657
0 0.74286 0.82711 0.06571 0.17164
0 0.745 0.95025 0.05857 0.199
0 0.8 0.88557 0.03429 0.21393
0 0.90643 0.54602 0.01857 0.11692
0 0.91143 0.55721 0.02 0.1194
0 0.93429 0.53483 0.03143 0.12935
0 0.86357 0.66542 0.04143 0.17662
0 0.82214 0.77612 0.05571 0.19403
0 0.84143 0.97388 0.03714 0.17164
0 0.87714 0.83955 0.03714 0.19154
0 0.91786 0.73383 0.03286 0.1791
0 0.925 0.89677 0.04143 0.20149
0 0.96429 0.63806 0.03143 0.15174
0 0.97429 0.801 0.03714 0.15423
0 0.98857 0.68781 0.04 0.18159
0 0.98714 0.98259 0.08286 0.18905
