0 0.2507142857142857 0.9651741293532339 0.012857142857142857 0.06467661691542288
0 0.25642857142857145 0.9490049751243781 0.015714285714285715 0.06218905472636816
0 0.18928571428571428 0.7611940298507462 0.012857142857142857 0.05970149253731343
0 0.15428571428571428 0.3781094527363184 0.011428571428571429 0.03482587064676617
0 0.11642857142857142 0.3718905472636816 0.01 0.03731343283582089
0 0.10142857142857142 0.35447761194029853 0.005714285714285714 0.03731343283582089
0 0.09214285714285714 0.34328358208955223 0.004285714285714286 0.014925373134328358
0 0.14357142857142857 0.27238805970149255 0.007142857142857143 0.02736318407960199
0 0.10857142857142857 0.208955223880597 0.005714285714285714 0.029850746268656716
0 0.10357142857142858 0.14303482587064675 0.004285714285714286 0.022388059701492536
0 0.11071428571428571 0.13805970149253732 0.007142857142857143 0.02736318407960199
