0 0.23214285714285715 0.09950248756218906 0.012857142857142857 0.06467661691542288
0 0.25214285714285717 0.13059701492537312 0.007142857142857143 0.05223880597014925
0 0.26285714285714284 0.1318407960199005 0.011428571428571429 0.05472636815920398
0 0.5628571428571428 0.0945273631840796 0.011428571428571429 0.06965174129353234
0 0.5321428571428571 0.11194029850746269 0.012857142857142857 0.06467661691542288
0 0.5214285714285715 0.11567164179104478 0.011428571428571429 0.0472636815920398
0 0.615 0.1417910447761194 0.015714285714285715 0.05970149253731343
0 0.59 0.8109452736318408 0.022857142857142857 0.09950248756218906
0 0.6428571428571429 0.9813432835820896 0.037142857142857144 0.11691542288557213
0 0.785 0.6567164179104478 0.02142857142857143 0.1044776119402985
