0 0.9807142857142858 0.05334987593052109 0.015714285714285715 0.10669975186104218
0 0.8835714285714286 0.05334987593052109 0.02142857142857143 0.10669975186104218
0 0.795 0.06451612903225806 0.02142857142857143 0.11910669975186104
0 0.8371428571428572 0.062034739454094295 0.02857142857142857 0.11910669975186104
0 0.8935714285714286 0.2456575682382134 0.03571428571428571 0.14392059553349876
0 0.9028571428571428 0.25930521091811415 0.022857142857142857 0.13647642679900746
0 0.7142857142857143 0.6166253101736973 0.03428571428571429 0.1761786600496278
0 0.6764285714285714 0.6141439205955335 0.032857142857142856 0.17121588089330025
0 0.6971428571428572 0.9044665012406948 0.045714285714285714 0.18610421836228289
0 0.7078571428571429 0.93424317617866 0.03571428571428571 0.1315136476426799
0 0.48714285714285716 0.38213399503722084 0.037142857142857144 0.16377171215880892
0 0.3707142857142857 0.0794044665012407 0.04428571428571428 0.10918114143920596
0 0.3314285714285714 0.08188585607940446 0.02 0.10918114143920596
0 0.3335714285714286 0.05459057071960298 0.024285714285714285 0.10918114143920596
