0 0.211 0.846551724137931 0.01 0.03793103448275862
0 0.22 0.8517241379310345 0.012 0.034482758620689655
0 0.103 0.6793103448275862 0.006 0.020689655172413793
0 0.172 0.6068965517241379 0.008 0.020689655172413793
0 0.18 0.6637931034482759 0.008 0.02413793103448276
0 0.194 0.6758620689655173 0.008 0.020689655172413793
0 0.165 0.7086206896551724 0.006 0.017241379310344827
0 0.12 0.756896551724138 0.008 0.03103448275862069
0 0.133 0.7603448275862069 0.01 0.02413793103448276
0 0.132 0.8051724137931034 0.008 0.03793103448275862
0 0.126 0.8068965517241379 0.008 0.041379310344827586
0 0.118 0.8 0.012 0.027586206896551724
0 0.12 0.8206896551724138 0.008 0.034482758620689655
0 0.115 0.8379310344827586 0.01 0.020689655172413793
0 0.083 0.8068965517241379 0.01 0.041379310344827586
0 0.183 0.7413793103448276 0.006 0.027586206896551724
0 0.184 0.7344827586206897 0.008 0.034482758620689655
0 0.197 0.7517241379310344 0.01 0.034482758620689655
0 0.193 0.75 0.01 0.03103448275862069
0 0.193 0.7379310344827587 0.01 0.034482758620689655
