0 0.13 0.9029850746268657 0.025714285714285714 0.12935323383084577
0 0.2814285714285714 0.8544776119402985 0.03428571428571429 0.12189054726368159
0 0.33785714285714286 0.8631840796019901 0.03571428571428571 0.11442786069651742
0 0.2342857142857143 0.8718905472636815 0.04285714285714286 0.12189054726368159
0 0.2257142857142857 0.8743781094527363 0.02857142857142857 0.08208955223880597
0 0.13714285714285715 0.5634328358208955 0.022857142857142857 0.10199004975124377
0 0.10857142857142857 0.5671641791044776 0.017142857142857144 0.07462686567164178
0 0.03642857142857143 0.7711442786069652 0.03 0.07960199004975124
0 0.8092857142857143 0.804726368159204 0.024285714285714285 0.12189054726368159
0 0.8942857142857142 0.7761194029850746 0.04 0.11940298507462686
0 0.8914285714285715 0.763681592039801 0.03428571428571429 0.11940298507462686
0 0.5335714285714286 0.22885572139303484 0.01 0.06467661691542288
