0 0.78214 0.75871 0.01 0.02985
0 0.71643 0.72637 0.01 0.04478
0 0.66214 0.87562 0.01 0.0398
0 0.66286 0.84204 0.01143 0.03731
0 0.65 0.86692 0.01143 0.04229
0 0.64143 0.8806 0.00857 0.04975
0 0.62786 0.88557 0.01 0.0597
0 0.61857 0.87687 0.01143 0.05721
0 0.63571 0.85572 0.00857 0.05473
0 0.62786 0.83582 0.01 0.04975
0 0.64143 0.85199 0.00857 0.04726
0 0.60714 0.89677 0.01429 0.05224
0 0.60571 0.87438 0.00857 0.04229
0 0.59643 0.92164 0.01286 0.04229
0 0.59643 0.91169 0.01 0.04229
0 0.59643 0.9005 0.01 0.0398
0 0.59071 0.87935 0.01286 0.03234
0 0.57786 0.90299 0.01857 0.03483
0 0.56286 0.91667 0.02 0.03234
0 0.54143 0.97015 0.01429 0.05473
0 0.51714 0.99876 0.01714 0.06219
0 0.43429 0.96891 0.01143 0.06219
0 0.42143 0.97388 0.01143 0.06716
0 0.82643 0.64925 0.01 0.0398
0 0.84643 0.6505 0.01286 0.05224
0 0.89714 0.65672 0.00857 0.0398
0 0.93214 0.65299 0.01 0.04726
0 0.99786 0.66169 0.01 0.0398
0 0.97143 0.66542 0.01143 0.03234
0 0.97643 0.66169 0.00714 0.03483
0 0.97429 0.65423 0.00857 0.03483
0 0.69643 0.65299 0.01 0.03234
0 0.64857 0.65174 0.00857 0.04975
0 0.63857 0.65547 0.00857 0.04726
0 0.64643 0.6505 0.00714 0.05224
0 0.63929 0.65423 0.01 0.04975
0 0.55929 0.8097 0.01286 0.05721
0 0.54786 0.84826 0.01571 0.0597
