0 0.829 0.7155172413793104 0.014 0.07241379310344828
0 0.921 0.6775862068965517 0.018 0.04482758620689655
0 0.876 0.7086206896551724 0.02 0.07241379310344828
0 0.856 0.6758620689655173 0.016 0.06896551724137931
0 0.857 0.7051724137931035 0.014 0.05862068965517241
0 0.827 0.6844827586206896 0.014 0.05862068965517241
0 0.789 0.6913793103448276 0.014 0.06551724137931035
0 0.903 0.4982758620689655 0.014 0.03793103448275862
0 0.929 0.5293103448275862 0.01 0.05172413793103448
0 0.964 0.47586206896551725 0.012 0.034482758620689655
0 0.987 0.5051724137931034 0.01 0.03103448275862069
