0 0.09571428571428571 0.6181592039800995 0.008571428571428572 0.03731343283582089
0 0.3078571428571429 0.9776119402985075 0.018571428571428572 0.0845771144278607
0 0.31142857142857144 0.9925373134328358 0.011428571428571429 0.07960199004975124
0 0.32142857142857145 0.996268656716418 0.017142857142857144 0.07213930348258707
0 0.5642857142857143 0.7201492537313433 0.017142857142857144 0.05223880597014925
0 0.44285714285714284 0.8718905472636815 0.014285714285714285 0.06716417910447761
0 0.6 0.7674129353233831 0.011428571428571429 0.05721393034825871
0 0.5821428571428572 0.7649253731343284 0.012857142857142857 0.05721393034825871
0 0.5835714285714285 0.7574626865671642 0.012857142857142857 0.05721393034825871
0 0.5421428571428571 0.8258706467661692 0.015714285714285715 0.06965174129353234
0 0.5185714285714286 0.8208955223880597 0.014285714285714285 0.05970149253731343
0 0.485 0.8146766169154229 0.012857142857142857 0.05721393034825871
0 0.505 0.8196517412935324 0.012857142857142857 0.06218905472636816
0 0.49785714285714283 0.8146766169154229 0.012857142857142857 0.06218905472636816
0 0.5735714285714286 0.8345771144278606 0.012857142857142857 0.06218905472636816
0 0.575 0.8283582089552238 0.018571428571428572 0.06467661691542288
0 0.46714285714285714 0.9216417910447762 0.02 0.08208955223880597
0 0.6 0.900497512437811 0.017142857142857144 0.07960199004975124
0 0.5842857142857143 0.904228855721393 0.017142857142857144 0.07711442786069651
0 0.59 0.9713930348258707 0.017142857142857144 0.09203980099502487
0 0.5214285714285715 0.9465174129353234 0.017142857142857144 0.06716417910447761
0 0.5514285714285714 0.9415422885572139 0.017142857142857144 0.08706467661691543
0 0.5414285714285715 0.9166666666666666 0.014285714285714285 0.07213930348258707
0 0.5528571428571428 0.9129353233830846 0.017142857142857144 0.07462686567164178
