0 0.002857142857142857 0.3246268656716418 0.005714285714285714 0.02736318407960199
0 0.013571428571428571 0.47761194029850745 0.007142857142857143 0.03980099502487562
0 0.056428571428571425 0.3582089552238806 0.007142857142857143 0.01990049751243781
0 0.06428571428571428 0.5286069651741293 0.008571428571428572 0.02736318407960199
0 0.09285714285714286 0.6094527363184079 0.011428571428571429 0.024875621890547265
0 0.11714285714285715 0.695273631840796 0.011428571428571429 0.06218905472636816
0 0.13428571428571429 0.7002487562189055 0.011428571428571429 0.06218905472636816
0 0.37357142857142855 0.5932835820895522 0.012857142857142857 0.05721393034825871
0 0.3364285714285714 0.5398009950248757 0.007142857142857143 0.04975124378109453
0 0.33071428571428574 0.5348258706467661 0.01 0.04975124378109453
