0 0.49444 0.87064 0.025 0.02752
0 0.50417 0.91376 0.01667 0.02202
0 0.45 0.83761 0.02222 0.02385
0 0.43611 0.86422 0.01667 0.01835
0 0.41667 0.86239 0.01944 0.01835
0 0.43403 0.8211 0.01528 0.02385
0 0.37014 0.87156 0.02361 0.02569
0 0.36736 0.83303 0.01806 0.02202
0 0.36528 0.79817 0.01944 0.02202
0 0.35486 0.76147 0.01806 0.02202
0 0.34861 0.79725 0.01389 0.02018
0 0.37778 0.76422 0.03333 0.02385
0 0.43056 0.74771 0.01389 0.02385
0 0.42014 0.71376 0.02083 0.02569
0 0.43889 0.69725 0.01667 0.02202
0 0.42847 0.68073 0.02083 0.02202
0 0.41181 0.68716 0.02083 0.02385
0 0.42917 0.6422 0.01667 0.02202
0 0.42361 0.61284 0.01667 0.01835
0 0.40764 0.61468 0.01528 0.02202
0 0.36667 0.5633 0.01667 0.02569
0 0.41111 0.52385 0.01667 0.02385
0 0.42847 0.5156 0.01528 0.02569
0 0.41111 0.48716 0.01944 0.02018
0 0.39583 0.5055 0.01389 0.02018
0 0.42917 0.4789 0.01667 0.01835
0 0.54444 0.62569 0.01667 0.02936
0 0.59375 0.55872 0.02083 0.04587
0 0.47222 0.39633 0.02222 0.0367
0 0.48819 0.19725 0.02083 0.02752
0 0.3625 0.3156 0.01389 0.02202
0 0.37708 0.31009 0.01528 0.01835
0 0.37778 0.27982 0.01667 0.02385
0 0.34722 0.28257 0.01667 0.01835
0 0.34653 0.30917 0.0125 0.02018
0 0.36389 0.27064 0.01111 0.02018
0 0.36528 0.21101 0.01667 0.02569
0 0.37986 0.22477 0.01528 0.02752
0 0.39514 0.2 0.01806 0.02202
0 0.375 0.18716 0.01667 0.02202
0 0.32569 0.18807 0.01528 0.02385
0 0.30833 0.21835 0.02222 0.02936
0 0.27639 0.13945 0.02222 0.04404
0 0.32153 0.15138 0.01528 0.02385
0 0.33819 0.13303 0.01528 0.02018
0 0.32292 0.11376 0.01528 0.01835
0 0.30625 0.12661 0.00972 0.02202
0 0.35694 0.11835 0.01389 0.02385
0 0.37708 0.13578 0.01528 0.02202
0 0.39097 0.11927 0.01528 0.01835
0 0.37778 0.09633 0.01111 0.01651
0 0.40903 0.09541 0.01528 0.01835
0 0.41042 0.11743 0.01528 0.01835
0 0.3125 0.07798 0.01389 0.02385
0 0.33542 0.04862 0.01806 0.02018
0 0.30556 0.04037 0.01389 0.02202
0 0.31944 0.03211 0.01944 0.02018
0 0.42778 0.09358 0.01389 0.02936
