0 0.6645833333333333 0.11467889908256881 0.0125 0.04220183486238532
0 0.6763888888888889 0.12660550458715597 0.011111111111111112 0.04036697247706422
0 0.6576388888888889 0.02018348623853211 0.015277777777777777 0.04036697247706422
0 0.6868055555555556 0.03669724770642202 0.015277777777777777 0.03669724770642202
0 0.6479166666666667 0.05045871559633028 0.015277777777777777 0.03486238532110092
0 0.6923611111111111 0.12385321100917432 0.0125 0.031192660550458717
0 0.6875 0.2 0.013888888888888888 0.029357798165137616
0 0.6715277777777777 0.1944954128440367 0.0125 0.029357798165137616
0 0.6444444444444445 0.43027522935779816 0.013888888888888888 0.023853211009174313
0 0.6458333333333334 0.22477064220183487 0.016666666666666666 0.027522935779816515
0 0.6680555555555555 0.26788990825688075 0.019444444444444445 0.03302752293577982
0 0.6534722222222222 0.381651376146789 0.015277777777777777 0.029357798165137616
0 0.7236111111111111 0.4798165137614679 0.011111111111111112 0.02018348623853211
0 0.6243055555555556 0.5229357798165137 0.009722222222222222 0.03302752293577982
0 0.8736111111111111 0.43394495412844036 0.016666666666666666 0.031192660550458717
0 0.8548611111111111 0.43944954128440367 0.0125 0.027522935779816515
0 0.8472222222222222 0.43302752293577984 0.008333333333333333 0.03669724770642202
0 0.6013888888888889 0.5972477064220183 0.025 0.031192660550458717
0 0.36180555555555555 0.9541284403669725 0.03194444444444444 0.03669724770642202
0 0.6069444444444444 0.9009174311926605 0.022222222222222223 0.04036697247706422
0 0.59375 0.8688073394495412 0.02638888888888889 0.03486238532110092
0 0.6159722222222223 0.8348623853211009 0.02361111111111111 0.03302752293577982
0 0.6520833333333333 0.7798165137614679 0.02361111111111111 0.03669724770642202
0 0.5902777777777778 0.7706422018348624 0.019444444444444445 0.025688073394495414
0 0.6118055555555556 0.7559633027522936 0.018055555555555554 0.029357798165137616
0 0.6375 0.9394495412844037 0.016666666666666666 0.03302752293577982
0 0.6416666666666667 0.8697247706422019 0.016666666666666666 0.029357798165137616
0 0.5743055555555555 0.9467889908256881 0.020833333333333332 0.03302752293577982
