0 0.07847222222222222 0.5660550458715596 0.029166666666666667 0.08990825688073395
0 0.7680555555555556 0.6311926605504588 0.030555555555555555 0.10642201834862386
0 0.44513888888888886 0.48990825688073397 0.03194444444444444 0.08073394495412844
0 0.5541666666666667 0.3660550458715596 0.019444444444444445 0.04954128440366973
0 0.7645833333333333 0.3440366972477064 0.018055555555555554 0.06422018348623854
0 0.2659722222222222 0.42385321100917434 0.0125 0.05504587155963303
0 0.2375 0.41651376146788993 0.013888888888888888 0.05871559633027523
0 0.21805555555555556 0.42844036697247706 0.019444444444444445 0.04220183486238532
0 0.24583333333333332 0.3559633027522936 0.013888888888888888 0.044036697247706424
0 0.5659722222222222 0.25688073394495414 0.009722222222222222 0.04036697247706422
0 0.6444444444444445 0.25137614678899084 0.011111111111111112 0.03669724770642202
0 0.7020833333333333 0.23027522935779818 0.0125 0.03486238532110092
0 0.6152777777777778 0.22568807339449543 0.011111111111111112 0.03302752293577982
0 0.5958333333333333 0.22018348623853212 0.011111111111111112 0.022018348623853212
0 0.8611111111111112 0.24403669724770644 0.011111111111111112 0.03669724770642202
0 0.5034722222222222 0.18990825688073396 0.006944444444444444 0.02018348623853211
0 0.5125 0.19174311926605506 0.005555555555555556 0.01651376146788991
0 0.5152777777777777 0.18807339449541285 0.005555555555555556 0.02018348623853211
0 0.5222222222222223 0.19357798165137616 0.008333333333333333 0.01651376146788991
0 0.5909722222222222 0.19357798165137616 0.006944444444444444 0.01651376146788991
0 0.5972222222222222 0.1908256880733945 0.005555555555555556 0.01834862385321101
0 0.5590277777777778 0.1889908256880734 0.004166666666666667 0.022018348623853212
0 0.5520833333333334 0.1889908256880734 0.009722222222222222 0.022018348623853212
0 0.5791666666666667 0.1889908256880734 0.011111111111111112 0.025688073394495414
0 0.6076388888888888 0.1889908256880734 0.006944444444444444 0.025688073394495414
0 0.6208333333333333 0.18990825688073396 0.005555555555555556 0.023853211009174313
0 0.6291666666666667 0.18990825688073396 0.008333333333333333 0.023853211009174313
0 0.5430555555555555 0.1963302752293578 0.008333333333333333 0.025688073394495414
