0 0.29375 0.8706422018348624 0.02361111111111111 0.05688073394495413
0 0.35 0.736697247706422 0.016666666666666666 0.06422018348623854
0 0.38958333333333334 0.7587155963302752 0.015277777777777777 0.06422018348623854
0 0.37222222222222223 0.7577981651376147 0.016666666666666666 0.062385321100917435
0 0.37222222222222223 0.7348623853211009 0.016666666666666666 0.06788990825688074
0 0.4013888888888889 0.7385321100917431 0.011111111111111112 0.05688073394495413
0 0.4479166666666667 0.4944954128440367 0.0125 0.045871559633027525
0 0.4409722222222222 0.48990825688073397 0.015277777777777777 0.044036697247706424
0 0.49375 0.45137614678899085 0.015277777777777777 0.047706422018348627
0 0.5097222222222222 0.3853211009174312 0.013888888888888888 0.04036697247706422
0 0.5215277777777778 0.381651376146789 0.0125 0.04036697247706422
0 0.31666666666666665 0.081651376146789 0.008333333333333333 0.023853211009174313
