0 0.57986 0.99817 0.02639 0.07339
0 0.80208 0.75138 0.01806 0.05321
0 0.83889 0.72569 0.01944 0.05321
0 0.83264 0.7211 0.01806 0.06239
0 0.86667 0.72569 0.01667 0.04954
0 0.86458 0.68624 0.01806 0.05505
0 0.95069 0.68165 0.02361 0.04587
0 0.96806 0.62569 0.01389 0.05872
0 0.98125 0.62294 0.01528 0.05688
0 0.99097 0.62202 0.0125 0.05872
0 0.99931 0.62385 0.01806 0.05872
0 0.98403 0.55688 0.0125 0.04954
0 0.97431 0.55688 0.0125 0.04954
0 0.95764 0.57706 0.0125 0.04954
0 0.94792 0.57523 0.0125 0.04587
0 0.92986 0.56055 0.0125 0.04954
0 0.94097 0.55872 0.01528 0.04954
0 0.86875 0.51101 0.00972 0.03853
0 0.89444 0.51101 0.01389 0.04954
0 0.80417 0.43853 0.01111 0.0367
0 0.81875 0.4367 0.0125 0.04037
0 0.775 0.41468 0.01111 0.04037
0 0.78403 0.41193 0.0125 0.0422
0 0.77361 0.37248 0.01111 0.0367
0 0.78333 0.37339 0.01111 0.03486
0 0.75208 0.37798 0.00972 0.0367
0 0.75694 0.37615 0.01111 0.0367
0 0.76458 0.29817 0.00972 0.03486
0 0.76875 0.29817 0.00972 0.03119
0 0.70694 0.21468 0.00833 0.02936
0 0.69514 0.18073 0.00694 0.02752
0 0.66875 0.17523 0.00694 0.02752
0 0.7 0.17982 0.00833 0.02936
0 0.77431 0.17064 0.00694 0.02569
0 0.77847 0.16972 0.00694 0.02752
0 0.80208 0.1633 0.00972 0.02569
0 0.69792 0.13945 0.00972 0.02569
0 0.70556 0.1367 0.00833 0.02752
0 0.56389 0.08073 0.00556 0.01835
0 0.625 0.10917 0.00833 0.02018
