0 0.09791666666666667 0.03669724770642202 0.009722222222222222 0.014678899082568808
0 0.08888888888888889 0.12844036697247707 0.011111111111111112 0.01834862385321101
0 0.11319444444444444 0.13119266055045872 0.009722222222222222 0.02018348623853211
0 0.04236111111111111 0.1651376146788991 0.009722222222222222 0.014678899082568808
0 0.03125 0.16238532110091744 0.009722222222222222 0.023853211009174313
0 0.05694444444444444 0.22660550458715598 0.008333333333333333 0.02018348623853211
0 0.28055555555555556 0.11284403669724771 0.011111111111111112 0.02018348623853211
0 0.2673611111111111 0.26697247706422017 0.009722222222222222 0.023853211009174313
0 0.27847222222222223 0.281651376146789 0.009722222222222222 0.023853211009174313
0 0.3923611111111111 0.28623853211009176 0.009722222222222222 0.022018348623853212
0 0.1951388888888889 0.381651376146789 0.0125 0.022018348623853212
0 0.22291666666666668 0.41192660550458715 0.0125 0.023853211009174313
0 0.16180555555555556 0.3779816513761468 0.009722222222222222 0.025688073394495414
0 0.12430555555555556 0.3559633027522936 0.009722222222222222 0.025688073394495414
0 0.044444444444444446 0.43944954128440367 0.011111111111111112 0.023853211009174313
0 0.044444444444444446 0.5385321100917431 0.008333333333333333 0.031192660550458717
0 0.07361111111111111 0.5403669724770642 0.013888888888888888 0.023853211009174313
0 0.04236111111111111 0.6403669724770642 0.0125 0.025688073394495414
0 0.05277777777777778 0.6935779816513762 0.011111111111111112 0.029357798165137616
0 0.04027777777777778 0.8376146788990826 0.013888888888888888 0.03486238532110092
0 0.5909722222222222 0.8201834862385321 0.018055555555555554 0.044036697247706424
0 0.48541666666666666 0.5614678899082569 0.015277777777777777 0.04036697247706422
0 0.48680555555555555 0.5522935779816514 0.009722222222222222 0.01834862385321101
0 0.6013888888888889 0.5229357798165137 0.013888888888888888 0.03669724770642202
0 0.6104166666666667 0.5357798165137615 0.015277777777777777 0.025688073394495414
0 0.4722222222222222 0.38623853211009174 0.013888888888888888 0.03853211009174312
0 0.3972222222222222 0.28440366972477066 0.008333333333333333 0.022018348623853212
0 0.45069444444444445 0.2467889908256881 0.009722222222222222 0.023853211009174313
0 0.4444444444444444 0.25229357798165136 0.013888888888888888 0.02018348623853211
0 0.5215277777777778 0.28256880733944956 0.009722222222222222 0.022018348623853212
0 0.2881944444444444 0.14128440366972478 0.009722222222222222 0.025688073394495414
0 0.8375 0.26697247706422017 0.011111111111111112 0.023853211009174313
0 0.7694444444444445 0.30275229357798167 0.011111111111111112 0.022018348623853212
0 0.7034722222222223 0.2706422018348624 0.0125 0.023853211009174313
0 0.6201388888888889 0.22752293577981653 0.0125 0.025688073394495414
