0 0.34097222222222223 0.8678899082568807 0.02361111111111111 0.03669724770642202
0 0.32430555555555557 0.0963302752293578 0.02638888888888889 0.04220183486238532
0 0.2222222222222222 0.2963302752293578 0.022222222222222223 0.03853211009174312
0 0.3638888888888889 0.2706422018348624 0.025 0.03486238532110092
0 0.4576388888888889 0.25045871559633026 0.02361111111111111 0.05321100917431193
0 0.4625 0.23853211009174313 0.022222222222222223 0.047706422018348627
0 0.5888888888888889 0.3568807339449541 0.030555555555555555 0.03853211009174312
0 0.5951388888888889 0.0889908256880734 0.0375 0.031192660550458717
0 0.6 0.07247706422018349 0.025 0.04220183486238532
0 0.6375 0.12201834862385322 0.027777777777777776 0.03853211009174312
0 0.5006944444444444 0.8192660550458716 0.029166666666666667 0.027522935779816515
0 0.5020833333333333 0.8330275229357799 0.03194444444444444 0.029357798165137616
0 0.5722222222222222 0.9055045871559633 0.030555555555555555 0.031192660550458717
