0 0.027777777777777776 0.30917874396135264 0.013888888888888888 0.033816425120772944
0 0.02638888888888889 0.2753623188405797 0.016666666666666666 0.033816425120772944
0 0.08125 0.5277777777777778 0.018055555555555554 0.050724637681159424
0 0.34097222222222223 0.3828502415458937 0.015277777777777777 0.05555555555555555
0 0.32083333333333336 0.4504830917874396 0.019444444444444445 0.05555555555555555
0 0.2826388888888889 0.6678743961352657 0.018055555555555554 0.036231884057971016
0 0.2777777777777778 0.7065217391304348 0.016666666666666666 0.04106280193236715
0 0.24930555555555556 0.7862318840579711 0.02361111111111111 0.026570048309178744
0 0.25069444444444444 0.8115942028985508 0.02638888888888889 0.033816425120772944
0 0.05 0.8393719806763285 0.027777777777777776 0.036231884057971016
0 0.10833333333333334 0.9891304347826086 0.016666666666666666 0.016908212560386472
0 0.08958333333333333 0.9722222222222222 0.02361111111111111 0.021739130434782608
0 0.08402777777777778 0.961352657004831 0.018055555555555554 0.024154589371980676
0 0.013194444444444444 0.7693236714975845 0.0125 0.021739130434782608
0 0.3472222222222222 0.8913043478260869 0.022222222222222223 0.057971014492753624
0 0.4736111111111111 0.7077294685990339 0.019444444444444445 0.04830917874396135
0 0.46875 0.6594202898550725 0.015277777777777777 0.043478260869565216
0 0.47847222222222224 0.6328502415458938 0.015277777777777777 0.04830917874396135
0 0.4875 0.6739130434782609 0.008333333333333333 0.03864734299516908
0 0.4888888888888889 0.6509661835748792 0.008333333333333333 0.04106280193236715
0 0.49375 0.6256038647342995 0.0125 0.043478260869565216
0 0.41875 0.5893719806763285 0.009722222222222222 0.01932367149758454
