0 0.56944 0.84128 0.025 0.03853
0 0.60139 0.81101 0.01944 0.03303
0 0.61875 0.85505 0.02083 0.02936
0 0.80833 0.80642 0.025 0.04587
0 0.82153 0.79266 0.01806 0.05872
0 0.73681 0.4945 0.02083 0.04587
0 0.87778 0.30459 0.01389 0.04404
0 0.88889 0.3055 0.01111 0.0422
0 0.89931 0.31376 0.01528 0.04404
0 0.92222 0.24128 0.01389 0.0422
0 0.95069 0.17156 0.01528 0.03853
0 0.96944 0.17156 0.01111 0.04587
0 0.98125 0.17706 0.0125 0.03853
0 0.96319 0.14128 0.01528 0.04037
0 0.99792 0.0844 0.01528 0.04037
0 0.98264 0.0789 0.0125 0.04037
0 0.97431 0.07156 0.0125 0.04404
0 0.98611 0.04587 0.01111 0.0367
