0 0.80347 0.92936 0.0125 0.04587
0 0.82083 0.92294 0.01111 0.04771
0 0.83194 0.92569 0.01111 0.05321
0 0.84306 0.92661 0.01389 0.04404
0 0.82153 0.91193 0.0125 0.04404
0 0.87917 0.90734 0.01389 0.03853
0 0.89861 0.79541 0.01389 0.04587
0 0.40139 0.88716 0.01389 0.03853
0 0.4375 0.85413 0.01667 0.04587
0 0.51389 0.88807 0.01111 0.04037
0 0.50903 0.87706 0.0125 0.04037
0 0.57639 0.87523 0.01667 0.0367
0 0.57708 0.86422 0.02083 0.0367
0 0.57014 0.8211 0.01528 0.03486
0 0.57569 0.81743 0.01528 0.03486
0 0.60139 0.76147 0.01389 0.0367
0 0.40417 0.5789 0.01111 0.02385
0 0.3 0.44404 0.00833 0.02569
0 0.37222 0.42202 0.01111 0.02202
0 0.36458 0.41743 0.00972 0.02018
0 0.28681 0.42294 0.00694 0.02385
0 0.19514 0.43486 0.0125 0.02202
0 0.03889 0.41651 0.01111 0.02569
0 0.02014 0.39817 0.0125 0.02569
0 0.04097 0.31101 0.00972 0.01651
0 0.03403 0.31284 0.00972 0.01651
0 0.81875 0.60092 0.00972 0.03119
0 0.83403 0.60275 0.00694 0.02385
0 0.8375 0.58899 0.00833 0.02569
0 0.83125 0.59174 0.00694 0.02385
0 0.82153 0.58899 0.00694 0.02936
0 0.84931 0.57248 0.00694 0.02936
0 0.84306 0.57248 0.00833 0.02936
0 0.83958 0.48073 0.00694 0.01835
