0 0.022916666666666665 0.8 0.020833333333333332 0.044036697247706424
0 0.2048611111111111 0.43853211009174314 0.018055555555555554 0.025688073394495414
0 0.21180555555555555 0.43302752293577984 0.018055555555555554 0.029357798165137616
0 0.21875 0.42660550458715596 0.020833333333333332 0.027522935779816515
0 0.3333333333333333 0.5412844036697247 0.022222222222222223 0.044036697247706424
0 0.3284722222222222 0.5284403669724771 0.02361111111111111 0.044036697247706424
0 0.3902777777777778 0.3724770642201835 0.022222222222222223 0.044036697247706424
0 0.33194444444444443 0.22201834862385322 0.013888888888888888 0.03669724770642202
0 0.65625 0.22844036697247708 0.02638888888888889 0.04954128440366973
0 0.6444444444444445 0.22385321100917432 0.025 0.044036697247706424
0 0.6409722222222223 0.20642201834862386 0.02361111111111111 0.045871559633027525
0 0.6340277777777777 0.19174311926605506 0.02361111111111111 0.045871559633027525
0 0.7298611111111111 0.13761467889908258 0.02361111111111111 0.044036697247706424
0 0.7201388888888889 0.13027522935779817 0.02638888888888889 0.047706422018348627
