0 0.38056 0.97156 0.02222 0.06789
0 0.42778 0.89908 0.02778 0.06239
0 0.44861 0.77706 0.02222 0.06422
0 0.66528 0.80367 0.025 0.05138
0 0.67917 0.79358 0.01944 0.04954
0 0.73056 0.63945 0.01944 0.04954
0 0.82431 0.66972 0.0375 0.06239
0 0.84583 0.65229 0.02222 0.04587
0 0.96389 0.66055 0.01667 0.05872
0 0.94792 0.68899 0.02361 0.06055
0 0.94375 0.75505 0.01806 0.04954
0 0.93542 0.73211 0.01806 0.04404
0 0.88472 0.64404 0.025 0.05505
0 0.96944 0.71651 0.02778 0.06055
0 0.98472 0.75963 0.02778 0.06972
0 0.85764 0.64128 0.02361 0.04954
0 0.10139 0.66239 0.01667 0.04404
0 0.42361 0.55413 0.01944 0.05138
0 0.36667 0.52477 0.01944 0.04037
0 0.0125 0.73028 0.02222 0.06239
0 0.26875 0.53394 0.0125 0.04037
0 0.275 0.55229 0.00833 0.04404
0 0.28333 0.55321 0.01389 0.04954
0 0.51806 0.59358 0.01667 0.03486
