0 0.3908205841446453 0.7775735294117647 0.022253129346314324 0.0625
0 0.5062586926286509 0.7601102941176471 0.025034770514603615 0.07169117647058823
0 0.2948539638386648 0.7729779411764706 0.013908205841446454 0.05698529411764706
0 0.586230876216968 0.6957720588235294 0.02086230876216968 0.06066176470588235
0 0.6870653685674548 0.6902573529411765 0.016689847009735744 0.04963235294117647
0 0.6258692628650904 0.6516544117647058 0.013908205841446454 0.042279411764705885
0 0.5417246175243393 0.6534926470588235 0.01808066759388039 0.04963235294117647
0 0.06328233657858136 0.47150735294117646 0.009735744089012517 0.034926470588235295
0 0.05006954102920723 0.47702205882352944 0.011126564673157162 0.03125
0 0.0458970792767733 0.4485294117647059 0.011126564673157162 0.03308823529411765
0 0.37899860917941586 0.31525735294117646 0.004172461752433936 0.016544117647058824
0 0.38873435326842837 0.6764705882352942 0.015299026425591099 0.051470588235294115
0 0.34214186369958277 0.7647058823529411 0.013908205841446454 0.058823529411764705
0 0.4040333796940195 0.2601102941176471 0.006954102920723227 0.012867647058823529
