0 0.13402777777777777 0.8642201834862385 0.018055555555555554 0.07706422018348624
0 0.15138888888888888 0.8697247706422019 0.030555555555555555 0.07339449541284404
0 0.49027777777777776 0.6541284403669725 0.019444444444444445 0.05321100917431193
0 0.48194444444444445 0.6458715596330276 0.022222222222222223 0.05137614678899083
0 0.5861111111111111 0.4990825688073395 0.013888888888888888 0.029357798165137616
0 0.6125 0.5091743119266054 0.008333333333333333 0.03486238532110092
0 0.7923611111111111 0.3908256880733945 0.006944444444444444 0.01834862385321101
0 0.18680555555555556 0.5862385321100917 0.015277777777777777 0.03853211009174312
0 0.24027777777777778 0.8440366972477065 0.019444444444444445 0.06972477064220184
0 0.2423611111111111 0.8165137614678899 0.018055555555555554 0.06605504587155964
0 0.55625 0.5834862385321101 0.009722222222222222 0.044036697247706424
0 0.36666666666666664 0.5568807339449541 0.013888888888888888 0.045871559633027525
0 0.4930555555555556 0.5825688073394495 0.022222222222222223 0.05688073394495413
0 0.7277777777777777 0.544954128440367 0.019444444444444445 0.044036697247706424
0 0.08819444444444445 0.5412844036697247 0.0125 0.05137614678899083
0 0.8118055555555556 0.6110091743119266 0.020833333333333332 0.04036697247706422
0 0.7854166666666667 0.3256880733944954 0.006944444444444444 0.02018348623853211
0 0.5201388888888889 0.3385321100917431 0.006944444444444444 0.012844036697247707
0 0.6284722222222222 0.26788990825688075 0.006944444444444444 0.022018348623853212
0 0.7958333333333333 0.28440366972477066 0.005555555555555556 0.014678899082568808
0 0.8041666666666667 0.2926605504587156 0.005555555555555556 0.01651376146788991
0 0.9902777777777778 0.5504587155963303 0.011111111111111112 0.01834862385321101
0 0.9951388888888889 0.5651376146788991 0.009722222222222222 0.029357798165137616
0 0.8715277777777778 0.3522935779816514 0.006944444444444444 0.022018348623853212
