0 0.09444444444444444 0.7532110091743119 0.008333333333333333 0.031192660550458717
0 0.16666666666666666 0.5064220183486239 0.005555555555555556 0.025688073394495414
0 0.15486111111111112 0.4504587155963303 0.006944444444444444 0.031192660550458717
0 0.55 0.7394495412844037 0.005555555555555556 0.04036697247706422
0 0.56875 0.655045871559633 0.006944444444444444 0.03302752293577982
0 0.5881944444444445 0.8504587155963302 0.009722222222222222 0.023853211009174313
0 0.5916666666666667 0.8559633027522936 0.008333333333333333 0.027522935779816515
0 0.5881944444444445 0.7275229357798165 0.006944444444444444 0.027522935779816515
0 0.46875 0.21926605504587157 0.006944444444444444 0.023853211009174313
0 0.50625 0.18256880733944955 0.004166666666666667 0.02018348623853211
