0 0.022222222222222223 0.6467889908256881 0.008333333333333333 0.03853211009174312
0 0.027777777777777776 0.6440366972477064 0.008333333333333333 0.04036697247706422
0 0.11388888888888889 0.634862385321101 0.008333333333333333 0.04036697247706422
0 0.1451388888888889 0.6146788990825688 0.006944444444444444 0.03669724770642202
0 0.19791666666666666 0.41100917431192663 0.009722222222222222 0.029357798165137616
0 0.28680555555555554 0.5110091743119266 0.015277777777777777 0.03486238532110092
0 0.09305555555555556 0.6284403669724771 0.008333333333333333 0.03853211009174312
0 0.79375 0.40458715596330275 0.020833333333333332 0.027522935779816515
0 0.9388888888888889 0.3321100917431193 0.013888888888888888 0.025688073394495414
0 0.6298611111111111 0.46605504587155966 0.009722222222222222 0.025688073394495414
