0 0.02361111111111111 0.6724770642201835 0.025 0.03486238532110092
0 0.05138888888888889 0.673394495412844 0.027777777777777776 0.044036697247706424
0 0.06041666666666667 0.6467889908256881 0.034722222222222224 0.03853211009174312
0 0.05347222222222222 0.6266055045871559 0.02638888888888889 0.03853211009174312
0 0.027083333333333334 0.6357798165137615 0.029166666666666667 0.03853211009174312
0 0.10486111111111111 0.6128440366972477 0.0375 0.03669724770642202
0 0.13125 0.6027522935779817 0.02361111111111111 0.031192660550458717
0 0.1597222222222222 0.5724770642201835 0.03611111111111111 0.04036697247706422
0 0.13680555555555557 0.5651376146788991 0.029166666666666667 0.03669724770642202
0 0.10277777777777777 0.5954128440366973 0.030555555555555555 0.027522935779816515
0 0.08819444444444445 0.5770642201834862 0.02638888888888889 0.031192660550458717
0 0.12083333333333333 0.5073394495412844 0.027777777777777776 0.03853211009174312
0 0.21805555555555556 0.5220183486238532 0.019444444444444445 0.027522935779816515
0 0.54375 0.3467889908256881 0.02361111111111111 0.047706422018348627
0 0.5076388888888889 0.20733944954128442 0.018055555555555554 0.029357798165137616
0 0.6131944444444445 0.01743119266055046 0.020833333333333332 0.031192660550458717
0 0.6694444444444444 0.6743119266055045 0.016666666666666666 0.027522935779816515
0 0.6895833333333333 0.6724770642201835 0.020833333333333332 0.045871559633027525
0 0.725 0.5752293577981651 0.03611111111111111 0.05321100917431193
