0 0.45347 0.13406 0.01528 0.04589
0 0.48958 0.1413 0.00972 0.03623
0 0.57986 0.2343 0.02083 0.05314
0 0.575 0.38768 0.01667 0.06039
0 0.58542 0.40097 0.0125 0.04831
0 0.51458 0.77415 0.01806 0.05072
0 0.50486 0.79952 0.01528 0.04348
0 0.55347 0.8913 0.01806 0.05797
0 0.53472 0.94324 0.01389 0.05072
0 0.76111 0.86957 0.01667 0.04831
0 0.72361 0.96618 0.02222 0.03865
0 0.96736 0.57729 0.01806 0.04348
0 0.98611 0.56039 0.01389 0.05314
0 0.97014 0.86957 0.0125 0.04348
0 0.97778 0.88647 0.01389 0.05314
0 0.99722 0.91184 0.01111 0.04589
0 0.99236 0.94686 0.01806 0.05314
