0 0.6576388888888889 0.21376146788990827 0.006944444444444444 0.023853211009174313
0 0.65 0.21100917431192662 0.005555555555555556 0.022018348623853212
0 0.5569444444444445 0.25963302752293577 0.011111111111111112 0.02018348623853211
0 0.54375 0.26146788990825687 0.009722222222222222 0.01651376146788991
0 0.30069444444444443 0.9137614678899083 0.02361111111111111 0.025688073394495414
0 0.59375 0.5073394495412844 0.006944444444444444 0.023853211009174313
0 0.6069444444444444 0.42844036697247706 0.008333333333333333 0.027522935779816515
0 0.6166666666666667 0.41926605504587156 0.008333333333333333 0.02018348623853211
0 0.46597222222222223 0.41284403669724773 0.004166666666666667 0.011009174311926606
0 0.4618055555555556 0.42660550458715596 0.004166666666666667 0.012844036697247707
0 0.45555555555555555 0.42477064220183486 0.005555555555555556 0.009174311926605505
0 0.49027777777777776 0.4908256880733945 0.008333333333333333 0.02018348623853211
0 0.5354166666666667 0.47155963302752296 0.004166666666666667 0.011009174311926606
0 0.5722222222222222 0.4577981651376147 0.005555555555555556 0.01651376146788991
0 0.6840277777777778 0.43119266055045874 0.009722222222222222 0.022018348623853212
0 0.7486111111111111 0.9458715596330275 0.008333333333333333 0.012844036697247707
0 0.7743055555555556 0.9403669724770642 0.006944444444444444 0.012844036697247707
0 0.7944444444444444 0.14678899082568808 0.008333333333333333 0.011009174311926606
