0 0.42292 0.39541 0.02361 0.0789
0 0.43958 0.38807 0.02917 0.0789
0 0.63889 0.43945 0.03611 0.08991
0 0.64722 0.59633 0.03333 0.08807
0 0.68958 0.6211 0.0375 0.09725
0 0.59375 0.75321 0.03472 0.09725
0 0.91597 0.99174 0.05972 0.1156
0 0.49236 0.77982 0.04583 0.08073
0 0.28472 0.49266 0.03333 0.05688
0 0.32639 0.58899 0.02778 0.09541
0 0.23056 0.57615 0.025 0.0844
0 0.36319 0.26055 0.02639 0.05138
0 0.43889 0.29541 0.025 0.0367
0 0.69444 0.20275 0.02778 0.07523
0 0.90625 0.54037 0.02917 0.08624
0 0.83472 0.57248 0.03889 0.07706
0 0.46458 0.91927 0.05139 0.11376
