0 0.9111111111111111 0.8834862385321101 0.019444444444444445 0.05688073394495413
0 0.8472222222222222 0.9018348623853211 0.013888888888888888 0.060550458715596334
0 0.8597222222222223 0.7412844036697248 0.011111111111111112 0.044036697247706424
0 0.7965277777777777 0.6770642201834862 0.009722222222222222 0.044036697247706424
0 0.8201388888888889 0.5669724770642202 0.009722222222222222 0.03669724770642202
0 0.8576388888888888 0.5788990825688073 0.006944444444444444 0.031192660550458717
0 0.9166666666666666 0.5908256880733945 0.008333333333333333 0.03669724770642202
0 0.9326388888888889 0.5926605504587156 0.009722222222222222 0.04036697247706422
0 0.6555555555555556 0.4935779816513762 0.008333333333333333 0.025688073394495414
0 0.7916666666666666 0.43211009174311926 0.008333333333333333 0.023853211009174313
0 0.8284722222222223 0.45871559633027525 0.009722222222222222 0.022018348623853212
0 0.8236111111111111 0.4036697247706422 0.008333333333333333 0.025688073394495414
0 0.4951388888888889 0.5311926605504587 0.009722222222222222 0.02018348623853211
0 0.4895833333333333 0.2944954128440367 0.006944444444444444 0.012844036697247707
0 0.48819444444444443 0.26605504587155965 0.004166666666666667 0.014678899082568808
0 0.5256944444444445 0.20733944954128442 0.004166666666666667 0.011009174311926606
0 0.49722222222222223 0.16238532110091744 0.002777777777777778 0.009174311926605505
0 0.475 0.27522935779816515 0.005555555555555556 0.014678899082568808
0 0.8611111111111112 0.48440366972477067 0.008333333333333333 0.025688073394495414
