0 0.16597222222222222 0.2777777777777778 0.006944444444444444 0.024154589371980676
0 0.18333333333333332 0.3635265700483092 0.011111111111111112 0.026570048309178744
0 0.2152777777777778 0.4142512077294686 0.005555555555555556 0.016908212560386472
0 0.22291666666666668 0.42028985507246375 0.006944444444444444 0.024154589371980676
0 0.2701388888888889 0.5301932367149759 0.006944444444444444 0.016908212560386472
0 0.24861111111111112 0.6086956521739131 0.008333333333333333 0.024154589371980676
0 0.2652777777777778 0.5495169082125604 0.005555555555555556 0.016908212560386472
0 0.26180555555555557 0.5531400966183575 0.004166666666666667 0.01932367149758454
0 0.2520833333333333 0.571256038647343 0.009722222222222222 0.021739130434782608
0 0.20416666666666666 0.5615942028985508 0.005555555555555556 0.016908212560386472
