0 0.10555555555555556 0.8660550458715597 0.013888888888888888 0.03302752293577982
0 0.8076388888888889 0.7495412844036697 0.015277777777777777 0.031192660550458717
0 0.8819444444444444 0.7486238532110092 0.011111111111111112 0.03302752293577982
0 0.9888888888888889 0.8302752293577982 0.013888888888888888 0.04220183486238532
0 0.9756944444444444 0.8321100917431192 0.009722222222222222 0.03853211009174312
0 0.9819444444444444 0.828440366972477 0.011111111111111112 0.03853211009174312
0 0.9416666666666667 0.8348623853211009 0.011111111111111112 0.03669724770642202
0 0.9138888888888889 0.828440366972477 0.011111111111111112 0.03853211009174312
0 0.9041666666666667 0.8293577981651377 0.011111111111111112 0.03669724770642202
0 0.8993055555555556 0.8366972477064221 0.009722222222222222 0.03669724770642202
0 0.8770833333333333 0.8293577981651377 0.009722222222222222 0.044036697247706424
0 0.9611111111111111 0.8155963302752294 0.011111111111111112 0.03853211009174312
0 0.9493055555555555 0.8110091743119267 0.009722222222222222 0.03302752293577982
0 0.9423611111111111 0.8137614678899082 0.009722222222222222 0.031192660550458717
0 0.925 0.7908256880733945 0.011111111111111112 0.03302752293577982
0 0.8854166666666666 0.8311926605504587 0.009722222222222222 0.03302752293577982
0 0.8861111111111111 0.8238532110091743 0.005555555555555556 0.01834862385321101
0 0.9472222222222222 0.7908256880733945 0.011111111111111112 0.022018348623853212
0 0.9736111111111111 0.7458715596330275 0.008333333333333333 0.027522935779816515
0 0.9819444444444444 0.7440366972477064 0.008333333333333333 0.02018348623853211
