0 0.95069 0.7343 0.04306 0.04348
0 0.96111 0.76812 0.03611 0.04348
0 0.94236 0.78502 0.04028 0.02899
0 0.93056 0.80676 0.03333 0.02415
0 0.76667 0.75362 0.025 0.02899
0 0.72986 0.70652 0.03194 0.0314
0 0.72778 0.67754 0.02222 0.03623
0 0.75556 0.69686 0.025 0.03623
0 0.75556 0.72343 0.02222 0.02657
0 0.66667 0.65217 0.025 0.03382
0 0.61597 0.6256 0.03194 0.03865
0 0.60625 0.6413 0.03194 0.04106
0 0.57014 0.66908 0.02639 0.03865
0 0.57083 0.65217 0.025 0.03382
0 0.51181 0.53382 0.01806 0.04348
0 0.47292 0.63285 0.02639 0.03865
0 0.44792 0.61957 0.01806 0.03623
0 0.43681 0.58696 0.01528 0.02899
0 0.45208 0.59058 0.02083 0.04589
0 0.40417 0.56039 0.025 0.04348
0 0.41736 0.56039 0.01806 0.04348
0 0.37083 0.52899 0.01944 0.03865
0 0.33958 0.43961 0.0125 0.02899
0 0.38681 0.3901 0.02361 0.04589
0 0.39514 0.38164 0.01806 0.04348
0 0.30972 0.37077 0.02222 0.04589
0 0.31389 0.3587 0.01389 0.05556
0 0.28125 0.29106 0.01528 0.04106
0 0.33264 0.30676 0.01806 0.04831
0 0.29583 0.21498 0.01111 0.04831
0 0.30764 0.32005 0.0125 0.04589
0 0.30417 0.25845 0.01389 0.04348
0 0.31181 0.18116 0.01528 0.04348
0 0.30764 0.14614 0.01806 0.04106
0 0.33958 0.07609 0.01806 0.05072
0 0.30972 0.04589 0.01389 0.04831
0 0.37708 0.02174 0.01528 0.04348
0 0.42153 0.10628 0.01528 0.05314
0 0.43333 0.1087 0.01667 0.05314
0 0.46944 0.10628 0.01944 0.04348
0 0.44167 0.05435 0.02222 0.04589
