0 0.21667 0.44444 0.01389 0.05797
0 0.22639 0.49034 0.01111 0.02899
0 0.19931 0.1715 0.02917 0.02899
0 0.20208 0.14614 0.00694 0.0314
0 0.20972 0.1413 0.01389 0.05072
0 0.22778 0.1401 0.01389 0.04831
0 0.2125 0.07971 0.01667 0.05314
0 0.18958 0.07971 0.01528 0.04831
0 0.11319 0.20894 0.0125 0.06522
0 0.07431 0.11594 0.00694 0.02415
0 0.07292 0.14734 0.00694 0.02415
0 0.08333 0.10145 0.00833 0.04348
0 0.07014 0.08575 0.00972 0.0314
0 0.08125 0.05435 0.00972 0.05072
0 0.05764 0.07005 0.00694 0.03382
0 0.06736 0.0314 0.0125 0.02899
0 0.10486 0.40338 0.00972 0.05314
0 0.11319 0.39734 0.00972 0.04589
0 0.11528 0.41667 0.00833 0.04106
0 0.12153 0.43478 0.01528 0.0628
0 0.21597 0.04227 0.00972 0.03623
0 0.22639 0.05193 0.01667 0.04589
