0 0.24166666666666667 0.3431192660550459 0.005555555555555556 0.011009174311926606
0 0.4097222222222222 0.544954128440367 0.008333333333333333 0.04036697247706422
0 0.3013888888888889 0.4935779816513762 0.008333333333333333 0.03302752293577982
0 0.40069444444444446 0.44311926605504587 0.006944444444444444 0.031192660550458717
0 0.9722222222222222 0.355045871559633 0.011111111111111112 0.027522935779816515
0 0.015277777777777777 0.7495412844036697 0.013888888888888888 0.060550458715596334
0 0.21180555555555555 0.3724770642201835 0.009722222222222222 0.025688073394495414
0 0.30277777777777776 0.3504587155963303 0.008333333333333333 0.022018348623853212
0 0.30972222222222223 0.3311926605504587 0.008333333333333333 0.02018348623853211
0 0.2916666666666667 0.3311926605504587 0.005555555555555556 0.02018348623853211
0 0.2326388888888889 0.3275229357798165 0.006944444444444444 0.027522935779816515
0 0.2423611111111111 0.326605504587156 0.006944444444444444 0.03302752293577982
