0 0.7875 0.7669724770642202 0.016666666666666666 0.022018348623853212
0 0.9826388888888888 0.6798165137614679 0.015277777777777777 0.027522935779816515
0 0.9513888888888888 0.6770642201834862 0.019444444444444445 0.029357798165137616
0 0.6597222222222222 0.5972477064220183 0.016666666666666666 0.02018348623853211
0 0.8680555555555556 0.6807339449541284 0.008333333333333333 0.03669724770642202
0 0.8631944444444445 0.6871559633027523 0.006944444444444444 0.02018348623853211
0 0.7319444444444444 0.6064220183486239 0.008333333333333333 0.03486238532110092
0 0.7138888888888889 0.5981651376146789 0.008333333333333333 0.03302752293577982
0 0.7090277777777778 0.6 0.006944444444444444 0.029357798165137616
0 0.9222222222222223 0.7174311926605504 0.008333333333333333 0.03302752293577982
0 0.9305555555555556 0.7073394495412844 0.011111111111111112 0.04220183486238532
0 0.3055555555555556 0.6009174311926605 0.011111111111111112 0.031192660550458717
0 0.33055555555555555 0.591743119266055 0.011111111111111112 0.031192660550458717
0 0.3215277777777778 0.5935779816513761 0.009722222222222222 0.031192660550458717
