0 0.3020833333333333 0.6853211009174311 0.015277777777777777 0.04954128440366973
0 0.050694444444444445 0.5110091743119266 0.0125 0.03486238532110092
0 0.01875 0.42110091743119266 0.006944444444444444 0.027522935779816515
0 0.005555555555555556 0.41834862385321103 0.008333333333333333 0.025688073394495414
0 0.3090277777777778 0.5119266055045871 0.009722222222222222 0.03302752293577982
0 0.3125 0.38807339449541284 0.005555555555555556 0.023853211009174313
0 0.32430555555555557 0.38990825688073394 0.006944444444444444 0.027522935779816515
0 0.3034722222222222 0.3669724770642202 0.006944444444444444 0.022018348623853212
0 0.30972222222222223 0.3669724770642202 0.005555555555555556 0.022018348623853212
0 0.3215277777777778 0.3642201834862385 0.006944444444444444 0.023853211009174313
0 0.34930555555555554 0.6798165137614679 0.015277777777777777 0.05321100917431193
0 0.32708333333333334 0.4944954128440367 0.006944444444444444 0.03486238532110092
0 0.33125 0.4944954128440367 0.009722222222222222 0.031192660550458717
