0 0.65833 0.69807 0.01389 0.0628
0 0.64792 0.70652 0.0125 0.05556
0 0.60972 0.77778 0.01667 0.05314
0 0.58681 0.76449 0.0125 0.0314
0 0.49236 0.70652 0.01528 0.02657
0 0.49236 0.68841 0.0125 0.02899
0 0.44722 0.53865 0.00833 0.04831
0 0.59097 0.39976 0.0125 0.05072
0 0.50764 0.32729 0.00694 0.04589
0 0.51667 0.32609 0.00833 0.04831
0 0.51806 0.28865 0.00833 0.03623
0 0.50903 0.28865 0.00694 0.04106
0 0.44028 0.49396 0.01111 0.03623
0 0.43056 0.48671 0.00556 0.01691
0 0.42847 0.47101 0.0125 0.03382
0 0.46111 0.42995 0.00833 0.01932
0 0.44097 0.40821 0.00694 0.04348
0 0.45139 0.39614 0.00833 0.04348
0 0.43194 0.4058 0.00833 0.03382
0 0.41181 0.41184 0.00972 0.05072
0 0.43958 0.37198 0.00972 0.03382
0 0.5 0.25121 0.00833 0.03865
0 0.51736 0.19807 0.00694 0.03865
0 0.51042 0.19928 0.00694 0.04106
0 0.50069 0.18961 0.00972 0.0314
0 0.50417 0.13164 0.00833 0.03623
0 0.48056 0.07126 0.01111 0.03623
0 0.45069 0.07609 0.00694 0.03623
0 0.44375 0.07609 0.00417 0.03623
0 0.47292 0.03744 0.00694 0.0314
0 0.47847 0.05193 0.00972 0.02657
0 0.41458 0.01449 0.00972 0.02415
0 0.34306 0.02657 0.00833 0.01932
0 0.33819 0.02778 0.00694 0.01208
0 0.30139 0.03623 0.00556 0.01449
0 0.30556 0.03623 0.00556 0.01449
0 0.30833 0.03623 0.00833 0.01449
