0 0.30694444444444446 0.9256880733944954 0.011111111111111112 0.023853211009174313
0 0.30486111111111114 0.9385321100917431 0.015277777777777777 0.027522935779816515
0 0.34305555555555556 0.7458715596330275 0.008333333333333333 0.03486238532110092
0 0.3972222222222222 0.6834862385321101 0.011111111111111112 0.03853211009174312
0 0.2513888888888889 0.6100917431192661 0.008333333333333333 0.023853211009174313
0 0.2513888888888889 0.6 0.011111111111111112 0.025688073394495414
0 0.43680555555555556 0.1018348623853211 0.009722222222222222 0.031192660550458717
0 0.61875 0.6853211009174311 0.0125 0.045871559633027525
0 0.6173611111111111 0.6275229357798165 0.0125 0.047706422018348627
0 0.6159722222222223 0.41559633027522935 0.0125 0.03486238532110092
