0 0.020833333333333332 0.8669724770642202 0.041666666666666664 0.07155963302752294
0 0.06944444444444445 0.9293577981651376 0.025 0.09724770642201835
0 0.2833333333333333 0.6330275229357798 0.030555555555555555 0.062385321100917435
0 0.48055555555555557 0.27522935779816515 0.030555555555555555 0.062385321100917435
0 0.4965277777777778 0.3724770642201835 0.029166666666666667 0.06972477064220184
0 0.5458333333333333 0.3642201834862385 0.03333333333333333 0.06422018348623854
0 0.5618055555555556 0.38807339449541284 0.029166666666666667 0.06788990825688074
0 0.4423611111111111 0.5495412844036697 0.029166666666666667 0.06788990825688074
0 0.4270833333333333 0.5275229357798165 0.034722222222222224 0.06422018348623854
0 0.5152777777777777 0.5211009174311927 0.041666666666666664 0.06605504587155964
0 0.47638888888888886 0.4889908256880734 0.03333333333333333 0.06788990825688074
0 0.46805555555555556 0.46972477064220186 0.03333333333333333 0.05504587155963303
