0 0.17777777777777778 0.46972477064220186 0.03333333333333333 0.09541284403669725
0 0.13958333333333334 0.38440366972477064 0.04583333333333333 0.08623853211009175
0 0.1763888888888889 0.1596330275229358 0.041666666666666664 0.06605504587155964
0 0.4201388888888889 0.38256880733944953 0.04027777777777778 0.10458715596330276
0 0.5006944444444444 0.2981651376146789 0.04583333333333333 0.11926605504587157
0 0.5493055555555556 0.3559633027522936 0.04861111111111111 0.12110091743119267
0 0.375 0.12293577981651377 0.022222222222222223 0.07706422018348624
0 0.38055555555555554 0.1 0.025 0.07889908256880734
0 0.37222222222222223 0.07247706422018349 0.025 0.09357798165137615
0 0.3548611111111111 0.07706422018348624 0.02638888888888889 0.07339449541284404
