0 0.18403 0.69633 0.01528 0.04954
0 0.39028 0.74862 0.01111 0.05138
0 0.41528 0.74587 0.01389 0.05321
0 0.30069 0.58899 0.0125 0.04771
0 0.45764 0.40734 0.00694 0.02569
0 0.55903 0.39541 0.00694 0.02385
0 0.54028 0.39174 0.00556 0.02018
0 0.68542 0.37706 0.00694 0.02018
0 0.70556 0.36055 0.00556 0.02385
0 0.8 0.25138 0.00278 0.01468
0 0.80208 0.23303 0.00417 0.01468
0 0.98611 0.22202 0.00278 0.01101
0 0.97986 0.29817 0.00417 0.01284
0 0.85625 0.5 0.00694 0.02752
0 0.66042 0.30367 0.00694 0.01651
