0 0.01875 0.13285024154589373 0.0375 0.07246376811594203
0 0.058333333333333334 0.2717391304347826 0.027777777777777776 0.0893719806763285
0 0.06111111111111111 0.391304347826087 0.03611111111111111 0.06763285024154589
0 0.10902777777777778 0.3285024154589372 0.043055555555555555 0.07729468599033816
0 0.14097222222222222 0.28140096618357485 0.059722222222222225 0.09903381642512077
0 0.12291666666666666 0.4746376811594203 0.04583333333333333 0.07004830917874397
0 0.25833333333333336 0.5036231884057971 0.03888888888888889 0.09420289855072464
0 0.32430555555555557 0.22946859903381642 0.043055555555555555 0.0966183574879227
0 0.6923611111111111 0.5422705314009661 0.020833333333333332 0.0748792270531401
0 0.5604166666666667 0.23550724637681159 0.02638888888888889 0.06521739130434782
0 0.5083333333333333 0.2113526570048309 0.027777777777777776 0.06038647342995169
0 0.5145833333333333 0.13768115942028986 0.04027777777777778 0.0966183574879227
0 0.6743055555555556 0.18115942028985507 0.03194444444444444 0.10144927536231885
0 0.7555555555555555 0.21739130434782608 0.03333333333333333 0.06280193236714976
0 0.8083333333333333 0.15096618357487923 0.027777777777777776 0.06521739130434782
0 0.8111111111111111 0.13647342995169082 0.027777777777777776 0.05555555555555555
0 0.7354166666666667 0.09178743961352658 0.02361111111111111 0.057971014492753624
0 0.7326388888888888 0.04589371980676329 0.029166666666666667 0.06280193236714976
0 0.7444444444444445 0.027777777777777776 0.019444444444444445 0.05555555555555555
0 0.8576388888888888 0.06159420289855073 0.018055555555555554 0.06521739130434782
0 0.38125 0.8248792270531401 0.04027777777777778 0.05555555555555555
