0 0.25833333333333336 0.40096618357487923 0.005555555555555556 0.01932367149758454
0 0.3576388888888889 0.46859903381642515 0.006944444444444444 0.01932367149758454
0 0.35208333333333336 0.4492753623188406 0.004166666666666667 0.014492753623188406
0 0.37222222222222223 0.48429951690821255 0.005555555555555556 0.021739130434782608
0 0.3902777777777778 0.46256038647342995 0.005555555555555556 0.016908212560386472
0 0.3798611111111111 0.46618357487922707 0.006944444444444444 0.024154589371980676
0 0.38125 0.44806763285024154 0.004166666666666667 0.016908212560386472
0 0.27291666666666664 0.788647342995169 0.006944444444444444 0.021739130434782608
0 0.5131944444444444 0.5833333333333334 0.006944444444444444 0.021739130434782608
0 0.6680555555555555 0.3611111111111111 0.005555555555555556 0.021739130434782608
0 0.6715277777777777 0.3538647342995169 0.006944444444444444 0.016908212560386472
0 0.6618055555555555 0.357487922705314 0.006944444444444444 0.014492753623188406
0 0.73125 0.3164251207729469 0.004166666666666667 0.01932367149758454
0 0.7034722222222223 0.2028985507246377 0.004166666666666667 0.01932367149758454
0 0.85625 0.28381642512077293 0.004166666666666667 0.016908212560386472
