0 0.05347222222222222 0.33816425120772947 0.0125 0.07729468599033816
0 0.3125 0.37922705314009664 0.016666666666666666 0.07246376811594203
0 0.3326388888888889 0.3538647342995169 0.018055555555555554 0.07971014492753623
0 0.41180555555555554 0.3393719806763285 0.02638888888888889 0.07004830917874397
0 0.42986111111111114 0.34782608695652173 0.018055555555555554 0.07729468599033816
0 0.4409722222222222 0.322463768115942 0.018055555555555554 0.08454106280193237
0 0.38333333333333336 0.2463768115942029 0.011111111111111112 0.04830917874396135
0 0.3951388888888889 0.24879227053140096 0.018055555555555554 0.07246376811594203
0 0.41180555555555554 0.27657004830917875 0.020833333333333332 0.06521739130434782
0 0.41041666666666665 0.23671497584541062 0.020833333333333332 0.07246376811594203
0 0.42291666666666666 0.29347826086956524 0.020833333333333332 0.07004830917874397
0 0.4409722222222222 0.25483091787439616 0.020833333333333332 0.0748792270531401
0 0.4486111111111111 0.27053140096618356 0.019444444444444445 0.07729468599033816
0 0.4652777777777778 0.23792270531400966 0.022222222222222223 0.0748792270531401
