0 0.16181 0.78073 0.02083 0.06789
0 0.13333 0.72385 0.02778 0.06789
0 0.15694 0.65505 0.01667 0.05505
0 0.16319 0.61193 0.01528 0.05321
0 0.34861 0.71009 0.01667 0.06606
0 0.04792 0.61651 0.01528 0.05138
0 0.06667 0.63028 0.01389 0.02752
0 0.04306 0.61835 0.01389 0.04404
0 0.43056 0.7156 0.025 0.06239
0 0.47292 0.82477 0.01528 0.0789
0 0.48542 0.82569 0.0125 0.05138
0 0.50625 0.79541 0.02083 0.07156
0 0.53819 0.81651 0.02917 0.07706
0 0.58958 0.85872 0.02639 0.08073
0 0.59514 0.81468 0.02083 0.07706
0 0.56806 0.77431 0.02778 0.06606
0 0.57986 0.7578 0.02083 0.06239
0 0.525 0.93028 0.03333 0.08073
0 0.74236 0.59725 0.01528 0.04954
0 0.86736 0.55688 0.01528 0.04587
0 0.67847 0.61193 0.01806 0.0422
0 0.66528 0.6211 0.01944 0.04954
0 0.61736 0.64954 0.01528 0.05505
0 0.60139 0.64862 0.01111 0.04954
0 0.97361 0.53761 0.01389 0.04771
0 0.96111 0.56422 0.01111 0.03486
0 0.94514 0.56514 0.02083 0.04771
0 0.83403 0.62385 0.02083 0.05505
0 0.77222 0.62936 0.01667 0.05872
