0 0.06944444444444445 0.06038647342995169 0.013888888888888888 0.033816425120772944
0 0.058333333333333334 0.07367149758454106 0.011111111111111112 0.036231884057971016
0 0.07083333333333333 0.013285024154589372 0.011111111111111112 0.026570048309178744
0 0.10625 0.26207729468599034 0.0125 0.04589371980676329
0 0.07083333333333333 0.35144927536231885 0.011111111111111112 0.04106280193236715
0 0.11666666666666667 0.15217391304347827 0.011111111111111112 0.033816425120772944
0 0.3013888888888889 0.020531400966183576 0.011111111111111112 0.026570048309178744
0 0.33194444444444443 0.01570048309178744 0.008333333333333333 0.03140096618357488
0 0.06388888888888888 0.32608695652173914 0.013888888888888888 0.03864734299516908
0 0.05 0.3272946859903382 0.016666666666666666 0.04106280193236715
0 0.08055555555555556 0.17270531400966183 0.013888888888888888 0.036231884057971016
0 0.075 0.15579710144927536 0.011111111111111112 0.036231884057971016
0 0.08541666666666667 0.15096618357487923 0.0125 0.036231884057971016
0 0.09444444444444444 0.16908212560386474 0.011111111111111112 0.033816425120772944
0 0.10555555555555556 0.15217391304347827 0.011111111111111112 0.033816425120772944
0 0.10069444444444445 0.13405797101449277 0.009722222222222222 0.026570048309178744
0 0.10694444444444444 0.11231884057971014 0.008333333333333333 0.036231884057971016
0 0.10069444444444445 0.10628019323671498 0.009722222222222222 0.03864734299516908
0 0.12777777777777777 0.1497584541062802 0.011111111111111112 0.033816425120772944
0 0.13194444444444445 0.13285024154589373 0.011111111111111112 0.033816425120772944
0 0.11666666666666667 0.12318840579710146 0.008333333333333333 0.028985507246376812
0 0.12777777777777777 0.07004830917874397 0.008333333333333333 0.033816425120772944
0 0.125 0.10628019323671498 0.008333333333333333 0.024154589371980676
0 0.38125 0.03985507246376811 0.009722222222222222 0.036231884057971016
0 0.36875 0.04106280193236715 0.0125 0.033816425120772944
0 0.4270833333333333 0.2463768115942029 0.009722222222222222 0.033816425120772944
0 0.4215277777777778 0.24396135265700483 0.009722222222222222 0.03864734299516908
0 0.4722222222222222 0.32971014492753625 0.011111111111111112 0.04106280193236715
0 0.48333333333333334 0.322463768115942 0.011111111111111112 0.04106280193236715
0 0.5347222222222222 0.4830917874396135 0.011111111111111112 0.043478260869565216
0 0.3215277777777778 0.007246376811594203 0.0125 0.014492753623188406
0 0.07916666666666666 0.8442028985507246 0.019444444444444445 0.036231884057971016
0 0.08888888888888889 0.8804347826086957 0.013888888888888888 0.036231884057971016
0 0.06597222222222222 0.9130434782608695 0.015277777777777777 0.043478260869565216
0 0.07708333333333334 0.9420289855072463 0.0125 0.043478260869565216
0 0.05347222222222222 0.9468599033816425 0.018055555555555554 0.057971014492753624
0 0.275 0.9891304347826086 0.011111111111111112 0.04106280193236715
0 0.28888888888888886 0.9734299516908212 0.011111111111111112 0.033816425120772944
0 0.29375 0.9891304347826086 0.0125 0.03140096618357488
