0 0.7979166666666667 0.9889908256880734 0.029166666666666667 0.08440366972477065
0 0.6451388888888889 0.8339449541284404 0.03194444444444444 0.12293577981651377
0 0.7076388888888889 0.8064220183486238 0.034722222222222224 0.10458715596330276
0 0.8229166666666666 0.5174311926605505 0.02361111111111111 0.06605504587155964
0 0.8520833333333333 0.5192660550458715 0.02361111111111111 0.08807339449541285
0 0.8381944444444445 0.3284403669724771 0.02361111111111111 0.06972477064220184
0 0.4097222222222222 0.4018348623853211 0.022222222222222223 0.06972477064220184
0 0.4013888888888889 0.40091743119266054 0.019444444444444445 0.07155963302752294
0 0.6291666666666667 0.13577981651376148 0.013888888888888888 0.044036697247706424
0 0.60625 0.12293577981651377 0.015277777777777777 0.047706422018348627
