0 0.9729166666666667 0.9155963302752294 0.029166666666666667 0.09174311926605505
0 0.9284722222222223 0.9330275229357798 0.02361111111111111 0.07889908256880734
0 0.9291666666666667 0.8944954128440367 0.022222222222222223 0.06422018348623854
0 0.9090277777777778 0.955045871559633 0.02638888888888889 0.09724770642201835
0 0.8875 0.9522935779816514 0.022222222222222223 0.08440366972477065
0 0.8638888888888889 0.9513761467889909 0.025 0.07889908256880734
0 0.8430555555555556 0.9504587155963303 0.027777777777777776 0.08440366972477065
0 0.8826388888888889 0.9055045871559633 0.020833333333333332 0.07522935779816514
0 0.9048611111111111 0.8935779816513761 0.02638888888888889 0.06972477064220184
0 0.7506944444444444 0.9192660550458716 0.02638888888888889 0.08440366972477065
0 0.7791666666666667 0.9146788990825688 0.025 0.07889908256880734
0 0.8013888888888889 0.9064220183486239 0.022222222222222223 0.07706422018348624
0 0.7618055555555555 0.8055045871559633 0.02361111111111111 0.08073394495412844
0 0.8472222222222222 0.7798165137614679 0.022222222222222223 0.062385321100917435
0 0.8604166666666667 0.7788990825688074 0.020833333333333332 0.06422018348623854
0 0.7854166666666667 0.710091743119266 0.02361111111111111 0.05137614678899083
0 0.8770833333333333 0.691743119266055 0.020833333333333332 0.07339449541284404
0 0.8729166666666667 0.6706422018348623 0.020833333333333332 0.060550458715596334
0 0.9083333333333333 0.6706422018348623 0.022222222222222223 0.07155963302752294
0 0.925 0.5889908256880734 0.016666666666666666 0.05871559633027523
0 0.9020833333333333 0.5853211009174312 0.018055555555555554 0.06605504587155964
0 0.8527777777777777 0.6064220183486239 0.019444444444444445 0.060550458715596334
0 0.8673611111111111 0.6 0.020833333333333332 0.06605504587155964
0 0.8638888888888889 0.5440366972477064 0.019444444444444445 0.05688073394495413
0 0.8409722222222222 0.5458715596330275 0.020833333333333332 0.06788990825688074
0 0.8215277777777777 0.5743119266055046 0.02361111111111111 0.062385321100917435
0 0.8131944444444444 0.4990825688073395 0.015277777777777777 0.05871559633027523
0 0.8020833333333334 0.5027522935779817 0.018055555555555554 0.062385321100917435
0 0.7833333333333333 0.5036697247706422 0.019444444444444445 0.05688073394495413
0 0.13125 0.20733944954128442 0.015277777777777777 0.029357798165137616
0 0.17916666666666667 0.27889908256880735 0.019444444444444445 0.04036697247706422
