0 0.03263888888888889 0.8055555555555556 0.006944444444444444 0.04589371980676329
0 0.004861111111111111 0.7246376811594203 0.009722222222222222 0.03864734299516908
0 0.16180555555555556 0.6678743961352657 0.006944444444444444 0.04106280193236715
0 0.12152777777777778 0.5048309178743962 0.006944444444444444 0.043478260869565216
0 0.1451388888888889 0.6195652173913043 0.006944444444444444 0.04106280193236715
0 0.20069444444444445 0.7801932367149759 0.006944444444444444 0.04830917874396135
0 0.14375 0.6014492753623188 0.006944444444444444 0.03864734299516908
0 0.13194444444444445 0.5024154589371981 0.008333333333333333 0.03864734299516908
0 0.1326388888888889 0.5410628019323671 0.006944444444444444 0.033816425120772944
0 0.1326388888888889 0.5591787439613527 0.006944444444444444 0.036231884057971016
0 0.13958333333333334 0.5640096618357487 0.006944444444444444 0.036231884057971016
0 0.14930555555555555 0.5700483091787439 0.006944444444444444 0.03864734299516908
0 0.14166666666666666 0.5772946859903382 0.005555555555555556 0.033816425120772944
0 0.44722222222222224 0.5446859903381642 0.011111111111111112 0.04106280193236715
0 0.4722222222222222 0.5893719806763285 0.013888888888888888 0.03864734299516908
0 0.49444444444444446 0.11956521739130435 0.011111111111111112 0.03140096618357488
0 0.5708333333333333 0.08695652173913043 0.011111111111111112 0.033816425120772944
0 0.65625 0.6835748792270532 0.0125 0.04830917874396135
0 0.9069444444444444 0.7777777777777778 0.016666666666666666 0.05314009661835749
0 0.8840277777777777 0.7801932367149759 0.009722222222222222 0.03864734299516908
0 0.8777777777777778 0.8103864734299517 0.025 0.021739130434782608
0 0.8701388888888889 0.782608695652174 0.0125 0.024154589371980676
0 0.84375 0.7222222222222222 0.015277777777777777 0.024154589371980676
0 0.8590277777777777 0.7644927536231884 0.015277777777777777 0.036231884057971016
0 0.8354166666666667 0.7016908212560387 0.009722222222222222 0.026570048309178744
0 0.8236111111111111 0.6799516908212561 0.011111111111111112 0.03140096618357488
0 0.8513888888888889 0.7379227053140096 0.011111111111111112 0.026570048309178744
