0 0.7625 0.9190821256038647 0.016666666666666666 0.05555555555555555
0 0.7888888888888889 0.8611111111111112 0.016666666666666666 0.05555555555555555
0 0.9166666666666666 0.8828502415458938 0.019444444444444445 0.03140096618357488
0 0.9208333333333333 0.894927536231884 0.016666666666666666 0.03140096618357488
0 0.7631944444444444 0.7729468599033816 0.009722222222222222 0.03864734299516908
0 0.7541666666666667 0.7705314009661836 0.013888888888888888 0.057971014492753624
0 0.79375 0.7391304347826086 0.009722222222222222 0.03864734299516908
0 0.78125 0.7524154589371981 0.018055555555555554 0.04106280193236715
0 0.7826388888888889 0.7342995169082126 0.009722222222222222 0.03864734299516908
0 0.7305555555555555 0.6014492753623188 0.013888888888888888 0.03864734299516908
0 0.6277777777777778 0.7222222222222222 0.016666666666666666 0.033816425120772944
0 0.5868055555555556 0.4468599033816425 0.018055555555555554 0.033816425120772944
0 0.5645833333333333 0.5676328502415459 0.018055555555555554 0.028985507246376812
0 0.5194444444444445 0.12198067632850242 0.008333333333333333 0.036231884057971016
0 0.5256944444444445 0.12077294685990338 0.006944444444444444 0.033816425120772944
0 0.5729166666666666 0.11835748792270531 0.006944444444444444 0.033816425120772944
0 0.6597222222222222 0.7077294685990339 0.016666666666666666 0.028985507246376812
