0 0.5666666666666667 0.9202898550724637 0.030555555555555555 0.06763285024154589
0 0.5541666666666667 0.9347826086956522 0.022222222222222223 0.07729468599033816
0 0.8694444444444445 0.3719806763285024 0.019444444444444445 0.07246376811594203
0 0.9513888888888888 0.5410628019323671 0.016666666666666666 0.07729468599033816
0 0.9673611111111111 0.33816425120772947 0.018055555555555554 0.07729468599033816
0 0.4847222222222222 0.10990338164251208 0.022222222222222223 0.0748792270531401
0 0.46944444444444444 0.11231884057971014 0.016666666666666666 0.07004830917874397
0 0.4097222222222222 0.4577294685990338 0.019444444444444445 0.06038647342995169
0 0.3902777777777778 0.46859903381642515 0.025 0.07246376811594203
0 0.25555555555555554 0.6811594202898551 0.030555555555555555 0.06763285024154589
0 0.2520833333333333 0.7053140096618358 0.0375 0.04830917874396135
0 0.7986111111111112 0.998792270531401 0.027777777777777776 0.06038647342995169
