0 0.4840277777777778 0.013761467889908258 0.015277777777777777 0.027522935779816515
0 0.45416666666666666 0.07522935779816514 0.013888888888888888 0.025688073394495414
0 0.5222222222222223 0.21926605504587157 0.013888888888888888 0.023853211009174313
0 0.5013888888888889 0.39357798165137614 0.013888888888888888 0.023853211009174313
0 0.31319444444444444 0.37706422018348623 0.015277777777777777 0.027522935779816515
0 0.34930555555555554 0.5146788990825688 0.018055555555555554 0.027522935779816515
0 0.3472222222222222 0.4990825688073395 0.011111111111111112 0.022018348623853212
0 0.22013888888888888 0.3504587155963303 0.0125 0.03302752293577982
0 0.21041666666666667 0.3678899082568807 0.006944444444444444 0.023853211009174313
0 0.5555555555555556 0.618348623853211 0.016666666666666666 0.025688073394495414
0 0.5618055555555556 0.6339449541284403 0.020833333333333332 0.01651376146788991
0 0.6145833333333334 0.5165137614678899 0.020833333333333332 0.01651376146788991
0 0.6576388888888889 0.4972477064220184 0.018055555555555554 0.029357798165137616
0 0.6798611111111111 0.5091743119266054 0.020833333333333332 0.03486238532110092
0 0.6784722222222223 0.6302752293577981 0.020833333333333332 0.031192660550458717
0 0.029861111111111113 0.25412844036697246 0.018055555555555554 0.03853211009174312
0 0.8381944444444445 0.9871559633027523 0.02361111111111111 0.025688073394495414
