0 0.4561891515994437 0.8501838235294118 0.04728789986091794 0.08272058823529412
0 0.5146036161335188 0.8014705882352942 0.05285118219749652 0.08088235294117647
0 0.6036161335187761 0.4430147058823529 0.025034770514603615 0.08455882352941177
0 0.6655076495132128 0.8897058823529411 0.048678720445062586 0.08823529411764706
0 0.7364394993045897 0.6801470588235294 0.054242002781641166 0.08088235294117647
0 0.652990264255911 0.23621323529411764 0.03477051460361613 0.07904411764705882
0 0.8379694019471489 0.3115808823529412 0.037552155771905425 0.07536764705882353
0 0.8588317107093185 0.3226102941176471 0.043115438108484005 0.08639705882352941
0 0.6815020862308763 0.6066176470588235 0.03616133518776078 0.051470588235294115
0 0.7127955493741307 0.640625 0.031988873435326845 0.04595588235294118
