0 0.01528 0.37339 0.03056 0.12294
0 0.08819 0.40183 0.0375 0.10642
0 0.06667 0.16514 0.03056 0.10275
0 0.19583 0.20367 0.03056 0.09908
0 0.30556 0.18165 0.04167 0.09174
0 0.34375 0.11376 0.02361 0.07706
0 0.32917 0.12202 0.01944 0.06055
0 0.29653 0.11835 0.02361 0.06789
0 0.23889 0.08073 0.025 0.08073
0 0.23264 0.13945 0.02083 0.0844
0 0.20833 0.15596 0.03056 0.08073
0 0.24028 0.16697 0.025 0.04037
0 0.10903 0.18349 0.03472 0.07339
0 0.12014 0.04862 0.02639 0.04587
0 0.19375 0.02752 0.01528 0.05138
0 0.98125 0.05963 0.03472 0.0789
