0 0.014583333333333334 0.9110091743119266 0.0125 0.023853211009174313
0 0.18611111111111112 0.3614678899082569 0.011111111111111112 0.01834862385321101
0 0.12916666666666668 0.1669724770642202 0.008333333333333333 0.01834862385321101
0 0.25625 0.081651376146789 0.006944444444444444 0.027522935779816515
0 0.17291666666666666 0.010091743119266056 0.009722222222222222 0.02018348623853211
0 0.38263888888888886 0.42935779816513764 0.006944444444444444 0.029357798165137616
0 0.35625 0.4706422018348624 0.009722222222222222 0.02018348623853211
0 0.38055555555555554 0.5027522935779817 0.011111111111111112 0.022018348623853212
0 0.43125 0.6403669724770642 0.0125 0.03302752293577982
0 0.4513888888888889 0.7908256880733945 0.011111111111111112 0.01834862385321101
0 0.4444444444444444 0.8752293577981651 0.013888888888888888 0.025688073394495414
0 0.4840277777777778 0.9293577981651376 0.015277777777777777 0.027522935779816515
0 0.15069444444444444 0.7192660550458716 0.0125 0.03302752293577982
