0 0.03819 0.63043 0.01528 0.05314
0 0.04653 0.59541 0.02083 0.06039
0 0.40347 0.83696 0.02639 0.03623
0 0.40208 0.92754 0.03194 0.05314
0 0.38264 0.95169 0.01806 0.03382
0 0.07569 0.67633 0.01528 0.05797
0 0.06667 0.70894 0.01944 0.05556
0 0.14722 0.71618 0.01944 0.05072
0 0.13611 0.73188 0.01111 0.04348
0 0.1 0.76087 0.02222 0.04831
0 0.09028 0.77778 0.01389 0.04348
0 0.15903 0.79469 0.0125 0.04348
0 0.175 0.77053 0.01389 0.04348
0 0.13403 0.86715 0.01806 0.03865
0 0.22778 0.86111 0.01667 0.04106
0 0.21597 0.97947 0.01528 0.03623
0 0.22986 0.96256 0.02361 0.03623
0 0.37917 0.25242 0.02222 0.04589
0 0.21806 0.30314 0.01944 0.05072
0 0.2 0.20531 0.01944 0.03382
