0 0.32569444444444445 0.8321100917431192 0.018055555555555554 0.07889908256880734
0 0.3111111111111111 0.8321100917431192 0.025 0.09357798165137615
0 0.2625 0.8385321100917431 0.03888888888888889 0.08807339449541285
0 0.23819444444444443 0.8348623853211009 0.034722222222222224 0.09174311926605505
0 0.21319444444444444 0.8357798165137614 0.02638888888888889 0.08623853211009175
0 0.19444444444444445 0.8330275229357799 0.027777777777777776 0.09174311926605505
0 0.32430555555555557 0.828440366972477 0.02638888888888889 0.09357798165137615
0 0.2972222222222222 0.8211009174311926 0.030555555555555555 0.09724770642201835
0 0.23055555555555557 0.8119266055045872 0.030555555555555555 0.09724770642201835
0 0.20277777777777778 0.8293577981651377 0.019444444444444445 0.09908256880733946
0 0.3 0.844954128440367 0.027777777777777776 0.05321100917431193
0 0.2951388888888889 0.8385321100917431 0.03194444444444444 0.062385321100917435
0 0.2722222222222222 0.8302752293577982 0.025 0.060550458715596334
0 0.07430555555555556 0.708256880733945 0.015277777777777777 0.05137614678899083
0 0.07291666666666667 0.7128440366972477 0.020833333333333332 0.05688073394495413
0 0.4083333333333333 0.8220183486238533 0.05277777777777778 0.062385321100917435
0 0.4979166666666667 0.8009174311926606 0.0375 0.04954128440366973
0 0.4201388888888889 0.7944954128440367 0.029166666666666667 0.07339449541284404
0 0.40208333333333335 0.7954128440366972 0.020833333333333332 0.07522935779816514
0 0.3819444444444444 0.6834862385321101 0.016666666666666666 0.031192660550458717
0 0.6895833333333333 0.7064220183486238 0.0125 0.03669724770642202
0 0.6229166666666667 0.7614678899082569 0.018055555555555554 0.04036697247706422
0 0.6736111111111112 0.755045871559633 0.027777777777777776 0.03486238532110092
0 0.7048611111111112 0.7376146788990826 0.015277777777777777 0.03669724770642202
0 0.7166666666666667 0.7403669724770642 0.013888888888888888 0.03486238532110092
0 0.8125 0.7256880733944954 0.016666666666666666 0.03486238532110092
0 0.8631944444444445 0.718348623853211 0.018055555555555554 0.031192660550458717
0 0.7618055555555555 0.691743119266055 0.009722222222222222 0.03302752293577982
0 0.9375 0.6614678899082569 0.008333333333333333 0.023853211009174313
0 0.9548611111111112 0.6614678899082569 0.0125 0.027522935779816515
0 0.9854166666666667 0.6422018348623854 0.006944444444444444 0.022018348623853212
