0 0.05763888888888889 0.9734299516908212 0.015277777777777777 0.03864734299516908
0 0.07291666666666667 0.8743961352657005 0.020833333333333332 0.043478260869565216
0 0.009722222222222222 0.9166666666666666 0.019444444444444445 0.0748792270531401
0 0.02361111111111111 0.9154589371980676 0.016666666666666666 0.06763285024154589
0 0.014583333333333334 0.7246376811594203 0.015277777777777777 0.057971014492753624
0 0.007638888888888889 0.3852657004830918 0.015277777777777777 0.07004830917874397
0 0.05347222222222222 0.3079710144927536 0.015277777777777777 0.06038647342995169
0 0.027083333333333334 0.16666666666666666 0.0125 0.06763285024154589
0 0.007638888888888889 0.178743961352657 0.015277777777777777 0.057971014492753624
0 0.008333333333333333 0.3321256038647343 0.013888888888888888 0.05555555555555555
