0 0.06180555555555556 0.6330275229357798 0.018055555555555554 0.05504587155963303
0 0.11666666666666667 0.5458715596330275 0.030555555555555555 0.05321100917431193
0 0.27847222222222223 0.4954128440366973 0.02638888888888889 0.05504587155963303
0 0.06458333333333334 0.3155963302752294 0.0125 0.05504587155963303
0 0.3159722222222222 0.4091743119266055 0.02361111111111111 0.062385321100917435
0 0.31875 0.3871559633027523 0.015277777777777777 0.047706422018348627
0 0.37430555555555556 0.3761467889908257 0.020833333333333332 0.05871559633027523
0 0.3854166666666667 0.5660550458715596 0.029166666666666667 0.06422018348623854
0 0.3902777777777778 0.5036697247706422 0.027777777777777776 0.05688073394495413
0 0.3861111111111111 0.4908256880733945 0.027777777777777776 0.05688073394495413
0 0.4930555555555556 0.5752293577981651 0.027777777777777776 0.060550458715596334
0 0.46805555555555556 0.5678899082568807 0.027777777777777776 0.05321100917431193
0 0.4722222222222222 0.5403669724770642 0.022222222222222223 0.04954128440366973
0 0.4465277777777778 0.544954128440367 0.029166666666666667 0.05504587155963303
0 0.43472222222222223 0.5302752293577981 0.025 0.05504587155963303
0 0.42916666666666664 0.5155963302752293 0.025 0.05871559633027523
0 0.5361111111111111 0.463302752293578 0.027777777777777776 0.060550458715596334
0 0.5576388888888889 0.48623853211009177 0.034722222222222224 0.05871559633027523
0 0.5923611111111111 0.5082568807339449 0.0375 0.05871559633027523
0 0.6513888888888889 0.39908256880733944 0.03333333333333333 0.04954128440366973
0 0.65625 0.41559633027522935 0.02638888888888889 0.04954128440366973
0 0.6583333333333333 0.43027522935779816 0.027777777777777776 0.04954128440366973
0 0.6729166666666667 0.44403669724770645 0.029166666666666667 0.05137614678899083
0 0.6805555555555556 0.45688073394495415 0.030555555555555555 0.05504587155963303
0 0.7194444444444444 0.48073394495412847 0.030555555555555555 0.044036697247706424
0 0.7152777777777778 0.4743119266055046 0.030555555555555555 0.05321100917431193
