0 0.4666666666666667 0.024154589371980676 0.011111111111111112 0.04830917874396135
0 0.5701388888888889 0.03985507246376811 0.020833333333333332 0.06038647342995169
0 0.6097222222222223 0.05555555555555555 0.019444444444444445 0.06280193236714976
0 0.7173611111111111 0.08574879227053141 0.018055555555555554 0.04589371980676329
0 0.7590277777777777 0.04830917874396135 0.020833333333333332 0.04830917874396135
0 0.7430555555555556 0.03260869565217391 0.016666666666666666 0.04589371980676329
0 0.7791666666666667 0.06038647342995169 0.016666666666666666 0.043478260869565216
0 0.7902777777777777 0.036231884057971016 0.011111111111111112 0.04830917874396135
0 0.46875 0.024154589371980676 0.018055555555555554 0.04830917874396135
0 0.7166666666666667 0.06521739130434782 0.016666666666666666 0.033816425120772944
0 0.8826388888888889 0.11231884057971014 0.018055555555555554 0.050724637681159424
0 0.8694444444444445 0.09178743961352658 0.019444444444444445 0.057971014492753624
