0 0.38333333333333336 0.9033816425120773 0.025 0.057971014492753624
0 0.40625 0.8586956521739131 0.020833333333333332 0.06038647342995169
0 0.4284722222222222 0.821256038647343 0.018055555555555554 0.04830917874396135
0 0.4354166666666667 0.8381642512077294 0.029166666666666667 0.057971014492753624
0 0.5638888888888889 0.5905797101449275 0.025 0.0748792270531401
0 0.6236111111111111 0.42995169082125606 0.019444444444444445 0.06763285024154589
0 0.6402777777777777 0.428743961352657 0.022222222222222223 0.07971014492753623
0 0.6256944444444444 0.25120772946859904 0.015277777777777777 0.04830917874396135
0 0.6423611111111112 0.24758454106280192 0.018055555555555554 0.04589371980676329
0 0.6618055555555555 0.21980676328502416 0.015277777777777777 0.06280193236714976
0 0.6743055555555556 0.20048309178743962 0.018055555555555554 0.06763285024154589
0 0.6458333333333334 0.1388888888888889 0.016666666666666666 0.050724637681159424
0 0.65625 0.1316425120772947 0.015277777777777777 0.05555555555555555
0 0.6777777777777778 0.1280193236714976 0.019444444444444445 0.05314009661835749
0 0.6625 0.036231884057971016 0.025 0.07246376811594203
0 0.6472222222222223 0.08091787439613526 0.016666666666666666 0.036231884057971016
0 0.9847222222222223 0.5422705314009661 0.013888888888888888 0.05555555555555555
0 0.9868055555555556 0.1956521739130435 0.0125 0.05314009661835749
0 0.9944444444444445 0.1473429951690821 0.013888888888888888 0.057971014492753624
