0 0.82014 0.36606 0.0125 0.03119
0 0.93819 0.26514 0.0125 0.03119
0 0.97917 0.01468 0.00833 0.02936
0 0.96528 0.00917 0.00833 0.01835
0 0.82083 0.4945 0.01111 0.03119
0 0.79306 0.78165 0.01111 0.02936
0 0.75278 0.81835 0.01389 0.03303
0 0.76528 0.78532 0.01389 0.03303
0 0.97917 0.70275 0.00833 0.02202
0 0.82917 0.85229 0.01389 0.03119
0 0.76389 0.87156 0.01111 0.01835
0 0.76389 0.90367 0.01667 0.02385
0 0.77153 0.87064 0.0125 0.01651
0 0.87153 0.58349 0.0125 0.02936
0 0.90139 0.55505 0.00833 0.02385
0 0.925 0.5578 0.00833 0.02569
0 0.89583 0.41376 0.01111 0.02752
0 0.88958 0.20459 0.00972 0.02385
0 0.85347 0.21651 0.00972 0.02569
0 0.88194 0.07064 0.00833 0.01651
0 0.85278 0.02202 0.00833 0.01468
