0 0.30694444444444446 0.3440366972477064 0.04722222222222222 0.03853211009174312
0 0.5875 0.3192660550458716 0.03333333333333333 0.03302752293577982
0 0.5854166666666667 0.5623853211009174 0.03194444444444444 0.027522935779816515
0 0.5909722222222222 0.48440366972477067 0.0375 0.044036697247706424
0 0.5513888888888889 0.5036697247706422 0.027777777777777776 0.05321100917431193
0 0.5236111111111111 0.48623853211009177 0.030555555555555555 0.03302752293577982
0 0.5027777777777778 0.46422018348623856 0.025 0.029357798165137616
0 0.625 0.5036697247706422 0.030555555555555555 0.03486238532110092
0 0.6256944444444444 0.5688073394495413 0.02361111111111111 0.029357798165137616
0 0.5222222222222223 0.014678899082568808 0.022222222222222223 0.029357798165137616
0 0.8555555555555555 0.0889908256880734 0.030555555555555555 0.04954128440366973
0 0.8534722222222222 0.04036697247706422 0.018055555555555554 0.05137614678899083
0 0.8833333333333333 0.024770642201834864 0.025 0.04954128440366973
0 0.8659722222222223 0.031192660550458717 0.018055555555555554 0.062385321100917435
0 0.9875 0.23669724770642203 0.016666666666666666 0.044036697247706424
0 0.9625 0.3568807339449541 0.022222222222222223 0.03853211009174312
