0 0.7097222222222223 0.5330275229357798 0.016666666666666666 0.04220183486238532
0 0.8291666666666667 0.47889908256880737 0.011111111111111112 0.03669724770642202
0 0.7958333333333333 0.47155963302752296 0.008333333333333333 0.04036697247706422
0 0.7805555555555556 0.4651376146788991 0.011111111111111112 0.04220183486238532
0 0.20694444444444443 0.7522935779816514 0.025 0.062385321100917435
0 0.26180555555555557 0.7311926605504587 0.018055555555555554 0.04954128440366973
0 0.3451388888888889 0.7568807339449541 0.02361111111111111 0.05321100917431193
0 0.47430555555555554 0.5990825688073395 0.015277777777777777 0.03853211009174312
0 0.04791666666666667 0.6477064220183486 0.015277777777777777 0.05137614678899083
0 0.19236111111111112 0.5651376146788991 0.015277777777777777 0.044036697247706424
0 0.3875 0.3247706422018349 0.008333333333333333 0.029357798165137616
