0 0.06597222222222222 0.10748792270531402 0.006944444444444444 0.021739130434782608
0 0.050694444444444445 0.11956521739130435 0.004166666666666667 0.016908212560386472
0 0.05486111111111111 0.11352657004830918 0.004166666666666667 0.01932367149758454
0 0.05694444444444444 0.09178743961352658 0.005555555555555556 0.01932367149758454
0 0.13541666666666666 0.29589371980676327 0.006944444444444444 0.021739130434782608
0 0.009722222222222222 0.967391304347826 0.005555555555555556 0.012077294685990338
0 0.017361111111111112 0.9698067632850241 0.006944444444444444 0.016908212560386472
0 0.029166666666666667 0.9468599033816425 0.005555555555555556 0.01932367149758454
0 0.07291666666666667 0.9142512077294686 0.006944444444444444 0.012077294685990338
0 0.04722222222222222 0.9311594202898551 0.005555555555555556 0.012077294685990338
0 0.0763888888888889 0.9009661835748792 0.005555555555555556 0.00966183574879227
0 0.07013888888888889 0.8985507246376812 0.004166666666666667 0.00966183574879227
0 0.06458333333333334 0.9166666666666666 0.006944444444444444 0.016908212560386472
0 0.058333333333333334 0.9347826086956522 0.008333333333333333 0.01932367149758454
0 0.024305555555555556 0.961352657004831 0.004166666666666667 0.014492753623188406
0 0.08819444444444445 0.8985507246376812 0.004166666666666667 0.028985507246376812
0 0.08263888888888889 0.9070048309178744 0.004166666666666667 0.021739130434782608
0 0.3729166666666667 0.01570048309178744 0.006944444444444444 0.016908212560386472
0 0.38055555555555554 0.014492753623188406 0.005555555555555556 0.01932367149758454
0 0.3770833333333333 0.00966183574879227 0.004166666666666667 0.01932367149758454
0 0.21944444444444444 0.14492753623188406 0.005555555555555556 0.01932367149758454
0 0.2743055555555556 0.15942028985507245 0.006944444444444444 0.024154589371980676
0 0.3013888888888889 0.3442028985507246 0.008333333333333333 0.021739130434782608
0 0.21875 0.17149758454106281 0.006944444444444444 0.014492753623188406
0 0.2263888888888889 0.19082125603864733 0.008333333333333333 0.01932367149758454
0 0.3638888888888889 0.4504830917874396 0.005555555555555556 0.021739130434782608
0 0.1909722222222222 0.2777777777777778 0.006944444444444444 0.01932367149758454
0 0.1736111111111111 0.3780193236714976 0.005555555555555556 0.021739130434782608
0 0.17916666666666667 0.39009661835748793 0.002777777777777778 0.016908212560386472
0 0.19166666666666668 0.47946859903381644 0.005555555555555556 0.016908212560386472
0 0.18263888888888888 0.463768115942029 0.004166666666666667 0.014492753623188406
0 0.18472222222222223 0.4939613526570048 0.005555555555555556 0.016908212560386472
0 0.2708333333333333 0.46256038647342995 0.005555555555555556 0.021739130434782608
0 0.2638888888888889 0.4528985507246377 0.005555555555555556 0.021739130434782608
0 0.21805555555555556 0.8091787439613527 0.005555555555555556 0.014492753623188406
0 0.24305555555555555 0.7657004830917874 0.008333333333333333 0.01932367149758454
0 0.2590277777777778 0.75 0.009722222222222222 0.016908212560386472
0 0.20833333333333334 0.7934782608695652 0.005555555555555556 0.016908212560386472
0 0.21666666666666667 0.7777777777777778 0.005555555555555556 0.01932367149758454
0 0.2263888888888889 0.7814009661835749 0.008333333333333333 0.016908212560386472
0 0.1736111111111111 0.8248792270531401 0.005555555555555556 0.016908212560386472
0 0.15347222222222223 0.8417874396135265 0.006944444444444444 0.021739130434782608
0 0.16041666666666668 0.8381642512077294 0.006944444444444444 0.024154589371980676
0 0.16805555555555557 0.8285024154589372 0.008333333333333333 0.024154589371980676
0 0.14027777777777778 0.8478260869565217 0.008333333333333333 0.01932367149758454
0 0.6104166666666667 0.7475845410628019 0.009722222222222222 0.016908212560386472
0 0.61875 0.7632850241545893 0.006944444444444444 0.01932367149758454
0 0.6048611111111111 0.7367149758454107 0.006944444444444444 0.014492753623188406
0 0.49583333333333335 0.5809178743961353 0.008333333333333333 0.016908212560386472
0 0.5020833333333333 0.5917874396135265 0.006944444444444444 0.014492753623188406
0 0.5270833333333333 0.6557971014492754 0.006944444444444444 0.012077294685990338
0 0.5340277777777778 0.6678743961352657 0.006944444444444444 0.012077294685990338
0 0.5444444444444444 0.6908212560386473 0.008333333333333333 0.014492753623188406
0 0.45069444444444445 0.501207729468599 0.006944444444444444 0.021739130434782608
0 0.45902777777777776 0.5036231884057971 0.006944444444444444 0.016908212560386472
0 0.6881944444444444 0.8128019323671497 0.0125 0.021739130434782608
0 0.7034722222222223 0.8152173913043478 0.009722222222222222 0.016908212560386472
0 0.7125 0.8272946859903382 0.013888888888888888 0.016908212560386472
0 0.7048611111111112 0.8611111111111112 0.0125 0.016908212560386472
0 0.6875 0.8683574879227053 0.013888888888888888 0.016908212560386472
0 0.6888888888888889 0.8526570048309179 0.013888888888888888 0.014492753623188406
0 0.7131944444444445 0.8490338164251208 0.009722222222222222 0.016908212560386472
0 0.6965277777777777 0.8478260869565217 0.006944444444444444 0.014492753623188406
0 0.6972222222222222 0.8369565217391305 0.005555555555555556 0.012077294685990338
0 0.6256944444444444 0.6714975845410628 0.009722222222222222 0.01932367149758454
0 0.6597222222222222 0.6195652173913043 0.011111111111111112 0.016908212560386472
0 0.6180555555555556 0.5760869565217391 0.008333333333333333 0.016908212560386472
0 0.6472222222222223 0.6630434782608695 0.011111111111111112 0.016908212560386472
0 0.6430555555555556 0.6714975845410628 0.011111111111111112 0.01932367149758454
0 0.6194444444444445 0.6871980676328503 0.013888888888888888 0.016908212560386472
0 0.7375 0.5748792270531401 0.013888888888888888 0.014492753623188406
0 0.6486111111111111 0.605072463768116 0.011111111111111112 0.012077294685990338
0 0.6534722222222222 0.6147342995169082 0.006944444444444444 0.021739130434782608
0 0.6548611111111111 0.6328502415458938 0.009722222222222222 0.014492753623188406
0 0.6138888888888889 0.5797101449275363 0.005555555555555556 0.014492753623188406
0 0.5451388888888888 0.5893719806763285 0.006944444444444444 0.01932367149758454
0 0.58125 0.4384057971014493 0.0125 0.016908212560386472
0 0.5930555555555556 0.4190821256038647 0.011111111111111112 0.016908212560386472
0 0.5805555555555556 0.36835748792270534 0.005555555555555556 0.026570048309178744
0 0.6173611111111111 0.391304347826087 0.004166666666666667 0.024154589371980676
0 0.6 0.3997584541062802 0.011111111111111112 0.021739130434782608
0 0.5243055555555556 0.3635265700483092 0.006944444444444444 0.021739130434782608
0 0.6236111111111111 0.3864734299516908 0.008333333333333333 0.01932367149758454
0 0.6097222222222223 0.39492753623188404 0.005555555555555556 0.021739130434782608
0 0.7298611111111111 0.14855072463768115 0.009722222222222222 0.026570048309178744
0 0.6715277777777777 0.1473429951690821 0.006944444444444444 0.028985507246376812
0 0.6645833333333333 0.14251207729468598 0.009722222222222222 0.024154589371980676
0 0.5819444444444445 0.10869565217391304 0.011111111111111112 0.01932367149758454
0 0.6006944444444444 0.049516908212560384 0.0125 0.026570048309178744
0 0.5715277777777777 0.025362318840579712 0.009722222222222222 0.026570048309178744
0 0.6138888888888889 0.03260869565217391 0.008333333333333333 0.021739130434782608
0 0.5972222222222222 0.012077294685990338 0.008333333333333333 0.01932367149758454
0 0.4798611111111111 0.050724637681159424 0.006944444444444444 0.024154589371980676
0 0.5402777777777777 0.05314009661835749 0.005555555555555556 0.014492753623188406
0 0.5479166666666667 0.05555555555555555 0.006944444444444444 0.014492753623188406
0 0.7347222222222223 0.049516908212560384 0.016666666666666666 0.016908212560386472
0 0.8583333333333333 0.016908212560386472 0.008333333333333333 0.01932367149758454
0 0.8673611111111111 0.012077294685990338 0.006944444444444444 0.014492753623188406
0 0.7965277777777777 0.20048309178743962 0.009722222222222222 0.024154589371980676
0 0.8069444444444445 0.21739130434782608 0.005555555555555556 0.024154589371980676
0 0.8319444444444445 0.3176328502415459 0.008333333333333333 0.021739130434782608
0 0.8409722222222222 0.3285024154589372 0.009722222222222222 0.01932367149758454
0 0.8194444444444444 0.45169082125603865 0.011111111111111112 0.01932367149758454
0 0.86875 0.4553140096618358 0.009722222222222222 0.012077294685990338
0 0.9277777777777778 0.45169082125603865 0.013888888888888888 0.01932367149758454
0 0.8625 0.33816425120772947 0.013888888888888888 0.014492753623188406
0 0.8715277777777778 0.34541062801932365 0.006944444444444444 0.01932367149758454
0 0.7763888888888889 0.606280193236715 0.011111111111111112 0.01932367149758454
0 0.7861111111111111 0.607487922705314 0.005555555555555556 0.021739130434782608
0 0.9861111111111112 0.7210144927536232 0.013888888888888888 0.012077294685990338
0 0.9618055555555556 0.6243961352657005 0.009722222222222222 0.012077294685990338
0 0.9416666666666667 0.9070048309178744 0.005555555555555556 0.021739130434782608
0 0.9506944444444444 0.894927536231884 0.006944444444444444 0.016908212560386472
0 0.7944444444444444 0.5917874396135265 0.005555555555555556 0.024154589371980676
0 0.7881944444444444 0.5966183574879227 0.004166666666666667 0.01932367149758454
