0 0.7173611111111111 0.10144927536231885 0.009722222222222222 0.024154589371980676
0 0.7229166666666667 0.12077294685990338 0.006944444444444444 0.024154589371980676
0 0.83125 0.11352657004830918 0.009722222222222222 0.024154589371980676
0 0.8659722222222223 0.17753623188405798 0.006944444444444444 0.021739130434782608
0 0.8631944444444445 0.17391304347826086 0.004166666666666667 0.014492753623188406
0 0.9493055555555555 0.178743961352657 0.006944444444444444 0.01932367149758454
0 0.8583333333333333 0.2946859903381642 0.005555555555555556 0.01932367149758454
0 0.8777777777777778 0.28502415458937197 0.008333333333333333 0.014492753623188406
0 0.8868055555555555 0.29589371980676327 0.006944444444444444 0.016908212560386472
0 0.8576388888888888 0.32367149758454106 0.006944444444444444 0.024154589371980676
0 0.9895833333333334 0.19806763285024154 0.006944444444444444 0.01932367149758454
0 0.9277777777777778 0.8260869565217391 0.008333333333333333 0.014492753623188406
