0 0.56042 0.4211 0.00972 0.01651
0 0.59514 0.36147 0.00972 0.02202
0 0.55764 0.50917 0.01528 0.03119
0 0.44444 0.02202 0.00556 0.01835
0 0.38889 0.80367 0.01389 0.02936
0 0.50278 0.85596 0.01667 0.03486
0 0.61597 0.96055 0.01806 0.03119
0 0.52361 0.77982 0.01667 0.03303
0 0.55486 0.76147 0.01806 0.03303
0 0.57917 0.75963 0.01389 0.04037
0 0.50556 0.73394 0.01111 0.03303
0 0.45694 0.78349 0.01389 0.04037
0 0.44792 0.75505 0.01806 0.03853
0 0.39167 0.72844 0.01111 0.0367
0 0.42222 0.7156 0.01111 0.03303
0 0.67153 0.68073 0.0125 0.01835
