0 0.02013888888888889 0.4057971014492754 0.0125 0.043478260869565216
0 0.975 0.9396135265700483 0.013888888888888888 0.04830917874396135
0 0.5291666666666667 0.5265700483091788 0.008333333333333333 0.028985507246376812
0 0.9388888888888889 0.5036231884057971 0.008333333333333333 0.04106280193236715
0 0.7625 0.4553140096618358 0.008333333333333333 0.036231884057971016
0 0.7513888888888889 0.46980676328502413 0.008333333333333333 0.036231884057971016
0 0.6965277777777777 0.4492753623188406 0.006944444444444444 0.033816425120772944
0 0.7513888888888889 0.27657004830917875 0.008333333333333333 0.036231884057971016
0 0.7395833333333334 0.28743961352657005 0.006944444444444444 0.033816425120772944
0 0.7694444444444445 0.23792270531400966 0.008333333333333333 0.036231884057971016
0 0.7722222222222223 0.2210144927536232 0.008333333333333333 0.03140096618357488
0 0.7868055555555555 0.2028985507246377 0.006944444444444444 0.033816425120772944
0 0.7979166666666667 0.16908212560386474 0.006944444444444444 0.033816425120772944
0 0.7895833333333333 0.18840579710144928 0.004166666666666667 0.03864734299516908
