0 0.77292 0.93578 0.04306 0.12477
0 0.84375 0.89174 0.03472 0.10275
0 0.90139 0.89908 0.04722 0.13945
0 0.69306 0.80367 0.04167 0.11743
0 0.48681 0.86422 0.04028 0.13211
0 0.90347 0.72202 0.02639 0.09358
0 0.825 0.73028 0.02778 0.0844
0 0.84861 0.67248 0.01944 0.06789
0 0.82222 0.69174 0.02222 0.06239
0 0.7875 0.69725 0.02222 0.07706
0 0.75347 0.72569 0.02639 0.07156
0 0.51806 0.74587 0.03056 0.10826
0 0.20625 0.94771 0.04028 0.12661
0 0.80625 0.65413 0.02083 0.06789
0 0.37778 0.83945 0.03056 0.14495
