0 0.3215277777777778 0.5623853211009174 0.02361111111111111 0.09357798165137615
0 0.33541666666666664 0.5688073394495413 0.02361111111111111 0.09541284403669725
0 0.11666666666666667 0.318348623853211 0.022222222222222223 0.060550458715596334
0 0.02638888888888889 0.24770642201834864 0.022222222222222223 0.05504587155963303
0 0.3819444444444444 0.5256880733944954 0.022222222222222223 0.06422018348623854
0 0.24444444444444444 0.4596330275229358 0.027777777777777776 0.05688073394495413
0 0.1673611111111111 0.3376146788990826 0.018055555555555554 0.044036697247706424
0 0.17291666666666666 0.28256880733944956 0.018055555555555554 0.03669724770642202
0 0.15208333333333332 0.26238532110091745 0.015277777777777777 0.05137614678899083
0 0.1638888888888889 0.27889908256880735 0.016666666666666666 0.05137614678899083
0 0.02638888888888889 0.20825688073394497 0.011111111111111112 0.04220183486238532
0 0.006944444444444444 0.25504587155963304 0.013888888888888888 0.04036697247706422
0 0.08472222222222223 0.20550458715596331 0.025 0.07339449541284404
0 0.10902777777777778 0.13761467889908258 0.015277777777777777 0.025688073394495414
