0 0.02013888888888889 0.12681159420289856 0.0375 0.04589371980676329
0 0.009722222222222222 0.17149758454106281 0.019444444444444445 0.04830917874396135
0 0.14097222222222222 0.19685990338164253 0.02638888888888889 0.050724637681159424
0 0.14305555555555555 0.16545893719806765 0.025 0.04106280193236715
0 0.2534722222222222 0.08454106280193237 0.02361111111111111 0.043478260869565216
0 0.35138888888888886 0.022946859903381644 0.022222222222222223 0.04589371980676329
0 0.4361111111111111 0.021739130434782608 0.022222222222222223 0.043478260869565216
0 0.4930555555555556 0.06159420289855073 0.019444444444444445 0.04589371980676329
0 0.5430555555555555 0.05676328502415459 0.016666666666666666 0.04589371980676329
0 0.5451388888888888 0.024154589371980676 0.015277777777777777 0.03864734299516908
0 0.5625 0.033816425120772944 0.019444444444444445 0.024154589371980676
0 0.6659722222222222 0.09782608695652174 0.0125 0.036231884057971016
0 0.6826388888888889 0.10748792270531402 0.020833333333333332 0.036231884057971016
0 0.6777777777777778 0.0785024154589372 0.013888888888888888 0.06521739130434782
0 0.6958333333333333 0.14492753623188406 0.016666666666666666 0.04830917874396135
0 0.7125 0.027777777777777776 0.013888888888888888 0.05555555555555555
0 0.7194444444444444 0.05434782608695652 0.008333333333333333 0.04589371980676329
0 0.7236111111111111 0.03140096618357488 0.011111111111111112 0.043478260869565216
0 0.7416666666666667 0.021739130434782608 0.013888888888888888 0.043478260869565216
