0 0.01875 0.0893719806763285 0.004166666666666667 0.014492753623188406
0 0.03125 0.15217391304347827 0.006944444444444444 0.014492753623188406
0 0.025 0.9589371980676329 0.013888888888888888 0.028985507246376812
0 0.40625 0.893719806763285 0.006944444444444444 0.01932367149758454
0 0.6458333333333334 0.025362318840579712 0.005555555555555556 0.021739130434782608
0 0.5965277777777778 0.23671497584541062 0.004166666666666667 0.024154589371980676
0 0.6152777777777778 0.3442028985507246 0.005555555555555556 0.026570048309178744
0 0.6111111111111112 0.3188405797101449 0.005555555555555556 0.01932367149758454
0 0.5972222222222222 0.321256038647343 0.005555555555555556 0.024154589371980676
0 0.6041666666666666 0.3466183574879227 0.008333333333333333 0.03140096618357488
0 0.5944444444444444 0.3393719806763285 0.008333333333333333 0.03140096618357488
0 0.5791666666666667 0.34903381642512077 0.005555555555555556 0.021739130434782608
0 0.5513888888888889 0.3852657004830918 0.005555555555555556 0.021739130434782608
0 0.8298611111111112 0.2572463768115942 0.004166666666666667 0.021739130434782608
0 0.7631944444444444 0.2922705314009662 0.004166666666666667 0.014492753623188406
0 0.7368055555555556 0.2995169082125604 0.004166666666666667 0.01932367149758454
0 0.7444444444444445 0.2946859903381642 0.005555555555555556 0.01932367149758454
0 0.8333333333333334 0.3103864734299517 0.005555555555555556 0.021739130434782608
0 0.8263888888888888 0.31521739130434784 0.005555555555555556 0.021739130434782608
0 0.73125 0.358695652173913 0.004166666666666667 0.021739130434782608
0 0.7229166666666667 0.3671497584541063 0.004166666666666667 0.024154589371980676
0 0.5756944444444444 0.42632850241545894 0.0125 0.007246376811594203
0 0.5548611111111111 0.4142512077294686 0.006944444444444444 0.016908212560386472
0 0.5743055555555555 0.41183574879227053 0.0125 0.007246376811594203
0 0.5722222222222222 0.40217391304347827 0.008333333333333333 0.007246376811594203
0 0.5611111111111111 0.4251207729468599 0.013888888888888888 0.00966183574879227
0 0.5548611111111111 0.40458937198067635 0.009722222222222222 0.012077294685990338
0 0.5611111111111111 0.3973429951690821 0.008333333333333333 0.016908212560386472
0 0.5631944444444444 0.4106280193236715 0.006944444444444444 0.00966183574879227
0 0.5756944444444444 0.44806763285024154 0.006944444444444444 0.012077294685990338
0 0.5784722222222223 0.46256038647342995 0.009722222222222222 0.012077294685990338
0 0.5895833333333333 0.45652173913043476 0.006944444444444444 0.01932367149758454
0 0.6805555555555556 0.4601449275362319 0.005555555555555556 0.026570048309178744
0 0.6604166666666667 0.4746376811594203 0.009722222222222222 0.026570048309178744
0 0.8236111111111111 0.46618357487922707 0.005555555555555556 0.024154589371980676
0 0.8319444444444445 0.4311594202898551 0.005555555555555556 0.012077294685990338
0 0.8173611111111111 0.4359903381642512 0.006944444444444444 0.012077294685990338
0 0.8097222222222222 0.4323671497584541 0.005555555555555556 0.00966183574879227
0 0.8027777777777778 0.4251207729468599 0.005555555555555556 0.00966183574879227
0 0.7972222222222223 0.4251207729468599 0.005555555555555556 0.014492753623188406
0 0.6180555555555556 0.5603864734299517 0.005555555555555556 0.014492753623188406
0 0.6118055555555556 0.5676328502415459 0.004166666666666667 0.01932367149758454
0 0.7847222222222222 0.5664251207729468 0.008333333333333333 0.012077294685990338
0 0.7763888888888889 0.571256038647343 0.008333333333333333 0.016908212560386472
0 0.70625 0.6026570048309179 0.006944444444444444 0.016908212560386472
0 0.7048611111111112 0.6606280193236715 0.006944444444444444 0.012077294685990338
0 0.6986111111111111 0.6642512077294686 0.005555555555555556 0.00966183574879227
0 0.6854166666666667 0.677536231884058 0.006944444444444444 0.012077294685990338
0 0.6979166666666666 0.6497584541062802 0.006944444444444444 0.00966183574879227
0 0.6951388888888889 0.5990338164251208 0.006944444444444444 0.01932367149758454
0 0.6875 0.6606280193236715 0.005555555555555556 0.021739130434782608
0 0.6930555555555555 0.6642512077294686 0.005555555555555556 0.01932367149758454
0 0.6784722222222223 0.6702898550724637 0.006944444444444444 0.021739130434782608
0 0.7083333333333334 0.748792270531401 0.005555555555555556 0.024154589371980676
0 0.7027777777777777 0.75 0.005555555555555556 0.021739130434782608
0 0.7305555555555555 0.7789855072463768 0.005555555555555556 0.012077294685990338
0 0.7208333333333333 0.7777777777777778 0.005555555555555556 0.014492753623188406
0 0.7159722222222222 0.7669082125603864 0.004166666666666667 0.012077294685990338
0 0.7284722222222222 0.7584541062801933 0.004166666666666667 0.014492753623188406
0 0.7222222222222222 0.7596618357487923 0.005555555555555556 0.012077294685990338
0 0.7354166666666667 0.8357487922705314 0.0125 0.014492753623188406
0 0.8104166666666667 0.8743961352657005 0.006944444444444444 0.00966183574879227
0 0.8027777777777778 0.8792270531400966 0.005555555555555556 0.00966183574879227
0 0.7402777777777778 0.8586956521739131 0.005555555555555556 0.012077294685990338
0 0.7340277777777777 0.857487922705314 0.006944444444444444 0.014492753623188406
0 0.9805555555555555 0.7608695652173914 0.005555555555555556 0.014492753623188406
0 0.9895833333333334 0.7632850241545893 0.006944444444444444 0.00966183574879227
0 0.9861111111111112 0.751207729468599 0.008333333333333333 0.00966183574879227
0 0.9979166666666667 0.7693236714975845 0.006944444444444444 0.016908212560386472
0 0.9902777777777778 0.7801932367149759 0.005555555555555556 0.014492753623188406
0 0.9826388888888888 0.7741545893719807 0.006944444444444444 0.016908212560386472
0 0.8534722222222222 0.3997584541062802 0.006944444444444444 0.021739130434782608
0 0.9180555555555555 0.37922705314009664 0.005555555555555556 0.014492753623188406
0 0.9104166666666667 0.37318840579710144 0.004166666666666667 0.007246376811594203
0 0.9034722222222222 0.3780193236714976 0.004166666666666667 0.016908212560386472
0 0.9270833333333334 0.3635265700483092 0.006944444444444444 0.012077294685990338
0 0.9416666666666667 0.37318840579710144 0.005555555555555556 0.007246376811594203
0 0.9451388888888889 0.35144927536231885 0.004166666666666667 0.007246376811594203
0 0.9604166666666667 0.35628019323671495 0.004166666666666667 0.012077294685990338
0 0.9506944444444444 0.3611111111111111 0.004166666666666667 0.007246376811594203
0 0.8402777777777778 0.3115942028985507 0.005555555555555556 0.01932367149758454
0 0.9673611111111111 0.05434782608695652 0.004166666666666667 0.016908212560386472
0 0.9402777777777778 0.09903381642512077 0.005555555555555556 0.01932367149758454
0 0.9333333333333333 0.09903381642512077 0.002777777777777778 0.024154589371980676
