0 0.5493055555555556 0.8405797101449275 0.02638888888888889 0.04830917874396135
0 0.5895833333333333 0.532608695652174 0.015277777777777777 0.06038647342995169
0 0.6 0.20893719806763286 0.016666666666666666 0.05555555555555555
0 0.5854166666666667 0.21980676328502416 0.0125 0.03864734299516908
0 0.5618055555555556 0.2246376811594203 0.015277777777777777 0.05314009661835749
0 0.2520833333333333 0.08695652173913043 0.009722222222222222 0.033816425120772944
0 0.24930555555555556 0.0748792270531401 0.009722222222222222 0.03864734299516908
0 0.5472222222222223 0.22946859903381642 0.013888888888888888 0.04830917874396135
0 0.5916666666666667 0.5144927536231884 0.011111111111111112 0.04830917874396135
0 0.5486111111111112 0.8260869565217391 0.011111111111111112 0.024154589371980676
