0 0.26875 0.5211009174311927 0.020833333333333332 0.03302752293577982
0 0.325 0.5706422018348624 0.025 0.04036697247706422
0 0.39166666666666666 0.6192660550458715 0.025 0.031192660550458717
0 0.41458333333333336 0.7275229357798165 0.020833333333333332 0.027522935779816515
0 0.31180555555555556 0.6073394495412844 0.020833333333333332 0.029357798165137616
0 0.4270833333333333 0.6165137614678899 0.015277777777777777 0.025688073394495414
0 0.4083333333333333 0.6834862385321101 0.016666666666666666 0.03486238532110092
0 0.4361111111111111 0.6623853211009174 0.019444444444444445 0.029357798165137616
0 0.5826388888888889 0.808256880733945 0.02361111111111111 0.03486238532110092
0 0.7145833333333333 0.8504587155963302 0.02361111111111111 0.03486238532110092
0 0.7472222222222222 0.9688073394495413 0.025 0.03302752293577982
0 0.5222222222222223 0.9862385321100917 0.019444444444444445 0.023853211009174313
0 0.5173611111111112 0.6844036697247706 0.020833333333333332 0.029357798165137616
0 0.65625 0.8376146788990826 0.0125 0.02018348623853211
