0 0.2798611111111111 0.13211009174311927 0.004166666666666667 0.014678899082568808
0 0.25416666666666665 0.23302752293577983 0.002777777777777778 0.01834862385321101
0 0.5895833333333333 0.618348623853211 0.006944444444444444 0.022018348623853212
0 0.5402777777777777 0.3853211009174312 0.005555555555555556 0.014678899082568808
0 0.6604166666666667 0.7587155963302752 0.0125 0.05688073394495413
0 0.65625 0.8733944954128441 0.009722222222222222 0.04036697247706422
0 0.6326388888888889 0.8788990825688073 0.009722222222222222 0.03302752293577982
0 0.38263888888888886 0.046788990825688076 0.004166666666666667 0.005504587155963303
0 0.40208333333333335 0.18440366972477065 0.004166666666666667 0.009174311926605505
0 0.41805555555555557 0.23761467889908258 0.002777777777777778 0.009174311926605505
0 0.22569444444444445 0.4908256880733945 0.006944444444444444 0.012844036697247707
0 0.48680555555555555 0.6669724770642201 0.0125 0.02018348623853211
