0 0.3548611111111111 0.2886473429951691 0.009722222222222222 0.026570048309178744
0 0.3388888888888889 0.3079710144927536 0.011111111111111112 0.03140096618357488
0 0.11180555555555556 0.42028985507246375 0.0125 0.01932367149758454
0 0.11319444444444444 0.5446859903381642 0.015277777777777777 0.026570048309178744
0 0.1076388888888889 0.5374396135265701 0.0125 0.021739130434782608
0 0.17152777777777778 0.5809178743961353 0.015277777777777777 0.026570048309178744
0 0.23402777777777778 0.6521739130434783 0.0125 0.028985507246376812
0 0.2659722222222222 0.6678743961352657 0.0125 0.03140096618357488
0 0.05694444444444444 0.12681159420289856 0.013888888888888888 0.036231884057971016
0 0.013888888888888888 0.14492753623188406 0.013888888888888888 0.028985507246376812
