0 0.20555555555555555 0.10386473429951691 0.005555555555555556 0.014492753623188406
0 0.19652777777777777 0.10507246376811594 0.004166666666666667 0.012077294685990338
0 0.18611111111111112 0.10990338164251208 0.005555555555555556 0.012077294685990338
0 0.17708333333333334 0.08333333333333333 0.006944444444444444 0.016908212560386472
0 0.17430555555555555 0.059178743961352656 0.006944444444444444 0.012077294685990338
0 0.21875 0.12439613526570048 0.006944444444444444 0.016908212560386472
0 0.19722222222222222 0.12077294685990338 0.005555555555555556 0.014492753623188406
0 0.21319444444444444 0.14371980676328502 0.004166666666666667 0.012077294685990338
0 0.2298611111111111 0.1292270531400966 0.004166666666666667 0.016908212560386472
0 0.20625 0.15338164251207728 0.004166666666666667 0.016908212560386472
0 0.14722222222222223 0.2246376811594203 0.005555555555555556 0.01932367149758454
0 0.1673611111111111 0.23309178743961353 0.004166666666666667 0.021739130434782608
0 0.18125 0.2572463768115942 0.004166666666666667 0.012077294685990338
0 0.18958333333333333 0.2524154589371981 0.004166666666666667 0.016908212560386472
0 0.20972222222222223 0.2524154589371981 0.005555555555555556 0.016908212560386472
0 0.1951388888888889 0.21014492753623187 0.004166666666666667 0.014492753623188406
0 0.1840277777777778 0.21014492753623187 0.004166666666666667 0.014492753623188406
0 0.19722222222222222 0.19685990338164253 0.005555555555555556 0.016908212560386472
0 0.23125 0.19082125603864733 0.006944444444444444 0.01932367149758454
0 0.24791666666666667 0.20169082125603865 0.006944444444444444 0.016908212560386472
0 0.23680555555555555 0.20772946859903382 0.006944444444444444 0.01932367149758454
0 0.25277777777777777 0.2463768115942029 0.005555555555555556 0.01932367149758454
0 0.2701388888888889 0.27053140096618356 0.004166666666666667 0.014492753623188406
0 0.32083333333333336 0.24396135265700483 0.005555555555555556 0.014492753623188406
0 0.2826388888888889 0.17632850241545894 0.004166666666666667 0.014492753623188406
0 0.28194444444444444 0.18961352657004832 0.002777777777777778 0.012077294685990338
0 0.2763888888888889 0.21014492753623187 0.005555555555555556 0.01932367149758454
0 0.27361111111111114 0.15821256038647344 0.002777777777777778 0.016908212560386472
0 0.2611111111111111 0.20169082125603865 0.005555555555555556 0.021739130434782608
0 0.26805555555555555 0.1956521739130435 0.005555555555555556 0.01932367149758454
0 0.3333333333333333 0.17391304347826086 0.005555555555555556 0.01932367149758454
0 0.25833333333333336 0.18115942028985507 0.005555555555555556 0.014492753623188406
0 0.23333333333333334 0.2644927536231884 0.005555555555555556 0.016908212560386472
0 0.21944444444444444 0.2560386473429952 0.005555555555555556 0.01932367149758454
0 0.23819444444444443 0.24033816425120774 0.004166666666666667 0.012077294685990338
0 0.24444444444444444 0.25 0.005555555555555556 0.016908212560386472
0 0.24097222222222223 0.2210144927536232 0.004166666666666667 0.021739130434782608
0 0.24583333333333332 0.22342995169082125 0.005555555555555556 0.016908212560386472
0 0.21736111111111112 0.33454106280193235 0.004166666666666667 0.021739130434782608
0 0.24305555555555555 0.3357487922705314 0.005555555555555556 0.014492753623188406
0 0.21041666666666667 0.2693236714975845 0.006944444444444444 0.012077294685990338
0 0.21180555555555555 0.2886473429951691 0.004166666666666667 0.016908212560386472
0 0.20694444444444443 0.2946859903381642 0.008333333333333333 0.024154589371980676
0 0.09236111111111112 0.2777777777777778 0.006944444444444444 0.014492753623188406
0 0.0875 0.28140096618357485 0.005555555555555556 0.021739130434782608
0 0.07222222222222222 0.3031400966183575 0.005555555555555556 0.021739130434782608
0 0.07916666666666666 0.28743961352657005 0.005555555555555556 0.024154589371980676
0 0.07291666666666667 0.28743961352657005 0.004166666666666667 0.014492753623188406
0 0.09236111111111112 0.2717391304347826 0.006944444444444444 0.016908212560386472
0 0.025 0.357487922705314 0.008333333333333333 0.01932367149758454
0 0.07569444444444444 0.44082125603864736 0.006944444444444444 0.021739130434782608
0 0.06597222222222222 0.45410628019323673 0.004166666666666667 0.01932367149758454
0 0.06388888888888888 0.4396135265700483 0.008333333333333333 0.01932367149758454
0 0.029166666666666667 0.47946859903381644 0.008333333333333333 0.016908212560386472
0 0.03263888888888889 0.5084541062801933 0.009722222222222222 0.021739130434782608
0 0.06875 0.49033816425120774 0.009722222222222222 0.014492753623188406
0 0.10347222222222222 0.47946859903381644 0.006944444444444444 0.016908212560386472
0 0.09861111111111111 0.4891304347826087 0.005555555555555556 0.021739130434782608
0 0.1451388888888889 0.5120772946859904 0.0125 0.024154589371980676
0 0.12708333333333333 0.5036231884057971 0.006944444444444444 0.007246376811594203
0 0.15486111111111112 0.5579710144927537 0.006944444444444444 0.00966183574879227
0 0.16180555555555556 0.5507246376811594 0.004166666666666667 0.00966183574879227
0 0.06944444444444445 0.643719806763285 0.008333333333333333 0.012077294685990338
0 0.035416666666666666 0.6859903381642513 0.0125 0.014492753623188406
0 0.17083333333333334 0.5410628019323671 0.002777777777777778 0.00966183574879227
0 0.17430555555555555 0.535024154589372 0.004166666666666667 0.012077294685990338
0 0.18055555555555555 0.538647342995169 0.002777777777777778 0.00966183574879227
0 0.15486111111111112 0.46859903381642515 0.009722222222222222 0.024154589371980676
0 0.13680555555555557 0.4891304347826087 0.006944444444444444 0.016908212560386472
0 0.16111111111111112 0.5157004830917874 0.005555555555555556 0.021739130434782608
0 0.17083333333333334 0.5036231884057971 0.008333333333333333 0.021739130434782608
0 0.18055555555555555 0.49879227053140096 0.008333333333333333 0.016908212560386472
0 0.17222222222222222 0.46980676328502413 0.005555555555555556 0.016908212560386472
0 0.17777777777777778 0.4504830917874396 0.005555555555555556 0.021739130434782608
0 0.17083333333333334 0.4553140096618358 0.005555555555555556 0.016908212560386472
0 0.18611111111111112 0.5615942028985508 0.005555555555555556 0.012077294685990338
0 0.19791666666666666 0.571256038647343 0.004166666666666667 0.012077294685990338
0 0.20347222222222222 0.5603864734299517 0.006944444444444444 0.024154589371980676
0 0.19305555555555556 0.5519323671497585 0.005555555555555556 0.016908212560386472
0 0.22013888888888888 0.6231884057971014 0.006944444444444444 0.024154589371980676
0 0.24027777777777778 0.6630434782608695 0.008333333333333333 0.016908212560386472
0 0.32708333333333334 0.6014492753623188 0.006944444444444444 0.014492753623188406
0 0.027777777777777776 0.7270531400966184 0.011111111111111112 0.01932367149758454
0 0.027083333333333334 0.7415458937198067 0.006944444444444444 0.024154589371980676
0 0.03680555555555556 0.9082125603864735 0.015277777777777777 0.024154589371980676
0 0.5736111111111111 0.7814009661835749 0.005555555555555556 0.016908212560386472
0 0.5652777777777778 0.7801932367149759 0.005555555555555556 0.01932367149758454
0 0.65625 0.6908212560386473 0.006944444444444444 0.014492753623188406
