0 0.3458333333333333 0.39371980676328505 0.025 0.07729468599033816
0 0.33055555555555555 0.4106280193236715 0.022222222222222223 0.07246376811594203
0 0.2951388888888889 0.44565217391304346 0.020833333333333332 0.09420289855072464
0 0.20902777777777778 0.45410628019323673 0.018055555555555554 0.06763285024154589
0 0.22430555555555556 0.4335748792270531 0.02361111111111111 0.06038647342995169
0 0.2625 0.3743961352657005 0.025 0.07246376811594203
0 0.2465277777777778 0.3140096618357488 0.020833333333333332 0.06763285024154589
0 0.22847222222222222 0.34299516908212563 0.018055555555555554 0.0821256038647343
0 0.19791666666666666 0.3864734299516908 0.020833333333333332 0.07246376811594203
0 0.16597222222222222 0.3743961352657005 0.018055555555555554 0.057971014492753624
0 0.05 0.0748792270531401 0.027777777777777776 0.07729468599033816
0 0.011805555555555555 0.32004830917874394 0.02361111111111111 0.0748792270531401
0 0.00625 0.3103864734299517 0.0125 0.036231884057971016
