0 0.4013888888888889 0.042270531400966184 0.005555555555555556 0.026570048309178744
0 0.36041666666666666 0.051932367149758456 0.004166666666666667 0.026570048309178744
0 0.3541666666666667 0.05555555555555555 0.005555555555555556 0.028985507246376812
0 0.34097222222222223 0.44565217391304346 0.009722222222222222 0.04106280193236715
0 0.3638888888888889 0.5181159420289855 0.011111111111111112 0.04106280193236715
0 0.35625 0.2995169082125604 0.009722222222222222 0.03864734299516908
0 0.32916666666666666 0.45169082125603865 0.008333333333333333 0.03864734299516908
0 0.6833333333333333 0.26570048309178745 0.008333333333333333 0.033816425120772944
0 0.46111111111111114 0.9082125603864735 0.011111111111111112 0.03864734299516908
0 0.45208333333333334 0.9456521739130435 0.0125 0.04106280193236715
0 0.95 0.10265700483091787 0.005555555555555556 0.026570048309178744
0 0.95625 0.10024154589371981 0.006944444444444444 0.021739130434782608
0 0.8520833333333333 0.5422705314009661 0.006944444444444444 0.036231884057971016
0 0.8861111111111111 0.6799516908212561 0.008333333333333333 0.036231884057971016
0 0.8486111111111111 0.5229468599033816 0.008333333333333333 0.03140096618357488
0 0.9958333333333333 0.24758454106280192 0.005555555555555556 0.026570048309178744
