0 0.27291666666666664 0.9862385321100917 0.0375 0.08256880733944955
0 0.8784722222222222 0.5385321100917431 0.018055555555555554 0.06422018348623854
0 0.8138888888888889 0.4798165137614679 0.027777777777777776 0.06422018348623854
0 0.5201388888888889 0.5 0.02361111111111111 0.07889908256880734
0 0.5270833333333333 0.38073394495412843 0.020833333333333332 0.06422018348623854
0 0.5777777777777777 0.24128440366972478 0.022222222222222223 0.05321100917431193
0 0.60625 0.27155963302752295 0.018055555555555554 0.05137614678899083
0 0.41875 0.4688073394495413 0.029166666666666667 0.060550458715596334
0 0.5486111111111112 0.23944954128440368 0.022222222222222223 0.05688073394495413
0 0.6548611111111111 0.13302752293577982 0.009722222222222222 0.045871559633027525
0 0.8243055555555555 0.29541284403669726 0.018055555555555554 0.04036697247706422
0 0.02013888888888889 0.5412844036697247 0.029166666666666667 0.05504587155963303
0 0.8930555555555556 0.47522935779816516 0.016666666666666666 0.05137614678899083
