0 0.9479166666666666 0.8067632850241546 0.02361111111111111 0.06763285024154589
0 0.8034722222222223 0.717391304347826 0.020833333333333332 0.0821256038647343
0 0.8055555555555556 0.6980676328502415 0.016666666666666666 0.06280193236714976
0 0.8194444444444444 0.5869565217391305 0.013888888888888888 0.06280193236714976
0 0.8305555555555556 0.572463768115942 0.016666666666666666 0.057971014492753624
0 0.8854166666666666 0.5688405797101449 0.015277777777777777 0.0748792270531401
0 0.8986111111111111 0.5652173913043478 0.013888888888888888 0.07246376811594203
0 0.9180555555555555 0.3756038647342995 0.022222222222222223 0.050724637681159424
0 0.9270833333333334 0.23429951690821257 0.015277777777777777 0.043478260869565216
0 0.9236111111111112 0.2041062801932367 0.013888888888888888 0.026570048309178744
0 0.9972222222222222 0.427536231884058 0.011111111111111112 0.01932367149758454
0 0.9215277777777777 0.8357487922705314 0.020833333333333332 0.043478260869565216
0 0.9229166666666667 0.0821256038647343 0.015277777777777777 0.03864734299516908
0 0.9208333333333333 0.07608695652173914 0.013888888888888888 0.04106280193236715
