0 0.09931 0.13945 0.01528 0.0367
0 0.13194 0.13486 0.01111 0.03119
0 0.14792 0.1789 0.00972 0.03853
0 0.11736 0.1945 0.00972 0.02569
0 0.10069 0.20183 0.01528 0.04037
0 0.05694 0.40917 0.01111 0.04037
0 0.06319 0.39817 0.00972 0.03303
0 0.06667 0.48991 0.01389 0.04037
0 0.11806 0.13578 0.01111 0.0367
0 0.17153 0.16422 0.0125 0.02385
0 0.21042 0.42294 0.00972 0.02752
0 0.03264 0.63028 0.01528 0.03486
0 0.01944 0.71101 0.01389 0.04587
0 0.0125 0.83853 0.01389 0.04037
0 0.79653 0.00917 0.00694 0.01835
0 0.725 0.22752 0.00833 0.02569
0 0.89375 0.32661 0.00972 0.03303
0 0.94583 0.40367 0.00833 0.02569
