0 0.19930555555555557 0.618348623853211 0.05138888888888889 0.05504587155963303
0 0.6479166666666667 0.5339449541284403 0.043055555555555555 0.05504587155963303
0 0.5652777777777778 0.6522935779816513 0.03888888888888889 0.05688073394495413
0 0.5958333333333333 0.6467889908256881 0.03888888888888889 0.05688073394495413
0 0.5270833333333333 0.653211009174312 0.043055555555555555 0.05137614678899083
0 0.6076388888888888 0.7238532110091743 0.0375 0.05321100917431193
0 0.5666666666666667 0.7357798165137615 0.044444444444444446 0.047706422018348627
0 0.5229166666666667 0.7385321100917431 0.043055555555555555 0.05321100917431193
0 0.5152777777777777 0.6990825688073394 0.03888888888888889 0.05137614678899083
0 0.5840277777777778 0.6990825688073394 0.04583333333333333 0.044036697247706424
0 0.8604166666666667 0.5394495412844037 0.0375 0.062385321100917435
0 0.9881944444444445 0.8541284403669724 0.029166666666666667 0.045871559633027525
0 0.9916666666666667 0.8330275229357799 0.019444444444444445 0.06972477064220184
0 0.024305555555555556 0.7174311926605504 0.04861111111111111 0.05137614678899083
