0 0.1736111111111111 0.4036697247706422 0.008333333333333333 0.011009174311926606
0 0.24930555555555556 0.30642201834862387 0.004166666666666667 0.014678899082568808
0 0.1625 0.25688073394495414 0.005555555555555556 0.01834862385321101
0 0.2701388888888889 0.24036697247706423 0.004166666666666667 0.011009174311926606
0 0.044444444444444446 0.3 0.008333333333333333 0.009174311926605505
0 0.08888888888888889 0.29724770642201837 0.005555555555555556 0.014678899082568808
0 0.07708333333333334 0.19724770642201836 0.004166666666666667 0.012844036697247707
0 0.07013888888888889 0.1889908256880734 0.004166666666666667 0.011009174311926606
0 0.9715277777777778 0.3091743119266055 0.006944444444444444 0.012844036697247707
0 0.9388888888888889 0.3 0.005555555555555556 0.01651376146788991
0 0.7291666666666666 0.25871559633027524 0.008333333333333333 0.014678899082568808
0 0.5222222222222223 0.3128440366972477 0.005555555555555556 0.012844036697247707
0 0.5104166666666666 0.3238532110091743 0.006944444444444444 0.01651376146788991
0 0.5375 0.3018348623853211 0.005555555555555556 0.012844036697247707
0 0.47152777777777777 0.22568807339449543 0.004166666666666667 0.007339449541284404
0 0.44513888888888886 0.2834862385321101 0.006944444444444444 0.009174311926605505
0 0.6479166666666667 0.24495412844036699 0.006944444444444444 0.01651376146788991
0 0.7319444444444444 0.22935779816513763 0.005555555555555556 0.014678899082568808
0 0.6930555555555555 0.17522935779816515 0.005555555555555556 0.012844036697247707
0 0.9048611111111111 0.42935779816513764 0.0125 0.029357798165137616
