0 0.6606397774687065 0.5845588235294118 0.04728789986091794 0.08455882352941177
0 0.6794158553546592 0.36213235294117646 0.05146036161335188 0.06985294117647059
0 0.7698191933240612 0.36580882352941174 0.037552155771905425 0.08088235294117647
0 0.652990264255911 0.04503676470588235 0.04033379694019471 0.0900735294117647
0 0.9297635605006954 0.03768382352941176 0.031988873435326845 0.06801470588235294
0 0.5375521557719054 0.16727941176470587 0.054242002781641166 0.07352941176470588
0 0.4937413073713491 0.3226102941176471 0.03894297635605007 0.08639705882352941
0 0.45479833101529904 0.21875 0.05285118219749652 0.09558823529411764
0 0.5132127955493742 0.20496323529411764 0.05285118219749652 0.06801470588235294
0 0.4853963838664812 0.1636029411764706 0.04172461752433936 0.0625
0 0.4714881780250348 0.125 0.03337969401947149 0.051470588235294115
0 0.4179415855354659 0.15716911764705882 0.059805285118219746 0.05698529411764706
