0 0.8020833333333334 0.9614678899082569 0.018055555555555554 0.044036697247706424
0 0.7805555555555556 0.9954128440366973 0.019444444444444445 0.05321100917431193
0 0.7041666666666667 0.998165137614679 0.027777777777777776 0.044036697247706424
0 0.7784722222222222 0.8311926605504587 0.0125 0.03669724770642202
0 0.8458333333333333 0.7990825688073394 0.008333333333333333 0.027522935779816515
0 0.8958333333333334 0.9119266055045872 0.016666666666666666 0.03302752293577982
0 0.8826388888888889 0.7743119266055046 0.009722222222222222 0.029357798165137616
0 0.9395833333333333 0.7440366972477064 0.009722222222222222 0.031192660550458717
0 0.9451388888888889 0.7412844036697248 0.006944444444444444 0.025688073394495414
0 0.9152777777777777 0.7853211009174312 0.013888888888888888 0.03669724770642202
0 0.9243055555555556 0.8779816513761468 0.015277777777777777 0.03853211009174312
0 0.9298611111111111 0.9275229357798165 0.0125 0.03486238532110092
