0 0.2013888888888889 0.30458715596330277 0.019444444444444445 0.11009174311926606
0 0.23125 0.3284403669724771 0.029166666666666667 0.12844036697247707
0 0.25416666666666665 0.3477064220183486 0.025 0.12293577981651377
0 0.29097222222222224 0.3055045871559633 0.034722222222222224 0.12293577981651377
0 0.19027777777777777 0.06330275229357799 0.025 0.09357798165137615
0 0.2513888888888889 0.0926605504587156 0.027777777777777776 0.09357798165137615
0 0.5826388888888889 0.10550458715596331 0.03194444444444444 0.10458715596330276
0 0.4986111111111111 0.04220183486238532 0.025 0.08440366972477065
0 0.02638888888888889 0.03669724770642202 0.030555555555555555 0.07339449541284404
0 0.024305555555555556 0.5743119266055046 0.04861111111111111 0.14678899082568808
