0 0.7048611111111112 0.6633027522935779 0.006944444444444444 0.023853211009174313
0 0.7513888888888889 0.8385321100917431 0.005555555555555556 0.03302752293577982
0 0.7743055555555556 0.43853211009174314 0.006944444444444444 0.022018348623853212
0 0.7395833333333334 0.5431192660550459 0.006944444444444444 0.022018348623853212
0 0.7472222222222222 0.5403669724770642 0.005555555555555556 0.01651376146788991
0 0.7527777777777778 0.5440366972477064 0.005555555555555556 0.01651376146788991
0 0.8243055555555555 0.25871559633027524 0.004166666666666667 0.011009174311926606
0 0.8076388888888889 0.2926605504587156 0.004166666666666667 0.012844036697247707
0 0.8388888888888889 0.27889908256880735 0.002777777777777778 0.007339449541284404
0 0.8805555555555555 0.27706422018348625 0.005555555555555556 0.011009174311926606
0 0.8708333333333333 0.27706422018348625 0.005555555555555556 0.011009174311926606
0 0.9034722222222222 0.15137614678899083 0.004166666666666667 0.005504587155963303
0 0.8909722222222223 0.15688073394495414 0.006944444444444444 0.009174311926605505
0 0.9013888888888889 0.23394495412844038 0.005555555555555556 0.005504587155963303
0 0.9104166666666667 0.23944954128440368 0.004166666666666667 0.009174311926605505
