0 0.9069444444444444 0.9239130434782609 0.022222222222222223 0.07004830917874397
0 0.9270833333333334 0.9359903381642513 0.034722222222222224 0.11835748792270531
0 0.875 0.8369565217391305 0.011111111111111112 0.06521739130434782
0 0.9423611111111111 0.8345410628019324 0.015277777777777777 0.06521739130434782
0 0.8708333333333333 0.8115942028985508 0.019444444444444445 0.05314009661835749
0 0.8708333333333333 0.7898550724637681 0.013888888888888888 0.057971014492753624
0 0.8763888888888889 0.7777777777777778 0.013888888888888888 0.057971014492753624
0 0.8819444444444444 0.7475845410628019 0.013888888888888888 0.05555555555555555
0 0.9451388888888889 0.8176328502415459 0.0125 0.05555555555555555
0 0.9402777777777778 0.7946859903381642 0.013888888888888888 0.057971014492753624
0 0.9402777777777778 0.7560386473429952 0.011111111111111112 0.06280193236714976
0 0.9409722222222222 0.7814009661835749 0.0125 0.06521739130434782
0 0.8916666666666667 0.6944444444444444 0.022222222222222223 0.06521739130434782
0 0.9375 0.7028985507246377 0.013888888888888888 0.05314009661835749
0 0.9305555555555556 0.5446859903381642 0.016666666666666666 0.05555555555555555
0 0.9243055555555556 0.5060386473429952 0.0125 0.050724637681159424
0 0.8965277777777778 0.4975845410628019 0.015277777777777777 0.057971014492753624
0 0.85625 0.5229468599033816 0.009722222222222222 0.026570048309178744
0 0.8513888888888889 0.5120772946859904 0.016666666666666666 0.04830917874396135
0 0.8340277777777778 0.427536231884058 0.0125 0.057971014492753624
0 0.8305555555555556 0.22705314009661837 0.013888888888888888 0.05314009661835749
0 0.8326388888888889 0.2041062801932367 0.020833333333333332 0.04589371980676329
