0 0.03819444444444445 0.22018348623853212 0.05138888888888889 0.05871559633027523
0 0.6340277777777777 0.14862385321100918 0.02361111111111111 0.03669724770642202
0 0.6604166666666667 0.9559633027522936 0.029166666666666667 0.047706422018348627
0 0.5513888888888889 0.9587155963302753 0.041666666666666664 0.060550458715596334
0 0.48125 0.7605504587155963 0.034722222222222224 0.04220183486238532
0 0.46944444444444444 0.7422018348623853 0.027777777777777776 0.04220183486238532
0 0.4666666666666667 0.7495412844036697 0.044444444444444446 0.045871559633027525
0 0.4111111111111111 0.7825688073394496 0.030555555555555555 0.03853211009174312
0 0.40625 0.7743119266055046 0.03194444444444444 0.04036697247706422
0 0.2916666666666667 0.8477064220183487 0.03333333333333333 0.03669724770642202
0 0.28680555555555554 0.8477064220183487 0.04861111111111111 0.047706422018348627
0 0.2361111111111111 0.9045871559633027 0.041666666666666664 0.044036697247706424
0 0.09791666666666667 0.9587155963302753 0.059722222222222225 0.04220183486238532
0 0.1736111111111111 0.791743119266055 0.03888888888888889 0.05321100917431193
0 0.1909722222222222 0.7055045871559633 0.034722222222222224 0.04954128440366973
0 0.34791666666666665 0.6963302752293578 0.043055555555555555 0.04954128440366973
0 0.25277777777777777 0.6642201834862386 0.03888888888888889 0.05137614678899083
0 0.2222222222222222 0.5724770642201835 0.025 0.03669724770642202
0 0.21805555555555556 0.5678899082568807 0.030555555555555555 0.04220183486238532
0 0.2152777777777778 0.5669724770642202 0.03611111111111111 0.04036697247706422
0 0.1986111111111111 0.4577981651376147 0.03611111111111111 0.04220183486238532
0 0.19722222222222222 0.4559633027522936 0.041666666666666664 0.05688073394495413
0 0.09375 0.41284403669724773 0.04861111111111111 0.05504587155963303
0 0.018055555555555554 0.5412844036697247 0.03611111111111111 0.04036697247706422
0 0.8465277777777778 0.08073394495412844 0.02361111111111111 0.047706422018348627
0 0.7743055555555556 0.25871559633027524 0.020833333333333332 0.04036697247706422
0 0.7770833333333333 0.3155963302752294 0.020833333333333332 0.044036697247706424
0 0.8541666666666666 0.28256880733944956 0.022222222222222223 0.044036697247706424
0 0.9645833333333333 0.5220183486238532 0.02361111111111111 0.04220183486238532
0 0.9805555555555555 0.45871559633027525 0.022222222222222223 0.047706422018348627
0 0.9638888888888889 0.3926605504587156 0.019444444444444445 0.047706422018348627
