0 0.011805555555555555 0.3458715596330275 0.02361111111111111 0.04220183486238532
0 0.021527777777777778 0.3394495412844037 0.020833333333333332 0.05504587155963303
0 0.03888888888888889 0.3339449541284404 0.019444444444444445 0.05871559633027523
0 0.05486111111111111 0.326605504587156 0.0125 0.04036697247706422
0 0.06944444444444445 0.3174311926605505 0.016666666666666666 0.04036697247706422
0 0.24583333333333332 0.38256880733944953 0.016666666666666666 0.06788990825688074
0 0.06527777777777778 0.781651376146789 0.025 0.062385321100917435
0 0.3034722222222222 0.755045871559633 0.02361111111111111 0.07889908256880734
0 0.3784722222222222 0.7798165137614679 0.02361111111111111 0.08807339449541285
0 0.40902777777777777 0.8018348623853211 0.02638888888888889 0.07706422018348624
