0 0.9291666666666667 0.9036697247706422 0.05 0.08256880733944955
0 0.9215277777777777 0.8642201834862385 0.0375 0.06972477064220184
0 0.3326388888888889 0.9669724770642202 0.02361111111111111 0.06605504587155964
0 0.24791666666666667 0.9743119266055046 0.043055555555555555 0.05137614678899083
0 0.28055555555555556 0.8596330275229358 0.03611111111111111 0.10825688073394496
0 0.37083333333333335 0.8192660550458716 0.03333333333333333 0.08623853211009175
0 0.35694444444444445 0.6412844036697247 0.04722222222222222 0.10458715596330276
0 0.4388888888888889 0.3504587155963303 0.041666666666666664 0.08440366972477065
0 0.47430555555555554 0.3293577981651376 0.029166666666666667 0.07155963302752294
0 0.5076388888888889 0.29724770642201837 0.029166666666666667 0.07339449541284404
0 0.5090277777777777 0.21009174311926607 0.03194444444444444 0.08256880733944955
0 0.5673611111111111 0.03486238532110092 0.020833333333333332 0.06972477064220184
