0 0.034027777777777775 0.6807339449541284 0.03194444444444444 0.05504587155963303
0 0.030555555555555555 0.5302752293577981 0.05555555555555555 0.08807339449541285
0 0.20625 0.6220183486238532 0.03194444444444444 0.09174311926605505
0 0.16180555555555556 0.4944954128440367 0.04861111111111111 0.09357798165137615
0 0.1736111111111111 0.47339449541284406 0.044444444444444446 0.09541284403669725
0 0.20902777777777778 0.5899082568807339 0.04861111111111111 0.060550458715596334
0 0.21041666666666667 0.5238532110091743 0.034722222222222224 0.060550458715596334
0 0.28125 0.38623853211009174 0.04583333333333333 0.08990825688073395
0 0.2763888888888889 0.3293577981651376 0.027777777777777776 0.06422018348623854
0 0.24444444444444444 0.3330275229357798 0.016666666666666666 0.04954128440366973
0 0.38055555555555554 0.3706422018348624 0.03333333333333333 0.09908256880733946
0 0.3347222222222222 0.3779816513761468 0.03888888888888889 0.08807339449541285
0 0.32569444444444445 0.3275229357798165 0.043055555555555555 0.07155963302752294
0 0.4125 0.2889908256880734 0.030555555555555555 0.060550458715596334
0 0.3729166666666667 0.2834862385321101 0.034722222222222224 0.08623853211009175
0 0.36180555555555555 0.2834862385321101 0.029166666666666667 0.06788990825688074
0 0.3375 0.2467889908256881 0.03888888888888889 0.07522935779816514
0 0.38055555555555554 0.21926605504587157 0.044444444444444446 0.06422018348623854
0 0.42916666666666664 0.17706422018348625 0.025 0.04954128440366973
0 0.44027777777777777 0.16422018348623854 0.025 0.05688073394495413
0 0.44930555555555557 0.15045871559633028 0.020833333333333332 0.05504587155963303
0 0.46041666666666664 0.13944954128440368 0.015277777777777777 0.044036697247706424
0 0.48055555555555557 0.13669724770642203 0.016666666666666666 0.03853211009174312
0 0.18541666666666667 0.5972477064220183 0.020833333333333332 0.03853211009174312
0 0.36944444444444446 0.5688073394495413 0.022222222222222223 0.09541284403669725
0 0.6729166666666667 0.618348623853211 0.02638888888888889 0.06972477064220184
0 0.3055555555555556 0.5743119266055046 0.041666666666666664 0.06972477064220184
0 0.30486111111111114 0.8944954128440367 0.04583333333333333 0.06422018348623854
0 0.3840277777777778 0.8908256880733945 0.04861111111111111 0.10458715596330276
0 0.42083333333333334 0.8669724770642202 0.04722222222222222 0.08990825688073395
0 0.63125 0.07706422018348624 0.020833333333333332 0.047706422018348627
