0 0.5527777777777778 0.8798165137614679 0.013888888888888888 0.012844036697247707
0 0.65 0.9522935779816514 0.011111111111111112 0.025688073394495414
0 0.8027777777777778 0.9853211009174312 0.011111111111111112 0.022018348623853212
0 0.7875 0.9678899082568807 0.011111111111111112 0.023853211009174313
0 0.8402777777777778 0.9688073394495413 0.008333333333333333 0.025688073394495414
0 0.8173611111111111 0.944954128440367 0.006944444444444444 0.025688073394495414
0 0.7006944444444444 0.9532110091743119 0.006944444444444444 0.023853211009174313
0 0.6777777777777778 0.9201834862385321 0.011111111111111112 0.027522935779816515
0 0.6472222222222223 0.9256880733944954 0.011111111111111112 0.027522935779816515
0 0.7923611111111111 0.9192660550458716 0.009722222222222222 0.025688073394495414
0 0.7993055555555556 0.9577981651376147 0.009722222222222222 0.025688073394495414
0 0.8236111111111111 0.9587155963302753 0.005555555555555556 0.023853211009174313
0 0.83125 0.9596330275229358 0.006944444444444444 0.022018348623853212
0 0.7958333333333333 0.9431192660550459 0.008333333333333333 0.022018348623853212
0 0.8368055555555556 0.9559633027522936 0.006944444444444444 0.025688073394495414
0 0.8423611111111111 0.955045871559633 0.006944444444444444 0.023853211009174313
0 0.5118055555555555 0.9045871559633027 0.009722222222222222 0.022018348623853212
