0 0.6923611111111111 0.5064220183486239 0.020833333333333332 0.029357798165137616
0 0.7145833333333333 0.48073394495412847 0.018055555555555554 0.03302752293577982
0 0.85 0.6211009174311927 0.022222222222222223 0.031192660550458717
0 0.5798611111111112 0.6137614678899083 0.018055555555555554 0.03486238532110092
0 0.5715277777777777 0.6018348623853211 0.020833333333333332 0.03302752293577982
0 0.4701388888888889 0.5330275229357798 0.02361111111111111 0.03486238532110092
0 0.5173611111111112 0.42110091743119266 0.020833333333333332 0.03486238532110092
0 0.5368055555555555 0.38073394495412843 0.020833333333333332 0.03486238532110092
0 0.36180555555555555 0.23944954128440368 0.0125 0.01651376146788991
0 0.7645833333333333 0.13302752293577982 0.020833333333333332 0.03853211009174312
0 0.5805555555555556 0.15412844036697249 0.016666666666666666 0.03302752293577982
0 0.8111111111111111 0.11559633027522936 0.022222222222222223 0.03302752293577982
0 0.8354166666666667 0.06788990825688074 0.02638888888888889 0.03302752293577982
0 0.7958333333333333 0.0981651376146789 0.016666666666666666 0.03486238532110092
0 0.7423611111111111 0.10733944954128441 0.020833333333333332 0.03486238532110092
0 0.7222222222222222 0.07155963302752294 0.022222222222222223 0.04036697247706422
0 0.8041666666666667 0.06513761467889909 0.019444444444444445 0.03486238532110092
0 0.7722222222222223 0.08807339449541285 0.019444444444444445 0.03302752293577982
0 0.7805555555555556 0.0853211009174312 0.019444444444444445 0.03486238532110092
0 0.8118055555555556 0.05229357798165138 0.018055555555555554 0.027522935779816515
0 0.7215277777777778 0.06605504587155964 0.018055555555555554 0.03302752293577982
0 0.7520833333333333 0.02110091743119266 0.020833333333333332 0.04220183486238532
0 0.9479166666666666 0.5853211009174312 0.03194444444444444 0.025688073394495414
0 0.9541666666666667 0.844954128440367 0.03333333333333333 0.031192660550458717
0 0.9548611111111112 0.8706422018348624 0.02638888888888889 0.02018348623853211
0 0.98125 0.8541284403669724 0.034722222222222224 0.027522935779816515
0 0.9541666666666667 0.9311926605504587 0.019444444444444445 0.01651376146788991
