0 0.9416666666666667 0.9293577981651376 0.030555555555555555 0.03486238532110092
0 0.9430555555555555 0.4917431192660551 0.03333333333333333 0.044036697247706424
0 0.9506944444444444 0.3458715596330275 0.02361111111111111 0.05321100917431193
0 0.8458333333333333 0.5458715596330275 0.025 0.03853211009174312
0 0.7680555555555556 0.5926605504587156 0.030555555555555555 0.05504587155963303
0 0.7875 0.5779816513761468 0.027777777777777776 0.05504587155963303
0 0.8076388888888889 0.5651376146788991 0.018055555555555554 0.05137614678899083
0 0.8951388888888889 0.7211009174311926 0.02361111111111111 0.044036697247706424
0 0.8277777777777777 0.9165137614678899 0.025 0.03853211009174312
0 0.9680555555555556 0.8165137614678899 0.027777777777777776 0.047706422018348627
0 0.9555555555555556 0.7834862385321101 0.025 0.03669724770642202
0 0.91875 0.7862385321100918 0.029166666666666667 0.031192660550458717
0 0.6979166666666666 0.8211009174311926 0.03194444444444444 0.03486238532110092
