0 0.12083333333333333 0.7027522935779816 0.016666666666666666 0.03669724770642202
0 0.17847222222222223 0.7027522935779816 0.015277777777777777 0.029357798165137616
0 0.22569444444444445 0.6990825688073394 0.015277777777777777 0.03302752293577982
0 0.2722222222222222 0.7 0.019444444444444445 0.04954128440366973
0 0.4361111111111111 0.7302752293577982 0.016666666666666666 0.03302752293577982
0 0.33958333333333335 0.708256880733945 0.02361111111111111 0.04036697247706422
0 0.4583333333333333 0.8137614678899082 0.011111111111111112 0.04954128440366973
0 0.32916666666666666 0.963302752293578 0.016666666666666666 0.07339449541284404
0 0.3090277777777778 0.9577981651376147 0.015277777777777777 0.06605504587155964
0 0.7444444444444445 0.336697247706422 0.008333333333333333 0.027522935779816515
