0 0.34375 0.29347826086956524 0.029166666666666667 0.09903381642512077
0 0.4083333333333333 0.17391304347826086 0.030555555555555555 0.057971014492753624
0 0.43680555555555556 0.1461352657004831 0.020833333333333332 0.08454106280193237
0 0.5666666666666667 0.07729468599033816 0.03888888888888889 0.08695652173913043
0 0.5763888888888888 0.06159420289855073 0.019444444444444445 0.06038647342995169
0 0.6444444444444445 0.25966183574879226 0.019444444444444445 0.07971014492753623
0 0.6701388888888888 0.2826086956521739 0.02361111111111111 0.08695652173913043
0 0.7041666666666667 0.3103864734299517 0.019444444444444445 0.08454106280193237
0 0.6625 0.3719806763285024 0.019444444444444445 0.0821256038647343
0 0.6375 0.501207729468599 0.03333333333333333 0.09903381642512077
0 0.675 0.5519323671497585 0.030555555555555555 0.10869565217391304
0 0.6840277777777778 0.4601449275362319 0.020833333333333332 0.09420289855072464
0 0.7055555555555556 0.49033816425120774 0.019444444444444445 0.08695652173913043
0 0.7402777777777778 0.5169082125603864 0.025 0.08695652173913043
0 0.7347222222222223 0.4468599033816425 0.022222222222222223 0.08695652173913043
0 0.7180555555555556 0.46618357487922707 0.019444444444444445 0.08695652173913043
0 0.7673611111111112 0.5410628019323671 0.02638888888888889 0.11594202898550725
0 0.8104166666666667 0.3997584541062802 0.018055555555555554 0.0748792270531401
0 0.8819444444444444 0.7210144927536232 0.025 0.09420289855072464
0 0.8965277777777778 0.6751207729468599 0.03194444444444444 0.09903381642512077
0 0.2111111111111111 0.8538647342995169 0.03888888888888889 0.08454106280193237
0 0.33194444444444443 0.9045893719806763 0.04722222222222222 0.10386473429951691
