0 0.7173611111111111 0.5504587155963303 0.0125 0.03669724770642202
0 0.7347222222222223 0.5422018348623853 0.013888888888888888 0.03486238532110092
0 0.8527777777777777 0.44036697247706424 0.011111111111111112 0.022018348623853212
0 0.8284722222222223 0.3587155963302752 0.006944444444444444 0.01651376146788991
0 0.8375 0.363302752293578 0.005555555555555556 0.01834862385321101
0 0.8423611111111111 0.3642201834862385 0.006944444444444444 0.01651376146788991
0 0.8409722222222222 0.4018348623853211 0.006944444444444444 0.022018348623853212
0 0.7597222222222222 0.3587155963302752 0.005555555555555556 0.01651376146788991
0 0.7541666666666667 0.3577981651376147 0.005555555555555556 0.01834862385321101
0 0.8402777777777778 0.42110091743119266 0.005555555555555556 0.01651376146788991
0 0.8354166666666667 0.42201834862385323 0.006944444444444444 0.01834862385321101
