0 0.9173611111111111 0.8926605504587156 0.015277777777777777 0.05321100917431193
0 0.8951388888888889 0.8926605504587156 0.015277777777777777 0.04954128440366973
0 0.8958333333333334 0.8348623853211009 0.019444444444444445 0.05137614678899083
0 0.9201388888888888 0.8064220183486238 0.018055555555555554 0.05688073394495413
0 0.9368055555555556 0.8045871559633028 0.020833333333333332 0.05321100917431193
0 0.9048611111111111 0.763302752293578 0.020833333333333332 0.05504587155963303
0 0.9215277777777777 0.7623853211009174 0.015277777777777777 0.05688073394495413
0 0.9659722222222222 0.48256880733944957 0.015277777777777777 0.05137614678899083
0 0.9541666666666667 0.44495412844036697 0.019444444444444445 0.05321100917431193
0 0.9118055555555555 0.5192660550458715 0.015277777777777777 0.05137614678899083
0 0.9229166666666667 0.5201834862385321 0.020833333333333332 0.05321100917431193
0 0.88125 0.3155963302752294 0.015277777777777777 0.047706422018348627
0 0.9027777777777778 0.3155963302752294 0.016666666666666666 0.05137614678899083
0 0.5888888888888889 0.2889908256880734 0.019444444444444445 0.03853211009174312
0 0.7173611111111111 0.25412844036697246 0.020833333333333332 0.04954128440366973
0 0.70625 0.2486238532110092 0.015277777777777777 0.045871559633027525
0 0.70625 0.22293577981651377 0.018055555555555554 0.03486238532110092
0 0.7111111111111111 0.20825688073394497 0.016666666666666666 0.045871559633027525
0 0.8493055555555555 0.21651376146788992 0.015277777777777777 0.047706422018348627
0 0.8611111111111112 0.22385321100917432 0.016666666666666666 0.029357798165137616
0 0.8611111111111112 0.18807339449541285 0.016666666666666666 0.04220183486238532
0 0.85 0.1596330275229358 0.013888888888888888 0.044036697247706424
0 0.8631944444444445 0.11100917431192661 0.015277777777777777 0.04954128440366973
0 0.8805555555555555 0.0834862385321101 0.011111111111111112 0.045871559633027525
0 0.9451388888888889 0.22018348623853212 0.0125 0.044036697247706424
0 0.9611111111111111 0.21926605504587157 0.011111111111111112 0.04220183486238532
0 0.9944444444444445 0.23669724770642203 0.013888888888888888 0.04036697247706422
0 0.9819444444444444 0.20733944954128442 0.013888888888888888 0.047706422018348627
0 0.8458333333333333 0.01926605504587156 0.013888888888888888 0.03853211009174312
0 0.8618055555555556 0.015596330275229359 0.0125 0.031192660550458717
