0 0.84375 0.5256880733944954 0.009722222222222222 0.02018348623853211
0 0.9097222222222222 0.42385321100917434 0.013888888888888888 0.01834862385321101
0 0.9118055555555555 0.3174311926605505 0.0125 0.022018348623853212
0 0.9229166666666667 0.3651376146788991 0.020833333333333332 0.022018348623853212
0 0.8131944444444444 0.25779816513761467 0.0125 0.023853211009174313
0 0.9180555555555555 0.26055045871559634 0.013888888888888888 0.025688073394495414
0 0.8958333333333334 0.08073394495412844 0.019444444444444445 0.03302752293577982
0 0.8236111111111111 0.16238532110091744 0.011111111111111112 0.027522935779816515
0 0.8243055555555555 0.14036697247706423 0.015277777777777777 0.027522935779816515
0 0.9416666666666667 0.06422018348623854 0.013888888888888888 0.025688073394495414
0 0.8 0.0889908256880734 0.016666666666666666 0.031192660550458717
0 0.8125 0.06972477064220184 0.016666666666666666 0.03302752293577982
