0 0.67917 0.30183 0.04722 0.05321
0 0.67083 0.27156 0.04167 0.05138
0 0.46042 0.23945 0.02917 0.04954
0 0.34792 0.1945 0.04028 0.05505
0 0.3625 0.17431 0.04167 0.05505
0 0.35347 0.1422 0.0375 0.04954
0 0.09792 0.16147 0.02917 0.04771
0 0.03542 0.02936 0.02639 0.04037
0 0.08611 0.04495 0.025 0.03119
0 0.17014 0.0211 0.02639 0.02752
0 0.19306 0.01376 0.025 0.02752
0 0.21667 0.03578 0.02778 0.03486
0 0.30625 0.06147 0.02083 0.03119
0 0.29028 0.03119 0.025 0.02936
0 0.35625 0.06789 0.02083 0.04037
0 0.37917 0.0844 0.02222 0.02202
0 0.40903 0.05688 0.02639 0.02936
0 0.46181 0.02752 0.02639 0.0367
0 0.49236 0.04679 0.02083 0.02385
0 0.51319 0.02294 0.02083 0.03119
0 0.46806 0.13119 0.02778 0.03119
0 0.49097 0.11284 0.02083 0.03853
0 0.59583 0.17156 0.03056 0.0422
0 0.64167 0.12385 0.02222 0.0422
0 0.62917 0.08624 0.02778 0.02936
0 0.59792 0.04495 0.02361 0.03486
0 0.63125 0.01927 0.02639 0.03853
0 0.70069 0.05963 0.02361 0.03853
0 0.74028 0.08991 0.04167 0.03303
0 0.74583 0.05688 0.03056 0.0367
0 0.89514 0.08807 0.03194 0.05138
0 0.92292 0.13028 0.01806 0.04771
