0 0.1798611111111111 0.5990825688073395 0.0125 0.03853211009174312
0 0.24375 0.2908256880733945 0.0125 0.03486238532110092
0 0.34930555555555554 0.3504587155963303 0.0125 0.03669724770642202
0 0.1763888888888889 0.48440366972477067 0.008333333333333333 0.04036697247706422
0 0.15208333333333332 0.42568807339449544 0.0125 0.044036697247706424
0 0.4465277777777778 0.46972477064220186 0.015277777777777777 0.03302752293577982
0 0.16319444444444445 0.481651376146789 0.015277777777777777 0.03486238532110092
0 0.2513888888888889 0.28073394495412846 0.013888888888888888 0.029357798165137616
0 0.21180555555555555 0.22385321100917432 0.006944444444444444 0.01834862385321101
0 0.27152777777777776 0.9412844036697248 0.009722222222222222 0.044036697247706424
0 0.26180555555555557 0.9412844036697248 0.009722222222222222 0.044036697247706424
0 0.6611111111111111 0.45137614678899085 0.019444444444444445 0.04036697247706422
0 0.975 0.3697247706422018 0.016666666666666666 0.031192660550458717
0 0.9680555555555556 0.3651376146788991 0.013888888888888888 0.03669724770642202
