0 0.7909722222222222 0.326605504587156 0.0375 0.06605504587155964
0 0.7034722222222223 0.43211009174311926 0.034722222222222224 0.07522935779816514
0 0.8013888888888889 0.5229357798165137 0.027777777777777776 0.07339449541284404
0 0.7458333333333333 0.7697247706422018 0.03611111111111111 0.09724770642201835
0 0.5305555555555556 0.8587155963302753 0.03333333333333333 0.10275229357798166
0 0.5965277777777778 0.865137614678899 0.04027777777777778 0.10458715596330276
0 0.8465277777777778 0.8559633027522936 0.03194444444444444 0.08256880733944955
0 0.74375 0.38807339449541284 0.018055555555555554 0.05321100917431193
0 0.8138888888888889 0.3963302752293578 0.022222222222222223 0.06605504587155964
0 0.9513888888888888 0.3220183486238532 0.019444444444444445 0.06788990825688074
0 0.9652777777777778 0.21651376146788992 0.011111111111111112 0.044036697247706424
