0 0.5847222222222223 0.021739130434782608 0.013888888888888888 0.043478260869565216
0 0.5645833333333333 0.1642512077294686 0.015277777777777777 0.04830917874396135
0 0.7319444444444444 0.9456521739130435 0.011111111111111112 0.04589371980676329
0 0.6958333333333333 0.9746376811594203 0.011111111111111112 0.036231884057971016
0 0.7048611111111112 0.928743961352657 0.0125 0.04106280193236715
0 0.6930555555555555 0.8357487922705314 0.013888888888888888 0.03864734299516908
0 0.6506944444444445 0.5507246376811594 0.009722222222222222 0.03864734299516908
0 0.6659722222222222 0.5458937198067633 0.0125 0.03864734299516908
0 0.6527777777777778 0.5314009661835749 0.011111111111111112 0.03864734299516908
0 0.63125 0.0748792270531401 0.009722222222222222 0.03864734299516908
0 0.8201388888888889 0.11352657004830918 0.006944444444444444 0.03864734299516908
