0 0.9361111111111111 0.9733944954128441 0.030555555555555555 0.09724770642201835
0 0.43819444444444444 0.7321100917431193 0.015277777777777777 0.029357798165137616
0 0.35694444444444445 0.7467889908256881 0.016666666666666666 0.03669724770642202
0 0.5305555555555556 0.7504587155963303 0.016666666666666666 0.03302752293577982
0 0.5416666666666666 0.6651376146788991 0.008333333333333333 0.01651376146788991
0 0.27291666666666664 0.7788990825688074 0.015277777777777777 0.045871559633027525
0 0.8541666666666666 0.7201834862385321 0.011111111111111112 0.031192660550458717
0 0.7944444444444444 0.7229357798165138 0.011111111111111112 0.04036697247706422
0 0.7868055555555555 0.7211009174311926 0.0125 0.04036697247706422
0 0.7777777777777778 0.7256880733944954 0.016666666666666666 0.03486238532110092
0 0.775 0.7174311926605504 0.016666666666666666 0.044036697247706424
0 0.53125 0.6761467889908257 0.009722222222222222 0.023853211009174313
