0 0.40625 0.8229357798165138 0.009722222222222222 0.023853211009174313
0 0.2847222222222222 0.9146788990825688 0.011111111111111112 0.027522935779816515
0 0.2548611111111111 0.8091743119266055 0.009722222222222222 0.025688073394495414
0 0.2875 0.7935779816513762 0.005555555555555556 0.027522935779816515
0 0.34444444444444444 0.826605504587156 0.008333333333333333 0.023853211009174313
0 0.36041666666666666 0.7706422018348624 0.006944444444444444 0.01834862385321101
0 0.39375 0.8155963302752294 0.009722222222222222 0.02018348623853211
0 0.3347222222222222 0.7440366972477064 0.008333333333333333 0.023853211009174313
0 0.3125 0.7834862385321101 0.008333333333333333 0.022018348623853212
0 0.18472222222222223 0.7577981651376147 0.013888888888888888 0.029357798165137616
0 0.15694444444444444 0.8486238532110092 0.008333333333333333 0.027522935779816515
0 0.10972222222222222 0.8807339449541285 0.011111111111111112 0.029357798165137616
0 0.16458333333333333 0.9128440366972477 0.009722222222222222 0.023853211009174313
0 0.16180555555555556 0.8981651376146789 0.006944444444444444 0.027522935779816515
0 0.25416666666666665 0.7908256880733945 0.005555555555555556 0.022018348623853212
0 0.3125 0.7688073394495413 0.005555555555555556 0.022018348623853212
0 0.4048611111111111 0.8137614678899082 0.006944444444444444 0.023853211009174313
0 0.07361111111111111 0.8504587155963302 0.008333333333333333 0.023853211009174313
0 0.37916666666666665 0.6807339449541284 0.008333333333333333 0.022018348623853212
0 0.025694444444444443 0.5541284403669725 0.009722222222222222 0.022018348623853212
0 0.11041666666666666 0.5587155963302752 0.006944444444444444 0.02018348623853211
0 0.10625 0.48623853211009177 0.004166666666666667 0.01834862385321101
