0 0.05 0.8431192660550458 0.027777777777777776 0.06422018348623854
0 0.07361111111111111 0.8513761467889909 0.03333333333333333 0.062385321100917435
0 0.18888888888888888 0.5724770642201835 0.030555555555555555 0.029357798165137616
0 0.15555555555555556 0.8761467889908257 0.025 0.060550458715596334
0 0.19305555555555556 0.8541284403669724 0.025 0.05688073394495413
0 0.21875 0.44036697247706424 0.02638888888888889 0.044036697247706424
0 0.2388888888888889 0.3073394495412844 0.027777777777777776 0.03853211009174312
0 0.2076388888888889 0.3403669724770642 0.020833333333333332 0.03853211009174312
0 0.1701388888888889 0.43394495412844036 0.020833333333333332 0.027522935779816515
0 0.1625 0.3055045871559633 0.027777777777777776 0.027522935779816515
0 0.13819444444444445 0.2963302752293578 0.020833333333333332 0.023853211009174313
0 0.3326388888888889 0.25688073394495414 0.02361111111111111 0.025688073394495414
0 0.475 0.8128440366972477 0.041666666666666664 0.047706422018348627
0 0.8881944444444444 0.12935779816513762 0.0375 0.031192660550458717
