0 0.7263888888888889 0.8550458715596331 0.027777777777777776 0.05137614678899083
0 0.6722222222222223 0.7192660550458716 0.030555555555555555 0.05871559633027523
0 0.48541666666666666 0.6064220183486239 0.02638888888888889 0.060550458715596334
0 0.50625 0.6192660550458715 0.02638888888888889 0.060550458715596334
0 0.5333333333333333 0.6311926605504588 0.027777777777777776 0.062385321100917435
0 0.5548611111111111 0.6302752293577981 0.02361111111111111 0.05688073394495413
0 0.5597222222222222 0.28256880733944956 0.025 0.08073394495412844
0 0.7277777777777777 0.24311926605504589 0.022222222222222223 0.060550458715596334
0 0.6159722222222223 0.12110091743119267 0.020833333333333332 0.047706422018348627
0 0.5333333333333333 0.11284403669724771 0.019444444444444445 0.045871559633027525
0 0.7201388888888889 0.0834862385321101 0.02361111111111111 0.05688073394495413
0 0.7263888888888889 0.03486238532110092 0.025 0.05137614678899083
