0 0.08403 0.31651 0.0375 0.04954
0 0.01389 0.4 0.02778 0.0367
0 0.04861 0.38899 0.03056 0.04404
0 0.025 0.37248 0.03611 0.05138
0 0.06458 0.37523 0.03472 0.0422
0 0.07222 0.42569 0.02778 0.04037
0 0.09931 0.41743 0.02639 0.04587
0 0.24028 0.38349 0.03056 0.0367
0 0.225 0.36606 0.02222 0.04954
0 0.39931 0.34495 0.03194 0.04771
0 0.42014 0.3578 0.02361 0.04037
0 0.34514 0.41009 0.02639 0.0422
0 0.29583 0.46055 0.03333 0.04404
0 0.1375 0.76789 0.04167 0.0422
0 0.11875 0.78991 0.0375 0.03853
0 0.31875 0.8 0.03194 0.04404
0 0.32292 0.71284 0.02639 0.0422
0 0.25278 0.95872 0.03333 0.03119
0 0.54722 0.40826 0.025 0.03486
0 0.94653 0.42202 0.01806 0.04404
0 0.97639 0.42936 0.01389 0.04037
0 0.96528 0.41101 0.01667 0.04037
0 0.99167 0.51101 0.01667 0.03486
