0 0.3173611111111111 0.10990338164251208 0.02638888888888889 0.036231884057971016
0 0.6034722222222222 0.35144927536231885 0.020833333333333332 0.03140096618357488
0 0.5618055555555556 0.3055555555555556 0.02638888888888889 0.021739130434782608
0 0.24027777777777778 0.7814009661835749 0.030555555555555555 0.036231884057971016
0 0.22083333333333333 0.7632850241545893 0.030555555555555555 0.05314009661835749
0 0.19583333333333333 0.6594202898550725 0.03888888888888889 0.033816425120772944
0 0.10277777777777777 0.7475845410628019 0.05277777777777778 0.04589371980676329
0 0.09722222222222222 0.8804347826086957 0.04722222222222222 0.03140096618357488
0 0.06875 0.8683574879227053 0.029166666666666667 0.04589371980676329
0 0.11319444444444444 0.5652173913043478 0.034722222222222224 0.033816425120772944
