0 0.6236111111111111 0.02018348623853211 0.019444444444444445 0.04036697247706422
0 0.5958333333333333 0.05137614678899083 0.013888888888888888 0.047706422018348627
0 0.5597222222222222 0.1798165137614679 0.019444444444444445 0.05871559633027523
0 0.65625 0.18256880733944955 0.018055555555555554 0.045871559633027525
0 0.7256944444444444 0.3568807339449541 0.015277777777777777 0.04954128440366973
0 0.7416666666666667 0.3623853211009174 0.016666666666666666 0.05688073394495413
0 0.8909722222222223 0.5348623853211009 0.018055555555555554 0.04954128440366973
0 0.8569444444444444 0.6201834862385321 0.016666666666666666 0.03302752293577982
0 0.7173611111111111 0.6981651376146789 0.015277777777777777 0.03853211009174312
0 0.7111111111111111 0.6834862385321101 0.011111111111111112 0.02018348623853211
0 0.7902777777777777 0.9064220183486239 0.016666666666666666 0.03302752293577982
0 0.9597222222222223 0.3834862385321101 0.011111111111111112 0.044036697247706424
0 0.9652777777777778 0.3559633027522936 0.008333333333333333 0.044036697247706424
0 0.9881944444444445 0.8908256880733945 0.020833333333333332 0.03853211009174312
