0 0.6583333333333333 0.9036697247706422 0.022222222222222223 0.04954128440366973
0 0.4548611111111111 0.7871559633027523 0.018055555555555554 0.044036697247706424
0 0.5111111111111111 0.8146788990825689 0.025 0.04036697247706422
0 0.7694444444444445 0.9935779816513761 0.022222222222222223 0.03486238532110092
0 0.09652777777777778 0.5770642201834862 0.02361111111111111 0.04220183486238532
0 0.0875 0.5834862385321101 0.022222222222222223 0.04036697247706422
0 0.07847222222222222 0.5862385321100917 0.02361111111111111 0.045871559633027525
0 0.03888888888888889 0.5697247706422018 0.03611111111111111 0.045871559633027525
0 0.02361111111111111 0.5706422018348624 0.025 0.03669724770642202
0 0.1951388888888889 0.9522935779816514 0.015277777777777777 0.05871559633027523
