0 0.3236111111111111 0.6304347826086957 0.013888888888888888 0.043478260869565216
0 0.07569444444444444 0.717391304347826 0.02638888888888889 0.057971014492753624
0 0.06458333333333334 0.6328502415458938 0.02361111111111111 0.043478260869565216
0 0.3138888888888889 0.4975845410628019 0.025 0.06280193236714976
0 0.34444444444444444 0.1751207729468599 0.013888888888888888 0.05555555555555555
0 0.3388888888888889 0.1280193236714976 0.016666666666666666 0.05314009661835749
0 0.3104166666666667 0.13043478260869565 0.0125 0.05314009661835749
0 0.27847222222222223 0.12198067632850242 0.015277777777777777 0.05555555555555555
0 0.28888888888888886 0.11594202898550725 0.011111111111111112 0.04830917874396135
0 0.30069444444444443 0.11231884057971014 0.0125 0.05555555555555555
0 0.11736111111111111 0.5144927536231884 0.02361111111111111 0.043478260869565216
0 0.10902777777777778 0.4927536231884058 0.0375 0.033816425120772944
0 0.03611111111111111 0.28381642512077293 0.016666666666666666 0.036231884057971016
