0 0.23125 0.45893719806763283 0.02361111111111111 0.04830917874396135
0 0.33611111111111114 0.7367149758454107 0.022222222222222223 0.043478260869565216
0 0.37569444444444444 0.7669082125603864 0.03194444444444444 0.04589371980676329
0 0.37222222222222223 0.8067632850241546 0.027777777777777776 0.043478260869565216
0 0.3 0.7765700483091788 0.013888888888888888 0.04589371980676329
0 0.28541666666666665 0.7789855072463768 0.015277777777777777 0.04106280193236715
0 0.3298611111111111 0.788647342995169 0.015277777777777777 0.036231884057971016
0 0.2763888888888889 0.8200483091787439 0.019444444444444445 0.036231884057971016
0 0.29791666666666666 0.8309178743961353 0.018055555555555554 0.03864734299516908
0 0.39305555555555555 0.893719806763285 0.019444444444444445 0.033816425120772944
0 0.3145833333333333 0.7801932367149759 0.015277777777777777 0.033816425120772944
0 0.3263888888888889 0.8538647342995169 0.022222222222222223 0.036231884057971016
0 0.34652777777777777 0.8743961352657005 0.02361111111111111 0.033816425120772944
0 0.36736111111111114 0.856280193236715 0.018055555555555554 0.036231884057971016
0 0.375 0.8876811594202898 0.019444444444444445 0.036231884057971016
0 0.5819444444444445 0.6147342995169082 0.03611111111111111 0.04589371980676329
0 0.7243055555555555 0.3055555555555556 0.02361111111111111 0.04589371980676329
0 0.73125 0.40096618357487923 0.029166666666666667 0.043478260869565216
0 0.7555555555555555 0.42632850241545894 0.025 0.05555555555555555
0 0.8777777777777778 0.7198067632850241 0.03888888888888889 0.05314009661835749
0 0.8819444444444444 0.7789855072463768 0.03333333333333333 0.04106280193236715
0 0.7604166666666666 0.4190821256038647 0.0125 0.026570048309178744
0 0.7305555555555555 0.3055555555555556 0.011111111111111112 0.026570048309178744
