0 0.3854166666666667 0.0640096618357488 0.018055555555555554 0.050724637681159424
0 0.5902777777777778 0.3115942028985507 0.013888888888888888 0.05314009661835749
0 0.4979166666666667 0.19806763285024154 0.015277777777777777 0.057971014492753624
0 0.4701388888888889 0.4927536231884058 0.018055555555555554 0.04830917874396135
0 0.41875 0.6159420289855072 0.02361111111111111 0.057971014492753624
0 0.36180555555555555 0.6606280193236715 0.02361111111111111 0.06038647342995169
0 0.38680555555555557 0.6654589371980676 0.02361111111111111 0.06521739130434782
0 0.6875 0.13405797101449277 0.013888888888888888 0.050724637681159424
0 0.6909722222222222 0.19685990338164253 0.0125 0.05555555555555555
0 0.7486111111111111 0.025362318840579712 0.013888888888888888 0.050724637681159424
0 0.6680555555555555 0.13647342995169082 0.011111111111111112 0.050724637681159424
0 0.6659722222222222 0.19685990338164253 0.015277777777777777 0.04589371980676329
0 0.3298611111111111 0.535024154589372 0.02361111111111111 0.050724637681159424
0 0.42430555555555555 0.7475845410628019 0.020833333333333332 0.05555555555555555
0 0.39861111111111114 0.6461352657004831 0.016666666666666666 0.04589371980676329
0 0.33958333333333335 0.5120772946859904 0.02638888888888889 0.057971014492753624
0 0.5076388888888889 0.5169082125603864 0.018055555555555554 0.05314009661835749
0 0.6111111111111112 0.4166666666666667 0.019444444444444445 0.04589371980676329
0 0.37430555555555556 0.057971014492753624 0.015277777777777777 0.05314009661835749
0 0.6604166666666667 0.17028985507246377 0.009722222222222222 0.04106280193236715
