0 0.9451388888888889 0.5169082125603864 0.0125 0.06763285024154589
0 0.95 0.6739130434782609 0.016666666666666666 0.07246376811594203
0 0.8625 0.6763285024154589 0.016666666666666666 0.06280193236714976
0 0.8381944444444445 0.7077294685990339 0.0125 0.06280193236714976
0 0.8326388888888889 0.6884057971014492 0.015277777777777777 0.06280193236714976
0 0.5784722222222223 0.8297101449275363 0.0125 0.07004830917874397
0 0.5930555555555556 0.8285024154589372 0.016666666666666666 0.07246376811594203
0 0.19444444444444445 0.09057971014492754 0.011111111111111112 0.04106280193236715
0 0.2513888888888889 0.2041062801932367 0.011111111111111112 0.04106280193236715
0 0.31319444444444444 0.35628019323671495 0.009722222222222222 0.036231884057971016
