0 0.7097222222222223 0.9939613526570048 0.019444444444444445 0.07004830917874397
0 0.6916666666666667 0.9903381642512077 0.019444444444444445 0.03864734299516908
0 0.7618055555555555 0.7983091787439613 0.015277777777777777 0.04589371980676329
0 0.4798611111111111 0.4468599033816425 0.020833333333333332 0.06763285024154589
0 0.6826388888888889 0.6231884057971014 0.02361111111111111 0.043478260869565216
0 0.66875 0.6509661835748792 0.029166666666666667 0.04106280193236715
0 0.7423611111111111 0.44565217391304346 0.0125 0.06521739130434782
0 0.7645833333333333 0.4311594202898551 0.018055555555555554 0.06521739130434782
0 0.9840277777777777 0.27657004830917875 0.0125 0.06521739130434782
0 0.8215277777777777 0.3103864734299517 0.015277777777777777 0.07004830917874397
0 0.8090277777777778 0.3176328502415459 0.009722222222222222 0.050724637681159424
0 0.7951388888888888 0.30434782608695654 0.009722222222222222 0.033816425120772944
0 0.8048611111111111 0.3007246376811594 0.015277777777777777 0.021739130434782608
0 0.8868055555555555 0.28019323671497587 0.0125 0.04830917874396135
0 0.9680555555555556 0.28019323671497587 0.011111111111111112 0.043478260869565216
0 0.9416666666666667 0.21618357487922704 0.013888888888888888 0.04589371980676329
0 0.9493055555555555 0.2210144927536232 0.009722222222222222 0.04589371980676329
0 0.9527777777777777 0.14492753623188406 0.008333333333333333 0.03864734299516908
0 0.9597222222222223 0.09782608695652174 0.013888888888888888 0.05555555555555555
0 0.9909722222222223 0.1111111111111111 0.0125 0.05314009661835749
0 0.98125 0.0966183574879227 0.0125 0.06280193236714976
0 0.03194444444444444 0.711352657004831 0.03888888888888889 0.07971014492753623
