0 0.75 0.79908 0.03333 0.0789
0 0.70347 0.71468 0.02639 0.07523
0 0.68889 0.61927 0.02222 0.07523
0 0.37986 0.44771 0.02639 0.07339
0 0.44167 0.44037 0.025 0.06239
0 0.50417 0.26606 0.025 0.05872
0 0.27708 0.03303 0.01528 0.0367
0 0.14236 0.03303 0.02083 0.04037
0 0.10903 0.01651 0.0125 0.03303
0 0.12986 0.0156 0.0125 0.03119
0 0.24722 0.1422 0.01944 0.0422
0 0.22083 0.13853 0.01944 0.04587
0 0.22083 0.14587 0.01667 0.03853
0 0.26944 0.21835 0.01667 0.04771
0 0.25972 0.20642 0.01389 0.04954
0 0.24861 0.18624 0.01389 0.0422
0 0.24306 0.22202 0.01111 0.03303
0 0.27222 0.25138 0.01667 0.03303
0 0.28056 0.2789 0.01944 0.02936
