0 0.49444444444444446 0.10366972477064221 0.011111111111111112 0.03853211009174312
0 0.21180555555555555 0.6486238532110091 0.02361111111111111 0.04220183486238532
0 0.175 0.7853211009174312 0.025 0.044036697247706424
0 0.3597222222222222 0.8211009174311926 0.022222222222222223 0.04220183486238532
0 0.5326388888888889 0.6119266055045871 0.015277777777777777 0.02018348623853211
0 0.2569444444444444 0.5119266055045871 0.016666666666666666 0.03302752293577982
0 0.34791666666666665 0.6174311926605505 0.018055555555555554 0.023853211009174313
0 0.3423611111111111 0.9 0.018055555555555554 0.023853211009174313
0 0.2965277777777778 0.5036697247706422 0.020833333333333332 0.027522935779816515
0 0.2861111111111111 0.5605504587155963 0.013888888888888888 0.023853211009174313
0 0.27152777777777776 0.4917431192660551 0.018055555555555554 0.022018348623853212
