0 0.7791666666666667 0.6666666666666666 0.013888888888888888 0.04830917874396135
0 0.7979166666666667 0.6811594202898551 0.015277777777777777 0.057971014492753624
0 0.7423611111111111 0.49516908212560384 0.0125 0.04830917874396135
0 0.6916666666666667 0.43478260869565216 0.013888888888888888 0.057971014492753624
0 0.8138888888888889 0.4057971014492754 0.013888888888888888 0.06280193236714976
0 0.8152777777777778 0.3502415458937198 0.011111111111111112 0.043478260869565216
0 0.7979166666666667 0.37681159420289856 0.0125 0.04830917874396135
0 0.7465277777777778 0.10144927536231885 0.006944444444444444 0.04830917874396135
0 0.7194444444444444 0.10144927536231885 0.008333333333333333 0.04830917874396135
0 0.7333333333333333 0.11594202898550725 0.011111111111111112 0.04830917874396135
0 0.6555555555555556 0.03140096618357488 0.013888888888888888 0.04830917874396135
