0 0.06597222222222222 0.9091743119266055 0.020833333333333332 0.031192660550458717
0 0.06041666666666667 0.8743119266055046 0.020833333333333332 0.03486238532110092
0 0.03194444444444444 0.8807339449541285 0.027777777777777776 0.029357798165137616
0 0.0375 0.9247706422018349 0.022222222222222223 0.025688073394495414
0 0.07708333333333334 0.828440366972477 0.02361111111111111 0.03853211009174312
0 0.11458333333333333 0.8495412844036697 0.020833333333333332 0.03669724770642202
0 0.011805555555555555 0.8174311926605504 0.02361111111111111 0.03853211009174312
0 0.05416666666666667 0.7944954128440367 0.022222222222222223 0.029357798165137616
0 0.030555555555555555 0.7559633027522936 0.019444444444444445 0.025688073394495414
0 0.06805555555555555 0.7807339449541284 0.013888888888888888 0.04220183486238532
