0 0.44583333333333336 0.17149758454106281 0.008333333333333333 0.01932367149758454
0 0.45625 0.15942028985507245 0.006944444444444444 0.01932367149758454
0 0.4638888888888889 0.16545893719806765 0.005555555555555556 0.021739130434782608
0 0.41805555555555557 0.2524154589371981 0.008333333333333333 0.016908212560386472
0 0.5145833333333333 0.33454106280193235 0.009722222222222222 0.021739130434782608
0 0.5861111111111111 0.24516908212560387 0.005555555555555556 0.021739130434782608
0 0.5875 0.2210144927536232 0.008333333333333333 0.012077294685990338
0 0.5923611111111111 0.20772946859903382 0.006944444444444444 0.024154589371980676
0 0.5486111111111112 0.2572463768115942 0.013888888888888888 0.026570048309178744
0 0.5173611111111112 0.3417874396135266 0.009722222222222222 0.021739130434782608
0 0.38472222222222224 0.41304347826086957 0.011111111111111112 0.028985507246376812
0 0.39375 0.42028985507246375 0.0125 0.024154589371980676
0 0.4652777777777778 0.4227053140096618 0.011111111111111112 0.043478260869565216
0 0.19930555555555557 0.571256038647343 0.02361111111111111 0.04589371980676329
0 0.19236111111111112 0.5942028985507246 0.015277777777777777 0.043478260869565216
0 0.04236111111111111 0.6256038647342995 0.020833333333333332 0.043478260869565216
0 0.7284722222222222 0.6859903381642513 0.0125 0.05314009661835749
