0 0.1840277777777778 0.3091743119266055 0.004166666666666667 0.009174311926605505
0 0.1909722222222222 0.336697247706422 0.004166666666666667 0.009174311926605505
0 0.1840277777777778 0.3431192660550459 0.006944444444444444 0.011009174311926606
0 0.14583333333333334 0.21192660550458717 0.005555555555555556 0.009174311926605505
0 0.16805555555555557 0.8073394495412844 0.008333333333333333 0.014678899082568808
0 0.16597222222222222 0.7495412844036697 0.006944444444444444 0.012844036697247707
0 0.2791666666666667 0.7330275229357798 0.008333333333333333 0.01651376146788991
0 0.2673611111111111 0.7091743119266055 0.006944444444444444 0.01651376146788991
0 0.27708333333333335 0.7128440366972477 0.006944444444444444 0.012844036697247707
0 0.2902777777777778 0.728440366972477 0.011111111111111112 0.01834862385321101
0 0.27291666666666664 0.6587155963302752 0.009722222222222222 0.01834862385321101
0 0.2986111111111111 0.6394495412844037 0.005555555555555556 0.012844036697247707
0 0.2861111111111111 0.6605504587155964 0.005555555555555556 0.014678899082568808
0 0.09722222222222222 0.4954128440366973 0.005555555555555556 0.011009174311926606
0 0.21944444444444444 0.4935779816513762 0.005555555555555556 0.014678899082568808
0 0.22847222222222222 0.4926605504587156 0.004166666666666667 0.009174311926605505
0 0.225 0.4935779816513762 0.005555555555555556 0.011009174311926606
0 0.34652777777777777 0.9128440366972477 0.009722222222222222 0.01651376146788991
