0 0.05138888888888889 0.9036697247706422 0.016666666666666666 0.012844036697247707
0 0.05416666666666667 0.9201834862385321 0.011111111111111112 0.02018348623853211
0 0.12291666666666666 0.9302752293577982 0.0125 0.03302752293577982
0 0.08194444444444444 0.9073394495412844 0.016666666666666666 0.031192660550458717
0 0.10208333333333333 0.9091743119266055 0.015277777777777777 0.023853211009174313
0 0.10486111111111111 0.9073394495412844 0.018055555555555554 0.012844036697247707
0 0.05347222222222222 0.28807339449541286 0.020833333333333332 0.022018348623853212
0 0.06041666666666667 0.18256880733944955 0.018055555555555554 0.03486238532110092
0 0.11944444444444445 0.24770642201834864 0.027777777777777776 0.022018348623853212
0 0.13958333333333334 0.2798165137614679 0.018055555555555554 0.023853211009174313
0 0.16111111111111112 0.3577981651376147 0.013888888888888888 0.025688073394495414
0 0.2388888888888889 0.41834862385321103 0.022222222222222223 0.029357798165137616
0 0.16944444444444445 0.20550458715596331 0.019444444444444445 0.029357798165137616
0 0.14722222222222223 0.01926605504587156 0.022222222222222223 0.031192660550458717
0 0.20625 0.05963302752293578 0.018055555555555554 0.03853211009174312
0 0.015277777777777777 0.044954128440366975 0.016666666666666666 0.023853211009174313
0 0.5513888888888889 0.18990825688073396 0.025 0.03486238532110092
0 0.5888888888888889 0.1651376146788991 0.03611111111111111 0.04036697247706422
0 0.7034722222222223 0.19174311926605506 0.0375 0.03486238532110092
0 0.3020833333333333 0.3522935779816514 0.018055555555555554 0.029357798165137616
