0 0.13125 0.78532 0.03472 0.10642
0 0.11319 0.73578 0.02917 0.10642
0 0.11458 0.69083 0.03194 0.08624
0 0.06806 0.61651 0.03333 0.08807
0 0.08819 0.52477 0.02361 0.0844
0 0.12778 0.55321 0.02778 0.0789
0 0.18194 0.51468 0.03056 0.08257
0 0.23264 0.53486 0.02361 0.08624
0 0.18681 0.58349 0.03194 0.0844
0 0.35972 0.63761 0.02778 0.08991
0 0.05139 0.47339 0.02222 0.06972
0 0.13194 0.4633 0.01944 0.08624
0 0.22361 0.44862 0.01944 0.06789
0 0.37083 0.55596 0.01944 0.07339
0 0.38958 0.72477 0.02361 0.08807
