0 0.94514 0.63761 0.01528 0.06422
0 0.92569 0.62569 0.02083 0.06239
0 0.93333 0.58624 0.01667 0.06789
0 0.84931 0.60183 0.02361 0.06972
0 0.82708 0.60367 0.02083 0.04771
0 0.72222 0.60826 0.01944 0.06789
0 0.74097 0.61101 0.02639 0.06239
0 0.83611 0.52385 0.02222 0.06055
0 0.5 0.63853 0.025 0.06972
0 0.62917 0.54862 0.025 0.06239
0 0.63889 0.54495 0.02222 0.05872
0 0.47014 0.58532 0.02917 0.06972
0 0.40694 0.57064 0.01944 0.05872
0 0.42847 0.56422 0.03194 0.06789
0 0.45347 0.56789 0.02083 0.06055
0 0.48125 0.56789 0.02083 0.05688
0 0.47778 0.5633 0.01389 0.06239
0 0.9 0.45505 0.01667 0.06606
0 0.85833 0.44862 0.01667 0.06422
0 0.94444 0.46147 0.01667 0.05688
0 0.93472 0.4422 0.01111 0.05505
0 0.81944 0.44404 0.01389 0.05505
0 0.52361 0.65596 0.02222 0.06055
0 0.52917 0.65046 0.025 0.06422
0 0.57708 0.67248 0.02361 0.05688
0 0.59444 0.66697 0.02778 0.06055
0 0.59306 0.6211 0.025 0.06055
0 0.56528 0.61101 0.02222 0.06972
0 0.67778 0.5156 0.02222 0.04037
0 0.80069 0.55229 0.02917 0.04404
0 0.79722 0.58349 0.02222 0.04771
