0 0.09513888888888888 0.3761467889908257 0.02361111111111111 0.04036697247706422
0 0.33402777777777776 0.3926605504587156 0.0375 0.03669724770642202
0 0.5965277777777778 0.42385321100917434 0.0375 0.03302752293577982
0 0.7048611111111112 0.7376146788990826 0.043055555555555555 0.03669724770642202
0 0.7472222222222222 0.8137614678899082 0.04722222222222222 0.060550458715596334
0 0.6201388888888889 0.8064220183486238 0.034722222222222224 0.045871559633027525
0 0.5159722222222223 0.9247706422018349 0.04027777777777778 0.047706422018348627
0 0.5861111111111111 0.9174311926605505 0.03888888888888889 0.047706422018348627
0 0.7006944444444444 0.8660550458715597 0.043055555555555555 0.05137614678899083
0 0.7347222222222223 0.8743119266055046 0.04722222222222222 0.03853211009174312
0 0.5013888888888889 0.5743119266055046 0.030555555555555555 0.03669724770642202
0 0.45208333333333334 0.6211009174311927 0.03194444444444444 0.03853211009174312
0 0.4576388888888889 0.6431192660550459 0.0125 0.031192660550458717
0 0.47638888888888886 0.6073394495412844 0.03611111111111111 0.044036697247706424
