0 0.15694444444444444 0.17028985507246377 0.008333333333333333 0.012077294685990338
0 0.5694444444444444 0.7379227053140096 0.008333333333333333 0.021739130434782608
0 0.8013888888888889 0.4915458937198068 0.005555555555555556 0.021739130434782608
0 0.7902777777777777 0.48792270531400966 0.005555555555555556 0.028985507246376812
0 0.8465277777777778 0.4782608695652174 0.004166666666666667 0.024154589371980676
0 0.7909722222222222 0.46497584541062803 0.004166666666666667 0.016908212560386472
0 0.6777777777777778 0.48188405797101447 0.005555555555555556 0.021739130434782608
0 0.5090277777777777 0.3309178743961353 0.006944444444444444 0.024154589371980676
0 0.5055555555555555 0.3502415458937198 0.005555555555555556 0.028985507246376812
0 0.5152777777777777 0.40700483091787437 0.005555555555555556 0.016908212560386472
0 0.5229166666666667 0.28502415458937197 0.006944444444444444 0.024154589371980676
0 0.5319444444444444 0.1932367149758454 0.008333333333333333 0.024154589371980676
0 0.6347222222222222 0.11956521739130435 0.005555555555555556 0.016908212560386472
0 0.6270833333333333 0.11714975845410629 0.004166666666666667 0.016908212560386472
0 0.9055555555555556 0.06038647342995169 0.005555555555555556 0.01932367149758454
0 0.9159722222222222 0.059178743961352656 0.004166666666666667 0.021739130434782608
0 0.8979166666666667 0.09420289855072464 0.004166666666666667 0.014492753623188406
0 0.8923611111111112 0.09782608695652174 0.004166666666666667 0.012077294685990338
0 0.9513888888888888 0.016908212560386472 0.005555555555555556 0.014492753623188406
0 0.9944444444444445 0.29106280193236717 0.005555555555555556 0.016908212560386472
0 0.9888888888888889 0.36835748792270534 0.005555555555555556 0.016908212560386472
0 0.9166666666666666 0.42028985507246375 0.005555555555555556 0.01932367149758454
0 0.8555555555555555 0.42995169082125606 0.005555555555555556 0.01932367149758454
0 0.8756944444444444 0.7910628019323671 0.006944444444444444 0.016908212560386472
