0 0.9819444444444444 0.05555555555555555 0.008333333333333333 0.01932367149758454
0 0.6888888888888889 0.036231884057971016 0.008333333333333333 0.028985507246376812
0 0.7013888888888888 0.05555555555555555 0.005555555555555556 0.028985507246376812
0 0.71875 0.07125603864734299 0.009722222222222222 0.026570048309178744
0 0.7215277777777778 0.11714975845410629 0.006944444444444444 0.016908212560386472
0 0.7111111111111111 0.11714975845410629 0.008333333333333333 0.026570048309178744
0 0.2361111111111111 0.5736714975845411 0.013888888888888888 0.026570048309178744
0 0.2520833333333333 0.5917874396135265 0.0125 0.01932367149758454
0 0.23472222222222222 0.6219806763285024 0.013888888888888888 0.016908212560386472
0 0.2326388888888889 0.6038647342995169 0.0125 0.014492753623188406
0 0.2423611111111111 0.6497584541062802 0.0125 0.01932367149758454
0 0.38472222222222224 0.5809178743961353 0.022222222222222223 0.016908212560386472
0 0.049305555555555554 0.7608695652173914 0.015277777777777777 0.01932367149758454
