0 0.8319444444444445 0.644927536231884 0.011111111111111112 0.03864734299516908
0 0.7965277777777777 0.8321256038647343 0.009722222222222222 0.04589371980676329
0 0.8083333333333333 0.8297101449275363 0.011111111111111112 0.04106280193236715
0 0.6791666666666667 0.47342995169082125 0.008333333333333333 0.03864734299516908
0 0.6506944444444445 0.37922705314009664 0.0125 0.033816425120772944
0 0.9756944444444444 0.3140096618357488 0.006944444444444444 0.033816425120772944
0 0.8965277777777778 0.28019323671497587 0.009722222222222222 0.028985507246376812
0 0.7305555555555555 0.9782608695652174 0.011111111111111112 0.04830917874396135
0 0.7402777777777778 0.9770531400966184 0.013888888888888888 0.04106280193236715
0 0.21597222222222223 0.9239130434782609 0.015277777777777777 0.04589371980676329
