0 0.65833 0.89493 0.01389 0.03623
0 0.66944 0.90821 0.01944 0.05797
0 0.69722 0.9843 0.01944 0.02657
0 0.68333 0.86353 0.01667 0.01691
0 0.74097 0.94928 0.02361 0.04348
0 0.75278 0.97101 0.01944 0.04348
0 0.76319 0.86473 0.02083 0.04831
0 0.79653 0.76932 0.00694 0.0314
0 0.70972 0.79106 0.01944 0.05556
0 0.74028 0.81763 0.02222 0.04106
0 0.79792 0.75 0.01806 0.05072
0 0.675 0.72464 0.02222 0.0628
0 0.73403 0.52053 0.01806 0.05072
0 0.73542 0.48671 0.01806 0.05556
0 0.80347 0.29106 0.01528 0.05072
0 0.88889 0.30314 0.01667 0.04589
0 0.91389 0.18357 0.01389 0.04348
0 0.80694 0.23188 0.01667 0.05314
0 0.79792 0.06522 0.02083 0.04831
0 0.84583 0.10386 0.01667 0.05314
0 0.93681 0.04469 0.01806 0.05072
