0 0.19305555555555556 0.8140096618357487 0.016666666666666666 0.033816425120772944
0 0.15416666666666667 0.5700483091787439 0.008333333333333333 0.028985507246376812
0 0.15347222222222223 0.5567632850241546 0.009722222222222222 0.026570048309178744
0 0.20972222222222223 0.5169082125603864 0.016666666666666666 0.033816425120772944
0 0.22083333333333333 0.5193236714975845 0.013888888888888888 0.03864734299516908
0 0.21736111111111112 0.5579710144927537 0.015277777777777777 0.033816425120772944
0 0.2611111111111111 0.4504830917874396 0.013888888888888888 0.036231884057971016
0 0.3215277777777778 0.44806763285024154 0.018055555555555554 0.03140096618357488
0 0.35625 0.5072463768115942 0.018055555555555554 0.043478260869565216
0 0.33194444444444443 0.5966183574879227 0.013888888888888888 0.03864734299516908
0 0.40694444444444444 0.7065217391304348 0.016666666666666666 0.036231884057971016
0 0.38472222222222224 0.18115942028985507 0.013888888888888888 0.028985507246376812
