0 0.08819444444444445 0.7880733944954128 0.006944444444444444 0.027522935779816515
0 0.2 0.7605504587155963 0.008333333333333333 0.023853211009174313
0 0.13541666666666666 0.7688073394495413 0.006944444444444444 0.025688073394495414
0 0.1326388888888889 0.771559633027523 0.006944444444444444 0.023853211009174313
0 0.15347222222222223 0.7798165137614679 0.0125 0.025688073394495414
0 0.18055555555555555 0.8055045871559633 0.013888888888888888 0.029357798165137616
0 0.16805555555555557 0.8477064220183487 0.011111111111111112 0.03669724770642202
0 0.20625 0.7807339449541284 0.009722222222222222 0.031192660550458717
0 0.1951388888888889 0.7825688073394496 0.006944444444444444 0.027522935779816515
0 0.17708333333333334 0.7807339449541284 0.0125 0.02018348623853211
0 0.1875 0.7752293577981652 0.008333333333333333 0.023853211009174313
0 0.18263888888888888 0.7513761467889908 0.006944444444444444 0.027522935779816515
0 0.15347222222222223 0.7376146788990826 0.009722222222222222 0.025688073394495414
0 0.1451388888888889 0.7513761467889908 0.0125 0.027522935779816515
0 0.06944444444444445 0.7348623853211009 0.005555555555555556 0.027522935779816515
0 0.030555555555555555 0.7330275229357798 0.013888888888888888 0.031192660550458717
0 0.0125 0.7678899082568807 0.013888888888888888 0.023853211009174313
0 0.0875 0.8036697247706422 0.005555555555555556 0.025688073394495414
