0 0.034722222222222224 0.3137614678899083 0.019444444444444445 0.062385321100917435
0 0.018055555555555554 0.3522935779816514 0.016666666666666666 0.07339449541284404
0 0.05277777777777778 0.3201834862385321 0.016666666666666666 0.06788990825688074
0 0.1076388888888889 0.18990825688073396 0.009722222222222222 0.05688073394495413
0 0.12430555555555556 0.181651376146789 0.020833333333333332 0.05137614678899083
0 0.14652777777777778 0.18807339449541285 0.009722222222222222 0.045871559633027525
0 0.12083333333333333 0.1669724770642202 0.013888888888888888 0.04036697247706422
0 0.14305555555555555 0.1651376146788991 0.008333333333333333 0.044036697247706424
0 0.018055555555555554 0.12844036697247707 0.011111111111111112 0.025688073394495414
0 0.05486111111111111 0.1559633027522936 0.0125 0.03669724770642202
0 0.1625 0.027522935779816515 0.011111111111111112 0.04036697247706422
0 0.05694444444444444 0.0871559633027523 0.016666666666666666 0.03853211009174312
0 0.6993055555555555 0.1834862385321101 0.018055555555555554 0.05504587155963303
0 0.6916666666666667 0.17155963302752295 0.013888888888888888 0.060550458715596334
