0 0.22013888888888888 0.4 0.034722222222222224 0.05871559633027523
0 0.18680555555555556 0.40458715596330275 0.029166666666666667 0.060550458715596334
0 0.25277777777777777 0.38807339449541284 0.016666666666666666 0.04220183486238532
0 0.2569444444444444 0.7064220183486238 0.025 0.05137614678899083
0 0.6833333333333333 0.38073394495412843 0.022222222222222223 0.03486238532110092
0 0.6611111111111111 0.42110091743119266 0.025 0.045871559633027525
0 0.6784722222222223 0.46972477064220186 0.02638888888888889 0.05871559633027523
0 0.7868055555555555 0.3541284403669725 0.020833333333333332 0.06605504587155964
0 0.7277777777777777 0.44403669724770645 0.022222222222222223 0.062385321100917435
0 0.7763888888888889 0.45871559633027525 0.019444444444444445 0.06972477064220184
0 0.7548611111111111 0.43669724770642204 0.018055555555555554 0.05871559633027523
0 0.7861111111111111 0.42293577981651376 0.019444444444444445 0.06788990825688074
0 0.8027777777777778 0.41559633027522935 0.016666666666666666 0.060550458715596334
0 0.7416666666666667 0.41100917431192663 0.019444444444444445 0.06605504587155964
