0 0.7645833333333333 0.5522935779816514 0.009722222222222222 0.025688073394495414
0 0.6715277777777777 0.42293577981651376 0.009722222222222222 0.031192660550458717
0 0.7881944444444444 0.4798165137614679 0.006944444444444444 0.023853211009174313
0 0.7618055555555555 0.9394495412844037 0.0125 0.022018348623853212
0 0.61875 0.9431192660550459 0.0125 0.025688073394495414
0 0.4756944444444444 0.8889908256880734 0.015277777777777777 0.023853211009174313
0 0.6173611111111111 0.25871559633027524 0.0125 0.029357798165137616
0 0.29097222222222224 0.04862385321100918 0.009722222222222222 0.02018348623853211
0 0.11597222222222223 0.381651376146789 0.018055555555555554 0.029357798165137616
0 0.18819444444444444 0.5623853211009174 0.0125 0.027522935779816515
0 0.24722222222222223 0.46605504587155966 0.013888888888888888 0.022018348623853212
0 0.85 0.6990825688073394 0.008333333333333333 0.029357798165137616
