0 0.20694444444444443 0.24396135265700483 0.005555555555555556 0.024154589371980676
0 0.10069444444444445 0.391304347826087 0.006944444444444444 0.01932367149758454
0 0.10138888888888889 0.41183574879227053 0.008333333333333333 0.021739130434782608
0 0.21041666666666667 0.5132850241545893 0.006944444444444444 0.021739130434782608
0 0.21736111111111112 0.6231884057971014 0.004166666666666667 0.014492753623188406
0 0.18263888888888888 0.7958937198067633 0.009722222222222222 0.012077294685990338
0 0.05763888888888889 0.8852657004830918 0.006944444444444444 0.012077294685990338
0 0.26458333333333334 0.2113526570048309 0.006944444444444444 0.016908212560386472
0 0.29444444444444445 0.2922705314009662 0.008333333333333333 0.01932367149758454
0 0.33055555555555555 0.1280193236714976 0.005555555555555556 0.01932367149758454
0 0.3402777777777778 0.12198067632850242 0.008333333333333333 0.021739130434782608
0 0.40625 0.0785024154589372 0.006944444444444444 0.016908212560386472
0 0.4201388888888889 0.09782608695652174 0.004166666666666667 0.016908212560386472
0 0.42986111111111114 0.0966183574879227 0.006944444444444444 0.01932367149758454
0 0.4263888888888889 0.07367149758454106 0.005555555555555556 0.016908212560386472
0 0.41805555555555557 0.07608695652173914 0.005555555555555556 0.016908212560386472
0 0.4340277777777778 0.0748792270531401 0.004166666666666667 0.014492753623188406
0 0.4395833333333333 0.008454106280193236 0.004166666666666667 0.012077294685990338
0 0.4465277777777778 0.007246376811594203 0.004166666666666667 0.014492753623188406
0 0.4548611111111111 0.008454106280193236 0.006944444444444444 0.016908212560386472
0 0.45208333333333334 0.31521739130434784 0.009722222222222222 0.026570048309178744
0 0.32013888888888886 0.5193236714975845 0.006944444444444444 0.024154589371980676
0 0.26319444444444445 0.4722222222222222 0.004166666666666667 0.016908212560386472
0 0.25555555555555554 0.4528985507246377 0.008333333333333333 0.012077294685990338
0 0.25555555555555554 0.46980676328502413 0.005555555555555556 0.012077294685990338
0 0.29791666666666666 0.14371980676328502 0.006944444444444444 0.016908212560386472
0 0.2590277777777778 0.20048309178743962 0.004166666666666667 0.028985507246376812
0 0.4131944444444444 0.44082125603864736 0.006944444444444444 0.021739130434782608
0 0.37569444444444444 0.6183574879227053 0.004166666666666667 0.014492753623188406
0 0.36736111111111114 0.6207729468599034 0.006944444444444444 0.014492753623188406
0 0.3104166666666667 0.5881642512077294 0.009722222222222222 0.016908212560386472
0 0.3 0.5869565217391305 0.005555555555555556 0.014492753623188406
0 0.24722222222222223 0.5772946859903382 0.005555555555555556 0.01932367149758454
0 0.23680555555555555 0.5797101449275363 0.006944444444444444 0.01932367149758454
0 0.2263888888888889 0.6292270531400966 0.005555555555555556 0.016908212560386472
0 0.42569444444444443 0.7210144927536232 0.009722222222222222 0.012077294685990338
0 0.43194444444444446 0.7463768115942029 0.005555555555555556 0.014492753623188406
0 0.4236111111111111 0.7451690821256038 0.005555555555555556 0.016908212560386472
0 0.36875 0.8756038647342995 0.009722222222222222 0.012077294685990338
0 0.24305555555555555 0.7548309178743962 0.008333333333333333 0.012077294685990338
0 0.25 0.9698067632850241 0.008333333333333333 0.016908212560386472
0 0.30694444444444446 0.9722222222222222 0.008333333333333333 0.012077294685990338
0 0.2847222222222222 0.9915458937198067 0.008333333333333333 0.012077294685990338
0 0.46875 0.9734299516908212 0.0125 0.014492753623188406
0 0.7284722222222222 0.8586956521739131 0.015277777777777777 0.012077294685990338
0 0.7305555555555555 0.7983091787439613 0.013888888888888888 0.016908212560386472
0 0.70625 0.7862318840579711 0.0125 0.012077294685990338
0 0.6756944444444445 0.7874396135265701 0.0125 0.01932367149758454
0 0.6347222222222222 0.9070048309178744 0.011111111111111112 0.012077294685990338
0 0.6458333333333334 0.9057971014492754 0.008333333333333333 0.014492753623188406
0 0.6895833333333333 0.8913043478260869 0.009722222222222222 0.00966183574879227
0 0.6881944444444444 0.8780193236714976 0.009722222222222222 0.007246376811594203
0 0.7409722222222223 0.6835748792270532 0.0125 0.00966183574879227
0 0.75 0.6884057971014492 0.011111111111111112 0.00966183574879227
0 0.7590277777777777 0.6823671497584541 0.006944444444444444 0.007246376811594203
0 0.6854166666666667 0.4673913043478261 0.009722222222222222 0.021739130434782608
0 0.6743055555555556 0.45893719806763283 0.009722222222222222 0.024154589371980676
0 0.7791666666666667 0.3417874396135266 0.011111111111111112 0.021739130434782608
0 0.7972222222222223 0.35507246376811596 0.016666666666666666 0.024154589371980676
0 0.7777777777777778 0.358695652173913 0.008333333333333333 0.012077294685990338
0 0.78125 0.36594202898550726 0.006944444444444444 0.021739130434782608
0 0.8722222222222222 0.06884057971014493 0.016666666666666666 0.016908212560386472
0 0.9166666666666666 0.17391304347826086 0.013888888888888888 0.014492753623188406
0 0.8902777777777777 0.1956521739130435 0.013888888888888888 0.014492753623188406
0 0.8958333333333334 0.20893719806763286 0.013888888888888888 0.021739130434782608
0 0.9097222222222222 0.2971014492753623 0.013888888888888888 0.01932367149758454
0 0.9458333333333333 0.39371980676328505 0.019444444444444445 0.024154589371980676
0 0.9166666666666666 0.29347826086956524 0.016666666666666666 0.021739130434782608
