0 0.4635854341736695 0.944547134935305 0.05042016806722689 0.07393715341959335
0 0.49229691876750703 0.9158964879852126 0.015406162464985995 0.06469500924214418
0 0.4733893557422969 0.9075785582255084 0.014005602240896359 0.07024029574861368
0 0.5917366946778712 0.8364140480591498 0.06022408963585434 0.038817005545286505
0 0.5084033613445378 0.7698706099815157 0.047619047619047616 0.027726432532347505
0 0.4103641456582633 0.8086876155268022 0.05042016806722689 0.04621072088724584
0 0.688375350140056 0.822550831792976 0.037815126050420166 0.04436229205175601
0 0.761204481792717 0.8743068391866913 0.018207282913165267 0.066543438077634
0 0.5819327731092437 0.7587800369685767 0.018207282913165267 0.05730129390018484
0 0.6841736694677871 0.7643253234750462 0.02100840336134454 0.04621072088724584
0 0.7359943977591037 0.7532347504621072 0.015406162464985995 0.05730129390018484
0 0.8109243697478992 0.7920517560073937 0.04201680672268908 0.03512014787430684
0 0.7955182072829131 0.7846580406654344 0.04481792717086835 0.024029574861367836
0 0.8914565826330533 0.8133086876155268 0.02100840336134454 0.06284658040665435
0 0.9446778711484594 0.8567467652495379 0.02661064425770308 0.053604436229205174
0 0.9376750700280112 0.6756007393715342 0.012605042016806723 0.04990757855822551
0 0.9096638655462185 0.6792975970425139 0.037815126050420166 0.04990757855822551
0 0.9145658263305322 0.7162661737523105 0.014005602240896359 0.04251386321626617
0 0.9586834733893558 0.8179297597042514 0.018207282913165267 0.04251386321626617
0 0.9726890756302521 0.8290203327171903 0.02100840336134454 0.06099815157116451
0 0.7717086834733894 0.9648798521256932 0.056022408963585436 0.051756007393715345
0 0.6365546218487395 0.6617375231053605 0.02100840336134454 0.051756007393715345
0 0.8648459383753502 0.8632162661737524 0.023809523809523808 0.06284658040665435
0 0.8501400560224089 0.8613678373382625 0.05042016806722689 0.04436229205175601
0 0.9411764705882353 0.9685767097966729 0.0196078431372549 0.06284658040665435
0 0.9523809523809523 0.955637707948244 0.014005602240896359 0.06284658040665435
0 0.8095238095238095 0.9232902033271719 0.0196078431372549 0.06469500924214418
0 0.7969187675070029 0.9325323475046211 0.04201680672268908 0.04990757855822551
0 0.7822128851540616 0.922365988909427 0.018207282913165267 0.04436229205175601
0 0.5973389355742297 0.544362292051756 0.023809523809523808 0.07578558225508318
0 0.6757703081232493 0.5055452865064695 0.015406162464985995 0.06839186691312385
0 0.6890756302521008 0.4852125693160813 0.0196078431372549 0.05730129390018484
0 0.6554621848739496 0.4685767097966728 0.025210084033613446 0.04621072088724584
0 0.726890756302521 0.45286506469500926 0.011204481792717087 0.04066543438077634
0 0.6869747899159664 0.4630314232902033 0.02100840336134454 0.04621072088724584
0 0.9439775910364145 0.2634011090573013 0.014005602240896359 0.04621072088724584
0 0.25840336134453784 0.5767097966728281 0.02100840336134454 0.08133086876155268
0 0.27170868347338933 0.5951940850277264 0.014005602240896359 0.06284658040665435
0 0.32142857142857145 0.5545286506469501 0.018207282913165267 0.06284658040665435
0 0.5280112044817927 0.5462107208872459 0.022408963585434174 0.07208872458410351
0 0.49859943977591037 0.5351201478743068 0.0196078431372549 0.06099815157116451
0 0.511204481792717 0.5240295748613678 0.0196078431372549 0.06099815157116451
0 0.5910364145658263 0.4537892791127542 0.01680672268907563 0.04251386321626617
0 0.43977591036414565 0.39186691312384475 0.01680672268907563 0.059149722735674676
0 0.42436974789915966 0.38170055452865065 0.01680672268907563 0.06099815157116451
0 0.3865546218487395 0.41035120147874304 0.014005602240896359 0.06284658040665435
0 0.3802521008403361 0.5304990757855823 0.015406162464985995 0.05545286506469501
0 0.3858543417366947 0.5831792975970426 0.02661064425770308 0.05730129390018484
0 0.1092436974789916 0.5378927911275416 0.022408963585434174 0.07024029574861368
0 0.028711484593837534 0.5767097966728281 0.029411764705882353 0.07024029574861368
0 0.028711484593837534 0.5360443622920518 0.015406162464985995 0.051756007393715345
0 0.04551820728291316 0.6284658040665434 0.023809523809523808 0.05545286506469501
0 0.025210084033613446 0.5268022181146026 0.014005602240896359 0.059149722735674676
0 0.9243697478991597 0.7661737523105361 0.028011204481792718 0.038817005545286505
0 0.9740896358543417 0.743992606284658 0.015406162464985995 0.053604436229205174
0 0.8858543417366946 0.31053604436229204 0.012605042016806723 0.04436229205175601
0 0.803921568627451 0.6460258780036968 0.022408963585434174 0.04990757855822551
0 0.6617647058823529 0.6746765249537893 0.02661064425770308 0.04066543438077634
0 0.6855742296918768 0.7153419593345656 0.02100840336134454 0.051756007393715345
