0 0.45902777777777776 0.42385321100917434 0.006944444444444444 0.025688073394495414
0 0.16666666666666666 0.846788990825688 0.016666666666666666 0.03486238532110092
0 0.1840277777777778 0.8247706422018348 0.018055555555555554 0.027522935779816515
0 0.1736111111111111 0.8302752293577982 0.019444444444444445 0.023853211009174313
0 0.15763888888888888 0.8366972477064221 0.015277777777777777 0.03302752293577982
0 0.3326388888888889 0.5064220183486239 0.009722222222222222 0.01834862385321101
0 0.5666666666666667 0.5495412844036697 0.008333333333333333 0.023853211009174313
0 0.6590277777777778 0.5348623853211009 0.0125 0.023853211009174313
0 0.5270833333333333 0.38623853211009174 0.0125 0.031192660550458717
0 0.5805555555555556 0.6036697247706422 0.008333333333333333 0.022018348623853212
0 0.7333333333333333 0.7403669724770642 0.008333333333333333 0.023853211009174313
0 0.9118055555555555 0.8899082568807339 0.009722222222222222 0.025688073394495414
0 0.42916666666666664 0.6220183486238532 0.011111111111111112 0.022018348623853212
0 0.5527777777777778 0.4871559633027523 0.008333333333333333 0.01651376146788991
0 0.47847222222222224 0.501834862385321 0.006944444444444444 0.02018348623853211
0 0.3763888888888889 0.6293577981651376 0.011111111111111112 0.025688073394495414
0 0.9180555555555555 0.7477064220183486 0.008333333333333333 0.031192660550458717
0 0.9138888888888889 0.7348623853211009 0.008333333333333333 0.027522935779816515
