0 0.6951388888888889 0.45137614678899085 0.006944444444444444 0.011009174311926606
0 0.7055555555555556 0.44954128440366975 0.008333333333333333 0.011009174311926606
0 0.7069444444444445 0.43486238532110094 0.008333333333333333 0.011009174311926606
0 0.7215277777777778 0.3853211009174312 0.006944444444444444 0.01834862385321101
0 0.7291666666666666 0.38990825688073394 0.008333333333333333 0.009174311926605505
0 0.7909722222222222 0.22660550458715598 0.006944444444444444 0.01651376146788991
0 0.7972222222222223 0.23119266055045873 0.008333333333333333 0.011009174311926606
0 0.7840277777777778 0.24036697247706423 0.006944444444444444 0.011009174311926606
0 0.7826388888888889 0.25321100917431194 0.004166666666666667 0.011009174311926606
0 0.7881944444444444 0.25321100917431194 0.006944444444444444 0.007339449541284404
0 0.07430555555555556 0.5522935779816514 0.020833333333333332 0.01834862385321101
0 0.08888888888888889 0.5761467889908257 0.016666666666666666 0.01834862385321101
0 0.2861111111111111 0.8091743119266055 0.013888888888888888 0.011009174311926606
0 0.28055555555555556 0.818348623853211 0.016666666666666666 0.014678899082568808
0 0.39305555555555555 0.9009174311926605 0.016666666666666666 0.01834862385321101
0 0.3 0.8275229357798165 0.016666666666666666 0.014678899082568808
