0 0.19583333333333333 0.2743119266055046 0.03333333333333333 0.07522935779816514
0 0.24305555555555555 0.26697247706422017 0.03611111111111111 0.07155963302752294
0 0.23055555555555557 0.24587155963302754 0.022222222222222223 0.062385321100917435
0 0.32083333333333336 0.26422018348623855 0.041666666666666664 0.06605504587155964
0 0.30625 0.26055045871559634 0.043055555555555555 0.06605504587155964
0 0.3194444444444444 0.22752293577981653 0.027777777777777776 0.05504587155963303
0 0.30277777777777776 0.21192660550458717 0.025 0.05688073394495413
0 0.42986111111111114 0.22201834862385322 0.03194444444444444 0.06972477064220184
0 0.4395833333333333 0.21192660550458717 0.04027777777777778 0.06422018348623854
0 0.44375 0.19541284403669726 0.034722222222222224 0.06422018348623854
0 0.5291666666666667 0.23119266055045873 0.030555555555555555 0.062385321100917435
0 0.5361111111111111 0.21559633027522937 0.025 0.06422018348623854
0 0.8625 0.23486238532110093 0.019444444444444445 0.06972477064220184
