0 0.021527777777777778 0.3211009174311927 0.020833333333333332 0.05137614678899083
0 0.1638888888888889 0.13302752293577982 0.022222222222222223 0.03853211009174312
0 0.1840277777777778 0.10642201834862386 0.018055555555555554 0.044036697247706424
0 0.6159722222222223 0.029357798165137616 0.018055555555555554 0.04036697247706422
0 0.6638888888888889 0.27889908256880735 0.016666666666666666 0.03302752293577982
0 0.8104166666666667 0.2018348623853211 0.015277777777777777 0.044036697247706424
0 0.8048611111111111 0.5064220183486239 0.02638888888888889 0.06972477064220184
0 0.9402777777777778 0.3339449541284404 0.013888888888888888 0.05137614678899083
0 0.8777777777777778 0.3073394495412844 0.016666666666666666 0.045871559633027525
0 0.8625 0.3036697247706422 0.016666666666666666 0.05321100917431193
0 0.85625 0.37155963302752293 0.018055555555555554 0.05688073394495413
0 0.8784722222222222 0.8559633027522936 0.018055555555555554 0.07522935779816514
