0 0.11319444444444444 0.6119266055045871 0.015277777777777777 0.05321100917431193
0 0.1527777777777778 0.7091743119266055 0.011111111111111112 0.04954128440366973
0 0.1763888888888889 0.7137614678899082 0.013888888888888888 0.047706422018348627
0 0.011805555555555555 0.6 0.009722222222222222 0.03669724770642202
0 0.19236111111111112 0.5174311926605505 0.009722222222222222 0.044036697247706424
0 0.18194444444444444 0.5174311926605505 0.008333333333333333 0.03302752293577982
0 0.44583333333333336 0.9165137614678899 0.016666666666666666 0.05321100917431193
0 0.6576388888888889 0.41926605504587156 0.0125 0.03486238532110092
0 0.65 0.41284403669724773 0.013888888888888888 0.03669724770642202
0 0.6229166666666667 0.22660550458715598 0.009722222222222222 0.01651376146788991
