0 0.3576388888888889 0.07367149758454106 0.009722222222222222 0.03140096618357488
0 0.45625 0.0640096618357488 0.0125 0.026570048309178744
0 0.4951388888888889 0.025362318840579712 0.009722222222222222 0.04106280193236715
0 0.5722222222222222 0.21739130434782608 0.016666666666666666 0.05314009661835749
0 0.5527777777777778 0.21859903381642512 0.013888888888888888 0.050724637681159424
0 0.2569444444444444 0.37318840579710144 0.016666666666666666 0.06038647342995169
0 0.3527777777777778 0.6243961352657005 0.013888888888888888 0.05555555555555555
0 0.3625 0.8900966183574879 0.025 0.06038647342995169
0 0.4708333333333333 0.391304347826087 0.013888888888888888 0.04830917874396135
0 0.47847222222222224 0.45652173913043476 0.018055555555555554 0.06280193236714976
0 0.44305555555555554 0.49516908212560384 0.013888888888888888 0.04830917874396135
0 0.3819444444444444 0.6352657004830918 0.019444444444444445 0.057971014492753624
