0 0.8645833333333334 0.21014492753623187 0.020833333333333332 0.043478260869565216
0 0.81875 0.2210144927536232 0.020833333333333332 0.04589371980676329
0 0.9625 0.11714975845410629 0.022222222222222223 0.04589371980676329
0 0.9777777777777777 0.1316425120772947 0.022222222222222223 0.04106280193236715
0 0.9909722222222223 0.15579710144927536 0.018055555555555554 0.04106280193236715
0 0.8138888888888889 0.018115942028985508 0.013888888888888888 0.036231884057971016
0 0.10138888888888889 0.6884057971014492 0.013888888888888888 0.04830917874396135
0 0.1125 0.6835748792270532 0.013888888888888888 0.057971014492753624
0 0.11875 0.44082125603864736 0.0125 0.04106280193236715
0 0.00625 0.39009661835748793 0.0125 0.04589371980676329
0 0.09027777777777778 0.3321256038647343 0.013888888888888888 0.036231884057971016
