0 0.91875 0.94444 0.02083 0.06763
0 0.95417 0.91667 0.01944 0.07488
0 0.96806 0.91546 0.01667 0.06763
0 0.95903 0.72464 0.01528 0.05797
0 0.94306 0.61232 0.01667 0.07005
0 0.40069 0.95773 0.02083 0.06522
0 0.54236 0.82971 0.02083 0.07971
0 0.5125 0.67754 0.025 0.07971
0 0.57222 0.54348 0.01944 0.03865
0 0.54792 0.49275 0.01806 0.05797
0 0.54653 0.54831 0.03472 0.06763
0 0.64931 0.83816 0.02361 0.05314
0 0.63125 0.83816 0.01528 0.07246
0 0.89514 0.82005 0.01806 0.05556
0 0.90069 0.80193 0.02361 0.05314
0 0.89792 0.63164 0.01528 0.05072
0 0.67222 0.66184 0.01389 0.05797
0 0.70139 0.61473 0.00833 0.06039
0 0.69792 0.56039 0.02083 0.05797
0 0.74375 0.68841 0.01806 0.07246
0 0.70417 0.69565 0.01389 0.04831
0 0.69236 0.68357 0.0125 0.04831
0 0.67569 0.68841 0.01806 0.05797
0 0.68194 0.47826 0.01667 0.0628
0 0.73681 0.59662 0.01806 0.05797
0 0.71528 0.60507 0.01389 0.02174
0 0.71597 0.59058 0.0125 0.02657
0 0.74167 0.15338 0.01389 0.06039
0 0.71319 0.18841 0.01528 0.05797
0 0.76181 0.28986 0.00972 0.04348
0 0.7375 0.41304 0.01389 0.05797
0 0.7125 0.45652 0.01111 0.06763
0 0.72014 0.46618 0.00972 0.03382
0 0.76944 0.49638 0.01944 0.06522
0 0.78819 0.49275 0.01806 0.0628
0 0.72153 0.41304 0.01528 0.05314
0 0.75833 0.19686 0.01389 0.04106
0 0.76389 0.19444 0.01111 0.06039
0 0.76389 0.17633 0.01111 0.05314
0 0.95208 0.38527 0.01528 0.07005
0 0.93889 0.38285 0.00833 0.06039
0 0.90764 0.42874 0.0125 0.04106
0 0.91597 0.36232 0.0125 0.05797
0 0.99792 0.30797 0.01528 0.06039
0 0.97153 0.16667 0.0125 0.06763
0 0.95069 0.17874 0.01528 0.05797
0 0.92708 0.21135 0.0125 0.06039
0 0.91875 0.21135 0.00972 0.06522
0 0.95278 0.33213 0.01389 0.05556
0 0.93889 0.33333 0.01389 0.05797
0 0.91944 0.32609 0.01111 0.04348
0 0.90347 0.34662 0.00694 0.02657
0 0.89306 0.35507 0.01389 0.04831
0 0.90764 0.22585 0.00972 0.02657
0 0.9125 0.28623 0.01111 0.04106
0 0.33542 0.94082 0.01806 0.03623
0 0.32986 0.92512 0.02639 0.07729
0 0.89931 0.19928 0.01528 0.04589
0 0.91458 0.05193 0.00972 0.04589
