0 0.3125 0.3176328502415459 0.011111111111111112 0.04589371980676329
0 0.31180555555555556 0.3961352657004831 0.0125 0.03864734299516908
0 0.3125 0.3864734299516908 0.016666666666666666 0.043478260869565216
0 0.5388888888888889 0.6328502415458938 0.025 0.057971014492753624
0 0.4652777777777778 0.9806763285024155 0.013888888888888888 0.033816425120772944
0 0.4777777777777778 0.9842995169082126 0.016666666666666666 0.026570048309178744
0 0.7701388888888889 0.09057971014492754 0.009722222222222222 0.036231884057971016
0 0.7486111111111111 0.08454106280193237 0.008333333333333333 0.033816425120772944
0 0.7527777777777778 0.0821256038647343 0.005555555555555556 0.033816425120772944
0 0.7583333333333333 0.08816425120772947 0.008333333333333333 0.036231884057971016
0 0.7694444444444445 0.030193236714975844 0.008333333333333333 0.04106280193236715
0 0.7777777777777778 0.03864734299516908 0.008333333333333333 0.03864734299516908
0 0.4618055555555556 0.09903381642512077 0.009722222222222222 0.03864734299516908
0 0.2701388888888889 0.2608695652173913 0.009722222222222222 0.04830917874396135
