0 0.82708 0.98188 0.02639 0.07971
0 0.76944 0.89372 0.01667 0.06763
0 0.78333 0.89614 0.01389 0.0628
0 0.59931 0.78865 0.02083 0.06039
0 0.59931 0.77778 0.02083 0.05797
0 0.96944 0.5 0.01667 0.06763
0 0.99375 0.7343 0.03472 0.03865
0 0.9875 0.75483 0.01944 0.04589
0 0.77083 0.44444 0.01944 0.04348
0 0.91806 0.49275 0.01667 0.05797
0 0.88819 0.54952 0.01806 0.06522
0 0.71667 0.4843 0.01667 0.05556
0 0.93472 0.13647 0.01944 0.05072
0 0.91181 0.52295 0.02361 0.04589
0 0.68819 0.33575 0.01806 0.03382
0 0.68542 0.32609 0.01806 0.03865
0 0.84375 0.8442 0.02083 0.07005
0 0.9375 0.13527 0.02222 0.04831
0 0.74653 0.08213 0.01806 0.03865
