0 0.14444444444444443 0.7844036697247706 0.03611111111111111 0.08990825688073395
0 0.8875 0.46055045871559636 0.011111111111111112 0.014678899082568808
0 0.9451388888888889 0.4651376146788991 0.006944444444444444 0.02018348623853211
0 0.33958333333333335 0.7 0.020833333333333332 0.04954128440366973
0 0.375 0.6954128440366972 0.022222222222222223 0.05137614678899083
0 0.39861111111111114 0.6761467889908257 0.016666666666666666 0.04220183486238532
0 0.5090277777777777 0.6009174311926605 0.020833333333333332 0.05321100917431193
0 0.6680555555555555 0.5302752293577981 0.019444444444444445 0.025688073394495414
0 0.7479166666666667 0.7697247706422018 0.020833333333333332 0.07522935779816514
0 0.8590277777777777 0.7155963302752294 0.015277777777777777 0.05137614678899083
0 0.8486111111111111 0.7045871559633028 0.013888888888888888 0.05137614678899083
0 0.8604166666666667 0.7018348623853211 0.015277777777777777 0.05321100917431193
0 0.9298611111111111 0.6844036697247706 0.015277777777777777 0.05504587155963303
0 0.9541666666666667 0.463302752293578 0.005555555555555556 0.012844036697247707
0 0.95625 0.46055045871559636 0.004166666666666667 0.014678899082568808
