0 0.53056 0.06643 0.025 0.06522
0 0.49653 0.13406 0.03194 0.10386
0 0.62292 0.06039 0.02083 0.06763
0 0.3125 0.12923 0.03889 0.11353
0 0.90764 0.03019 0.02639 0.06039
0 0.06181 0.11715 0.02639 0.10386
0 0.15625 0.09662 0.03194 0.08696
0 0.26111 0.0785 0.03056 0.0942
0 0.34583 0.093 0.025 0.06522
0 0.43333 0.06039 0.04167 0.11111
0 0.45486 0.04589 0.02639 0.07246
0 0.95278 0.11232 0.02778 0.07488
0 0.95764 0.07126 0.02639 0.10386
0 0.94931 0.0314 0.0125 0.02899
0 0.68681 0.16425 0.02639 0.0628
0 0.70347 0.14251 0.03194 0.09662
0 0.35764 0.05193 0.02917 0.08454
0 0.41528 0.02174 0.025 0.04348
0 0.39444 0.0471 0.02778 0.07971
0 0.00833 0.1256 0.01667 0.09662
