0 0.5229166666666667 0.6559633027522935 0.02361111111111111 0.045871559633027525
0 0.6138888888888889 0.7165137614678899 0.025 0.05321100917431193
0 0.23055555555555557 0.011926605504587157 0.016666666666666666 0.023853211009174313
0 0.28055555555555556 0.044954128440366975 0.022222222222222223 0.05688073394495413
0 0.28888888888888886 0.281651376146789 0.022222222222222223 0.060550458715596334
0 0.3194444444444444 0.28807339449541286 0.016666666666666666 0.05504587155963303
0 0.3090277777777778 0.2798165137614679 0.009722222222222222 0.04220183486238532
0 0.32916666666666666 0.26605504587155965 0.016666666666666666 0.047706422018348627
0 0.6958333333333333 0.6220183486238532 0.03333333333333333 0.05504587155963303
0 0.7006944444444444 0.6385321100917432 0.04027777777777778 0.05871559633027523
0 0.3840277777777778 0.4889908256880734 0.018055555555555554 0.045871559633027525
0 0.4048611111111111 0.5238532110091743 0.020833333333333332 0.07522935779816514
0 0.8270833333333333 0.8045871559633028 0.034722222222222224 0.04954128440366973
0 0.25625 0.8715596330275229 0.02361111111111111 0.03669724770642202
