0 0.25417 0.93761 0.04167 0.09908
0 0.42639 0.84771 0.03333 0.08073
0 0.48403 0.86514 0.04583 0.07523
0 0.50833 0.83761 0.04444 0.09358
0 0.91181 0.97339 0.03194 0.06055
0 0.98333 0.29908 0.00833 0.02569
0 0.81042 0.23578 0.00694 0.01651
0 0.80347 0.23486 0.00417 0.01468
0 0.84097 0.23761 0.00417 0.01284
0 0.84861 0.23853 0.00556 0.01468
0 0.85972 0.23853 0.00556 0.01468
0 0.76389 0.25046 0.00556 0.01284
0 0.77917 0.26422 0.00556 0.01468
0 0.45347 0.38073 0.0125 0.03119
0 0.33681 0.44679 0.0125 0.02385
0 0.28472 0.44954 0.01389 0.02936
0 0.03889 0.55688 0.01667 0.03119
