0 0.002777777777777778 0.1956521739130435 0.005555555555555556 0.014492753623188406
0 0.025694444444444443 0.0821256038647343 0.004166666666666667 0.01932367149758454
0 0.06944444444444445 0.16183574879227053 0.005555555555555556 0.014492753623188406
0 0.24375 0.6908212560386473 0.004166666666666667 0.024154589371980676
0 0.3923611111111111 0.3272946859903382 0.009722222222222222 0.012077294685990338
0 0.2923611111111111 0.3309178743961353 0.006944444444444444 0.014492753623188406
0 0.30486111111111114 0.3780193236714976 0.006944444444444444 0.021739130434782608
0 0.3263888888888889 0.3635265700483092 0.005555555555555556 0.021739130434782608
0 0.33541666666666664 0.3780193236714976 0.004166666666666667 0.016908212560386472
0 0.34305555555555556 0.36231884057971014 0.005555555555555556 0.024154589371980676
0 0.36319444444444443 0.3828502415458937 0.004166666666666667 0.021739130434782608
0 0.3138888888888889 0.41304347826086957 0.005555555555555556 0.028985507246376812
0 0.33611111111111114 0.35507246376811596 0.002777777777777778 0.01932367149758454
