0 0.2833333333333333 0.5238532110091743 0.022222222222222223 0.03486238532110092
0 0.2798611111111111 0.23211009174311928 0.020833333333333332 0.031192660550458717
0 0.27569444444444446 0.27155963302752295 0.015277777777777777 0.022018348623853212
0 0.8472222222222222 0.5513761467889908 0.011111111111111112 0.023853211009174313
0 0.6486111111111111 0.5963302752293578 0.005555555555555556 0.029357798165137616
0 0.9180555555555555 0.5651376146788991 0.013888888888888888 0.029357798165137616
0 0.9673611111111111 0.5807339449541284 0.015277777777777777 0.027522935779816515
0 0.8888888888888888 0.5825688073394495 0.011111111111111112 0.031192660550458717
0 0.86875 0.581651376146789 0.0125 0.022018348623853212
0 0.9625 0.4981651376146789 0.011111111111111112 0.03486238532110092
0 0.9673611111111111 0.4917431192660551 0.009722222222222222 0.029357798165137616
