0 0.46667 0.78532 0.05 0.1211
0 0.37153 0.73486 0.02639 0.10459
0 0.34583 0.54862 0.03611 0.10642
0 0.38819 0.34128 0.02083 0.06239
0 0.36736 0.32202 0.01806 0.07156
0 0.33056 0.34495 0.025 0.06972
0 0.47708 0.17982 0.0125 0.05138
0 0.46042 0.18807 0.01528 0.04587
0 0.53472 0.13119 0.01944 0.04587
0 0.14167 0.2789 0.01667 0.06606
0 0.06736 0.12202 0.00972 0.03486
0 0.01944 0.14037 0.01389 0.0422
0 0.47361 0.10092 0.01111 0.02936
0 0.43264 0.11284 0.00972 0.02752
0 0.65069 0.03761 0.0125 0.02752
0 0.62708 0.02936 0.0125 0.01835
0 0.57361 0.0367 0.01111 0.02569
0 0.55972 0.02661 0.01111 0.02385
0 0.64861 0.08624 0.01389 0.04037
