0 0.5472222222222223 0.3201834862385321 0.016666666666666666 0.045871559633027525
0 0.5506944444444445 0.4761467889908257 0.02361111111111111 0.05321100917431193
0 0.6208333333333333 0.5587155963302752 0.022222222222222223 0.05321100917431193
0 0.6319444444444444 0.7385321100917431 0.019444444444444445 0.05321100917431193
0 0.6486111111111111 0.6889908256880733 0.022222222222222223 0.04220183486238532
0 0.6604166666666667 0.5834862385321101 0.02361111111111111 0.05504587155963303
0 0.6333333333333333 0.04954128440366973 0.011111111111111112 0.022018348623853212
0 0.6743055555555556 0.15321100917431194 0.0125 0.03486238532110092
0 0.7222222222222222 0.15045871559633028 0.016666666666666666 0.03302752293577982
0 0.7 0.581651376146789 0.019444444444444445 0.047706422018348627
0 0.7006944444444444 0.3908256880733945 0.015277777777777777 0.044036697247706424
