0 0.225 0.043119266055045874 0.008333333333333333 0.03486238532110092
0 0.23541666666666666 0.044036697247706424 0.009722222222222222 0.03669724770642202
0 0.2569444444444444 0.03669724770642202 0.011111111111111112 0.03669724770642202
0 0.21597222222222223 0.18256880733944955 0.009722222222222222 0.05321100917431193
0 0.1284722222222222 0.27706422018348625 0.02361111111111111 0.062385321100917435
0 0.19027777777777777 0.23394495412844038 0.016666666666666666 0.03853211009174312
0 0.3388888888888889 0.12568807339449542 0.013888888888888888 0.03853211009174312
0 0.3576388888888889 0.2871559633027523 0.018055555555555554 0.05321100917431193
0 0.5541666666666667 0.13302752293577982 0.016666666666666666 0.03853211009174312
0 0.58125 0.13211009174311927 0.015277777777777777 0.044036697247706424
0 0.5673611111111111 0.06422018348623854 0.0125 0.03669724770642202
0 0.5805555555555556 0.07247706422018349 0.011111111111111112 0.03853211009174312
0 0.59375 0.06788990825688074 0.015277777777777777 0.04036697247706422
0 0.63125 0.1889908256880734 0.0125 0.05137614678899083
0 0.6423611111111112 0.18073394495412845 0.0125 0.05321100917431193
0 0.6583333333333333 0.18623853211009175 0.016666666666666666 0.05321100917431193
0 0.6951388888888889 0.19908256880733946 0.015277777777777777 0.04954128440366973
0 0.6958333333333333 0.1688073394495413 0.016666666666666666 0.047706422018348627
0 0.7513888888888889 0.26972477064220185 0.011111111111111112 0.047706422018348627
0 0.6020833333333333 0.08623853211009175 0.006944444444444444 0.025688073394495414
0 0.7597222222222222 0.2724770642201835 0.008333333333333333 0.045871559633027525
0 0.9486111111111111 0.42477064220183486 0.016666666666666666 0.06788990825688074
0 0.9638888888888889 0.42935779816513764 0.016666666666666666 0.06605504587155964
