0 0.8451388888888889 0.24770642201834864 0.04861111111111111 0.12110091743119267
0 0.9368055555555556 0.30642201834862387 0.03194444444444444 0.08073394495412844
0 0.9944444444444445 0.3321100917431193 0.027777777777777776 0.08807339449541285
0 0.9548611111111112 0.2779816513761468 0.04027777777777778 0.12293577981651377
0 0.9118055555555555 0.23761467889908258 0.02638888888888889 0.11926605504587157
0 0.8715277777777778 0.1018348623853211 0.02638888888888889 0.09724770642201835
0 0.8993055555555556 0.1651376146788991 0.02638888888888889 0.09541284403669725
0 0.8743055555555556 0.16605504587155964 0.02638888888888889 0.08990825688073395
0 0.8465277777777778 0.10550458715596331 0.029166666666666667 0.09724770642201835
0 0.875 0.081651376146789 0.019444444444444445 0.08623853211009175
