0 0.36041666666666666 0.04710144927536232 0.009722222222222222 0.050724637681159424
0 0.3548611111111111 0.12198067632850242 0.009722222222222222 0.050724637681159424
0 0.34375 0.28140096618357485 0.009722222222222222 0.050724637681159424
0 0.3625 0.010869565217391304 0.005555555555555556 0.021739130434782608
0 0.37430555555555556 0.00966183574879227 0.006944444444444444 0.01932367149758454
0 0.5069444444444444 0.022946859903381644 0.011111111111111112 0.04589371980676329
0 0.33819444444444446 0.34299516908212563 0.0125 0.05314009661835749
0 0.2152777777777778 0.49516908212560384 0.011111111111111112 0.043478260869565216
0 0.3326388888888889 0.38768115942028986 0.018055555555555554 0.04106280193236715
0 0.22708333333333333 0.5519323671497585 0.015277777777777777 0.05555555555555555
0 0.21597222222222223 0.5483091787439613 0.018055555555555554 0.05314009661835749
0 0.2076388888888889 0.7041062801932367 0.018055555555555554 0.04589371980676329
0 0.1951388888888889 0.7028985507246377 0.0125 0.057971014492753624
0 0.13819444444444445 0.7258454106280193 0.0125 0.036231884057971016
0 0.09375 0.7729468599033816 0.009722222222222222 0.028985507246376812
0 0.09652777777777778 0.7620772946859904 0.0125 0.03140096618357488
0 0.11736111111111111 0.716183574879227 0.009722222222222222 0.026570048309178744
