0 0.5388888888888889 0.07614678899082569 0.030555555555555555 0.09357798165137615
0 0.49375 0.4614678899082569 0.05694444444444444 0.11192660550458716
0 0.38680555555555557 0.11834862385321102 0.02638888888888889 0.07889908256880734
0 0.4013888888888889 0.1596330275229358 0.022222222222222223 0.08807339449541285
0 0.4173611111111111 0.1889908256880734 0.034722222222222224 0.09541284403669725
0 0.3798611111111111 0.20825688073394497 0.02638888888888889 0.10091743119266056
0 0.38680555555555557 0.24311926605504589 0.04583333333333333 0.10458715596330276
0 0.40694444444444444 0.26972477064220185 0.03333333333333333 0.11743119266055047
0 0.35 0.20275229357798166 0.027777777777777776 0.04954128440366973
0 0.3527777777777778 0.23394495412844038 0.04722222222222222 0.11192660550458716
0 0.4166666666666667 0.03669724770642202 0.04722222222222222 0.07339449541284404
0 0.8111111111111111 0.4889908256880734 0.05277777777777778 0.08990825688073395
0 0.8638888888888889 0.6174311926605505 0.07777777777777778 0.08990825688073395
0 0.8895833333333333 0.8128440366972477 0.07361111111111111 0.10642201834862386
