0 0.8680555555555556 0.2463768115942029 0.008333333333333333 0.024154589371980676
0 0.8902777777777777 0.2427536231884058 0.008333333333333333 0.016908212560386472
0 0.8784722222222222 0.24154589371980675 0.006944444444444444 0.014492753623188406
0 0.8597222222222223 0.2572463768115942 0.011111111111111112 0.03140096618357488
0 0.8798611111111111 0.2717391304347826 0.015277777777777777 0.021739130434782608
0 0.9048611111111111 0.2524154589371981 0.009722222222222222 0.021739130434782608
0 0.9673611111111111 0.3973429951690821 0.0125 0.03140096618357488
0 0.8402777777777778 0.46859903381642515 0.008333333333333333 0.014492753623188406
0 0.8430555555555556 0.49033816425120774 0.013888888888888888 0.01932367149758454
0 0.7979166666666667 0.538647342995169 0.020833333333333332 0.024154589371980676
0 0.8111111111111111 0.5205314009661836 0.013888888888888888 0.021739130434782608
0 0.7770833333333333 0.5640096618357487 0.009722222222222222 0.03140096618357488
0 0.8847222222222222 0.3417874396135266 0.019444444444444445 0.026570048309178744
0 0.8986111111111111 0.321256038647343 0.011111111111111112 0.024154589371980676
0 0.9291666666666667 0.30193236714975846 0.016666666666666666 0.028985507246376812
0 0.94375 0.3248792270531401 0.006944444444444444 0.016908212560386472
0 0.9604166666666667 0.35144927536231885 0.009722222222222222 0.021739130434782608
0 0.9534722222222223 0.31280193236714976 0.009722222222222222 0.021739130434782608
0 0.7979166666666667 0.5253623188405797 0.0125 0.026570048309178744
0 0.7458333333333333 0.6038647342995169 0.008333333333333333 0.024154589371980676
0 0.7347222222222223 0.643719806763285 0.011111111111111112 0.016908212560386472
0 0.7381944444444445 0.6654589371980676 0.009722222222222222 0.012077294685990338
0 0.7451388888888889 0.7222222222222222 0.02638888888888889 0.024154589371980676
0 0.7486111111111111 0.7608695652173914 0.027777777777777776 0.024154589371980676
0 0.7465277777777778 0.7971014492753623 0.018055555555555554 0.024154589371980676
0 0.7472222222222222 0.8393719806763285 0.011111111111111112 0.021739130434782608
0 0.7347222222222223 0.8152173913043478 0.008333333333333333 0.012077294685990338
0 0.7611111111111111 0.8309178743961353 0.011111111111111112 0.01932367149758454
0 0.7972222222222223 0.8538647342995169 0.013888888888888888 0.021739130434782608
0 0.7784722222222222 0.8260869565217391 0.009722222222222222 0.028985507246376812
0 0.7930555555555555 0.8297101449275363 0.011111111111111112 0.021739130434782608
0 0.7798611111111111 0.8599033816425121 0.009722222222222222 0.024154589371980676
0 0.7923611111111111 0.964975845410628 0.009722222222222222 0.026570048309178744
0 0.7895833333333333 0.9420289855072463 0.009722222222222222 0.01932367149758454
0 0.7618055555555555 0.9154589371980676 0.009722222222222222 0.01932367149758454
0 0.7722222222222223 0.9553140096618358 0.019444444444444445 0.021739130434782608
0 0.8222222222222222 0.9589371980676329 0.011111111111111112 0.024154589371980676
0 0.84375 0.9734299516908212 0.009722222222222222 0.024154589371980676
0 0.7819444444444444 0.9915458937198067 0.013888888888888888 0.012077294685990338
0 0.7958333333333333 0.9927536231884058 0.011111111111111112 0.00966183574879227
0 0.9784722222222222 0.4335748792270531 0.009722222222222222 0.016908212560386472
0 0.9881944444444445 0.43719806763285024 0.006944444444444444 0.01932367149758454
0 0.9902777777777778 0.46859903381642515 0.008333333333333333 0.024154589371980676
0 0.9270833333333334 0.3321256038647343 0.009722222222222222 0.021739130434782608
0 0.9416666666666667 0.34782608695652173 0.016666666666666666 0.01932367149758454
0 0.9041666666666667 0.27294685990338163 0.011111111111111112 0.014492753623188406
