0 0.23125 0.74396 0.01528 0.06763
0 0.21667 0.82246 0.01389 0.06522
0 0.28403 0.24034 0.0125 0.05556
0 0.2375 0.25362 0.01389 0.04831
0 0.20972 0.28019 0.01111 0.04831
0 0.22083 0.24638 0.01111 0.04831
0 0.08611 0.22705 0.01111 0.04831
0 0.31806 0.35266 0.01111 0.04831
0 0.32986 0.35266 0.0125 0.05314
0 0.31042 0.28382 0.0125 0.05072
0 0.32778 0.28502 0.01111 0.05314
0 0.33889 0.28623 0.01111 0.05072
0 0.29028 0.157 0.00833 0.03865
0 0.26875 0.16667 0.0125 0.04831
0 0.2625 0.2186 0.00833 0.05556
0 0.25486 0.21135 0.0125 0.04589
0 0.24236 0.15217 0.0125 0.04831
0 0.22222 0.17391 0.00833 0.03865
0 0.21181 0.19324 0.00972 0.04348
0 0.41597 0.32971 0.01528 0.05072
0 0.29792 0.10145 0.00972 0.04348
0 0.31944 0.09662 0.00833 0.04348
0 0.31458 0.09783 0.00972 0.04106
0 0.28472 0.0628 0.01111 0.03865
0 0.27917 0.02536 0.01111 0.04106
0 0.27292 0.03019 0.00972 0.0314
0 0.31111 0.01812 0.00833 0.0314
0 0.24583 0.30676 0.01111 0.04348
0 0.45139 0.34662 0.00833 0.05072
0 0.48194 0.35145 0.01667 0.05556
0 0.31042 0.06522 0.00972 0.03382
0 0.29861 0.07005 0.00833 0.03382
0 0.29722 0.03744 0.01111 0.03623
0 0.29028 0.0471 0.00833 0.04106
0 0.26597 0.13768 0.00972 0.03865
0 0.55556 0.3599 0.01111 0.05314
0 0.56389 0.35145 0.00833 0.04589
0 0.57986 0.34903 0.00972 0.04106
0 0.58889 0.34662 0.00833 0.03623
0 0.60694 0.36111 0.01389 0.06522
0 0.68264 0.36232 0.0125 0.04831
0 0.73125 0.36715 0.01528 0.04831
0 0.74444 0.36353 0.01389 0.05072
0 0.73958 0.35024 0.01806 0.05797
0 0.78333 0.3599 0.01667 0.05314
0 0.84097 0.36111 0.01528 0.05072
0 0.86944 0.35266 0.01944 0.04831
0 0.71736 0.71014 0.01528 0.05314
0 0.74722 0.66184 0.01667 0.05314
0 0.76389 0.67391 0.01667 0.04348
0 0.63681 0.67754 0.01528 0.05072
0 0.68681 0.91908 0.01806 0.05556
0 0.65 0.83092 0.02222 0.0628
0 0.64583 0.89614 0.02222 0.06763
0 0.69514 0.69444 0.01806 0.04589
0 0.71528 0.66063 0.01667 0.05072
0 0.71736 0.71981 0.01806 0.05314
0 0.64028 0.68961 0.02222 0.05556
0 0.75972 0.73551 0.01667 0.05072
