0 0.6965277777777777 0.9818840579710145 0.020833333333333332 0.05555555555555555
0 0.6381944444444444 0.8454106280193237 0.0125 0.043478260869565216
0 0.7229166666666667 0.9710144927536232 0.009722222222222222 0.033816425120772944
0 0.7451388888888889 0.9589371980676329 0.018055555555555554 0.05314009661835749
0 0.7229166666666667 0.9371980676328503 0.018055555555555554 0.043478260869565216
0 0.75 0.9251207729468599 0.016666666666666666 0.04830917874396135
0 0.7666666666666667 0.9251207729468599 0.011111111111111112 0.05314009661835749
0 0.8013888888888889 0.9710144927536232 0.016666666666666666 0.043478260869565216
0 0.8326388888888889 0.8514492753623188 0.020833333333333332 0.04589371980676329
0 0.8555555555555555 0.7934782608695652 0.016666666666666666 0.04106280193236715
0 0.8708333333333333 0.8152173913043478 0.013888888888888888 0.036231884057971016
0 0.8868055555555555 0.7946859903381642 0.020833333333333332 0.043478260869565216
0 0.8180555555555555 0.9227053140096618 0.013888888888888888 0.04830917874396135
0 0.8284722222222223 0.9166666666666666 0.018055555555555554 0.04589371980676329
0 0.8131944444444444 0.8985507246376812 0.015277777777777777 0.033816425120772944
0 0.8590277777777777 0.9082125603864735 0.009722222222222222 0.03864734299516908
0 0.8638888888888889 0.8973429951690821 0.013888888888888888 0.050724637681159424
0 0.6368055555555555 0.8140096618357487 0.009722222222222222 0.03864734299516908
0 0.6381944444444444 0.7995169082125604 0.009722222222222222 0.033816425120772944
