0 0.04028 0.90459 0.02778 0.07339
0 0.06458 0.92018 0.02083 0.06422
0 0.10208 0.91009 0.02361 0.05872
0 0.16736 0.98899 0.02083 0.06972
0 0.37222 0.91651 0.025 0.07523
0 0.40972 0.90734 0.02222 0.07156
0 0.39375 0.89083 0.02361 0.06789
0 0.43194 0.95505 0.02778 0.06789
0 0.45139 0.98073 0.03889 0.08257
0 0.42847 0.85505 0.02361 0.07339
0 0.44792 0.83486 0.02639 0.07339
0 0.43681 0.79633 0.02639 0.07339
0 0.46458 0.80459 0.02639 0.07156
0 0.4875 0.75688 0.025 0.06422
0 0.47361 0.75046 0.025 0.07339
0 0.46458 0.74037 0.02361 0.06422
0 0.67986 0.69358 0.02639 0.06239
0 0.59097 0.58716 0.02361 0.06239
0 0.63681 0.55321 0.02361 0.06055
0 0.83542 0.95963 0.04306 0.06606
0 0.83125 0.95321 0.0375 0.06789
0 0.32569 0.70183 0.02083 0.0422
0 0.39097 0.71743 0.02083 0.0367
