0 0.10625 0.8045871559633028 0.015277777777777777 0.07889908256880734
0 0.1125 0.7889908256880734 0.013888888888888888 0.06972477064220184
0 0.5361111111111111 0.7009174311926606 0.022222222222222223 0.062385321100917435
0 0.6625 0.7798165137614679 0.025 0.08073394495412844
0 0.7256944444444444 0.42844036697247706 0.020833333333333332 0.07889908256880734
0 0.47430555555555554 0.336697247706422 0.02361111111111111 0.05321100917431193
0 0.44930555555555557 0.3440366972477064 0.015277777777777777 0.05688073394495413
0 0.4791666666666667 0.2908256880733945 0.019444444444444445 0.05688073394495413
0 0.6743055555555556 0.26238532110091745 0.015277777777777777 0.05504587155963303
0 0.8527777777777777 0.24403669724770644 0.016666666666666666 0.044036697247706424
0 0.7569444444444444 0.21559633027522937 0.016666666666666666 0.05321100917431193
0 0.7090277777777778 0.22752293577981653 0.020833333333333332 0.044036697247706424
0 0.6590277777777778 0.22660550458715598 0.015277777777777777 0.03486238532110092
0 0.54375 0.014678899082568808 0.020833333333333332 0.029357798165137616
0 0.9027777777777778 0.20917431192660552 0.019444444444444445 0.047706422018348627
0 0.8819444444444444 0.21009174311926607 0.013888888888888888 0.045871559633027525
0 0.8756944444444444 0.1926605504587156 0.0125 0.05504587155963303
0 0.9756944444444444 0.23119266055045873 0.018055555555555554 0.05871559633027523
0 0.9888888888888889 0.2 0.022222222222222223 0.05137614678899083
0 0.36319444444444443 0.24403669724770644 0.02361111111111111 0.025688073394495414
