0 0.8826388888888889 0.43944954128440367 0.02361111111111111 0.05321100917431193
0 0.9159722222222222 0.3 0.015277777777777777 0.03486238532110092
0 0.9770833333333333 0.16055045871559634 0.0125 0.023853211009174313
0 0.8784722222222222 0.14954128440366973 0.0125 0.03853211009174312
0 0.9631944444444445 0.03761467889908257 0.009722222222222222 0.031192660550458717
0 0.9736111111111111 0.03853211009174312 0.011111111111111112 0.029357798165137616
0 0.7152777777777778 0.1853211009174312 0.013888888888888888 0.044036697247706424
0 0.6986111111111111 0.1853211009174312 0.011111111111111112 0.03669724770642202
0 0.7076388888888889 0.1889908256880734 0.0125 0.04036697247706422
0 0.8076388888888889 0.27155963302752295 0.009722222222222222 0.03669724770642202
0 0.6270833333333333 0.7238532110091743 0.02361111111111111 0.06788990825688074
