0 0.10069 0.22569 0.02083 0.08807
0 0.46042 0.38991 0.04028 0.09358
0 0.50208 0.40459 0.03472 0.09358
0 0.55486 0.59908 0.04861 0.09725
0 0.55347 0.70275 0.04583 0.10642
0 0.4 0.19541 0.025 0.09358
0 0.34653 0.20275 0.02639 0.10092
0 0.37292 0.19358 0.01806 0.08991
0 0.44514 0.0633 0.02639 0.10826
0 0.63194 0.43211 0.04167 0.10826
0 0.68889 0.45046 0.05556 0.11193
0 0.67361 0.33211 0.04444 0.09908
0 0.63681 0.33853 0.03472 0.10092
0 0.60347 0.08165 0.03472 0.10092
0 0.62708 0.10459 0.03194 0.09541
0 0.65833 0.08716 0.03889 0.10459
0 0.73264 0.07523 0.04583 0.10275
0 0.62153 0.73761 0.04861 0.09908
0 0.85 0.91468 0.06944 0.10459
0 0.77639 0.55596 0.05278 0.09908
0 0.81042 0.55963 0.05694 0.11376
0 0.82083 0.38349 0.04444 0.10642
0 0.78958 0.34954 0.04028 0.09725
0 0.75347 0.38257 0.04583 0.09725
0 0.76667 0.30092 0.04167 0.09908
0 0.87708 0.0789 0.05417 0.09908
0 0.98472 0.91835 0.03056 0.08257
