0 0.13819444444444445 0.6268115942028986 0.015277777777777777 0.026570048309178744
0 0.17708333333333334 0.6557971014492754 0.015277777777777777 0.021739130434782608
0 0.19652777777777777 0.6533816425120773 0.015277777777777777 0.03140096618357488
0 0.19166666666666668 0.6292270531400966 0.016666666666666666 0.036231884057971016
0 0.34791666666666665 0.4166666666666667 0.015277777777777777 0.03140096618357488
0 0.38055555555555554 0.40942028985507245 0.013888888888888888 0.05555555555555555
0 0.04027777777777778 0.321256038647343 0.013888888888888888 0.05314009661835749
0 0.027777777777777776 0.33454106280193235 0.008333333333333333 0.04106280193236715
0 0.1909722222222222 0.14371980676328502 0.009722222222222222 0.026570048309178744
0 0.18333333333333332 0.1570048309178744 0.008333333333333333 0.01932367149758454
0 0.2298611111111111 0.09903381642512077 0.0125 0.04830917874396135
0 0.24513888888888888 0.09782608695652174 0.015277777777777777 0.050724637681159424
0 0.45416666666666666 0.7282608695652174 0.019444444444444445 0.04106280193236715
0 0.44930555555555557 0.716183574879227 0.020833333333333332 0.03140096618357488
0 0.4076388888888889 0.5060386473429952 0.015277777777777777 0.04589371980676329
0 0.1763888888888889 0.6171497584541062 0.019444444444444445 0.03140096618357488
