0 0.08055555555555556 0.9432367149758454 0.016666666666666666 0.06521739130434782
0 0.0798611111111111 0.8913043478260869 0.0125 0.05314009661835749
0 0.12083333333333333 0.8768115942028986 0.019444444444444445 0.06280193236714976
0 0.12152777777777778 0.7415458937198067 0.020833333333333332 0.06280193236714976
0 0.2361111111111111 0.7608695652173914 0.013888888888888888 0.07246376811594203
0 0.1951388888888889 0.6727053140096618 0.015277777777777777 0.06038647342995169
0 0.15347222222222223 0.6183574879227053 0.02361111111111111 0.06763285024154589
0 0.27361111111111114 0.8176328502415459 0.019444444444444445 0.08454106280193237
0 0.2951388888888889 0.785024154589372 0.02361111111111111 0.07246376811594203
0 0.26458333333333334 0.7934782608695652 0.015277777777777777 0.06038647342995169
0 0.2798611111111111 0.7451690821256038 0.02638888888888889 0.07004830917874397
0 0.26458333333333334 0.7246376811594203 0.015277777777777777 0.06280193236714976
