0 0.2263888888888889 0.5055045871559632 0.044444444444444446 0.060550458715596334
0 0.17222222222222222 0.8256880733944955 0.041666666666666664 0.06605504587155964
0 0.25972222222222224 0.8926605504587156 0.05 0.06422018348623854
0 0.3333333333333333 0.7770642201834862 0.041666666666666664 0.06422018348623854
0 0.36875 0.8844036697247707 0.043055555555555555 0.06605504587155964
0 0.38472222222222224 0.8623853211009175 0.041666666666666664 0.06605504587155964
0 0.7361111111111112 0.8311926605504587 0.025 0.04036697247706422
0 0.8694444444444445 0.9871559633027523 0.03611111111111111 0.062385321100917435
0 0.89375 0.9733944954128441 0.02361111111111111 0.05321100917431193
0 0.8763888888888889 0.9504587155963303 0.027777777777777776 0.05137614678899083
0 0.8993055555555556 0.944954128440367 0.02638888888888889 0.05504587155963303
0 0.9326388888888889 0.8605504587155963 0.020833333333333332 0.05137614678899083
0 0.9111111111111111 0.8550458715596331 0.022222222222222223 0.04036697247706422
0 0.9958333333333333 0.926605504587156 0.025 0.05137614678899083
0 0.9298611111111111 0.7724770642201835 0.020833333333333332 0.04036697247706422
0 0.95 0.8174311926605504 0.022222222222222223 0.045871559633027525
0 0.9493055555555555 0.7706422018348624 0.020833333333333332 0.04036697247706422
0 0.9513888888888888 0.7431192660550459 0.022222222222222223 0.044036697247706424
0 0.9694444444444444 0.6944954128440367 0.027777777777777776 0.045871559633027525
0 0.9965277777777778 0.8431192660550458 0.02638888888888889 0.04220183486238532
0 0.9951388888888889 0.9706422018348624 0.02638888888888889 0.05504587155963303
