0 0.1625 0.5664251207729468 0.011111111111111112 0.03140096618357488
0 0.16875 0.7910628019323671 0.006944444444444444 0.016908212560386472
0 0.17777777777777778 0.7910628019323671 0.005555555555555556 0.016908212560386472
0 0.18541666666666667 0.783816425120773 0.006944444444444444 0.016908212560386472
0 0.2 0.782608695652174 0.005555555555555556 0.014492753623188406
0 0.16944444444444445 0.8140096618357487 0.005555555555555556 0.014492753623188406
0 0.17152777777777778 0.8369565217391305 0.006944444444444444 0.016908212560386472
0 0.18055555555555555 0.8345410628019324 0.008333333333333333 0.016908212560386472
0 0.19791666666666666 0.8333333333333334 0.006944444444444444 0.01932367149758454
0 0.20416666666666666 0.8309178743961353 0.005555555555555556 0.01932367149758454
0 0.20902777777777778 0.8768115942028986 0.006944444444444444 0.01932367149758454
0 0.17916666666666667 0.9057971014492754 0.005555555555555556 0.024154589371980676
0 0.20208333333333334 0.9009661835748792 0.006944444444444444 0.01932367149758454
0 0.2111111111111111 0.8985507246376812 0.005555555555555556 0.014492753623188406
0 0.18055555555555555 0.9311594202898551 0.008333333333333333 0.016908212560386472
0 0.18888888888888888 0.927536231884058 0.008333333333333333 0.01932367149758454
0 0.18958333333333333 0.9504830917874396 0.006944444444444444 0.016908212560386472
0 0.18055555555555555 0.9480676328502415 0.005555555555555556 0.016908212560386472
0 0.20694444444444443 0.9468599033816425 0.008333333333333333 0.01932367149758454
0 0.21666666666666667 0.9456521739130435 0.005555555555555556 0.016908212560386472
