0 0.65069 0.79817 0.04028 0.06606
0 0.925 0.24587 0.04722 0.03303
0 0.91528 0.19083 0.04722 0.03303
0 0.88958 0.03028 0.04583 0.03486
0 0.93333 0.02661 0.03889 0.03486
0 0.94653 0.07615 0.04028 0.03119
0 0.93056 0.13211 0.02222 0.04404
0 0.71944 0.0578 0.02222 0.0422
0 0.78611 0.08532 0.03611 0.06055
0 0.57361 0.05963 0.025 0.06422
0 0.63889 0.20459 0.03056 0.06422
0 0.60833 0.17706 0.03056 0.0422
0 0.54375 0.22385 0.03472 0.05872
0 0.63194 0.2789 0.03333 0.05872
0 0.37292 0.13853 0.0375 0.04954
0 0.39097 0.12661 0.03194 0.05505
0 0.24444 0.23028 0.03056 0.0422
