0 0.5944444444444444 0.3504587155963303 0.03888888888888889 0.06605504587155964
0 0.63125 0.3165137614678899 0.05138888888888889 0.07889908256880734
0 0.5604166666666667 0.44587155963302755 0.04027777777777778 0.05137614678899083
0 0.7902777777777777 0.27522935779816515 0.041666666666666664 0.06605504587155964
0 0.32430555555555557 0.9422018348623853 0.06527777777777778 0.05688073394495413
0 0.5083333333333333 0.8733944954128441 0.06111111111111111 0.05871559633027523
0 0.6409722222222223 0.9899082568807339 0.043055555555555555 0.04220183486238532
0 0.8930555555555556 0.5128440366972477 0.022222222222222223 0.04220183486238532
0 0.8902777777777777 0.5770642201834862 0.022222222222222223 0.03486238532110092
0 0.6444444444444445 0.23761467889908258 0.041666666666666664 0.06788990825688074
0 0.4722222222222222 0.25412844036697246 0.03333333333333333 0.03486238532110092
0 0.5263888888888889 0.25596330275229356 0.025 0.045871559633027525
0 0.5333333333333333 0.30458715596330277 0.027777777777777776 0.05137614678899083
0 0.5652777777777778 0.2706422018348624 0.03888888888888889 0.06788990825688074
