0 0.22013888888888888 0.9284403669724771 0.006944444444444444 0.022018348623853212
0 0.3680555555555556 0.963302752293578 0.008333333333333333 0.03302752293577982
0 0.7048611111111112 0.9733944954128441 0.006944444444444444 0.027522935779816515
0 0.7097222222222223 0.9348623853211009 0.005555555555555556 0.023853211009174313
0 0.7041666666666667 0.9440366972477064 0.005555555555555556 0.023853211009174313
0 0.6972222222222222 0.944954128440367 0.005555555555555556 0.029357798165137616
0 0.7291666666666666 0.9220183486238532 0.008333333333333333 0.031192660550458717
0 0.7513888888888889 0.9256880733944954 0.008333333333333333 0.027522935779816515
0 0.76875 0.9302752293577982 0.006944444444444444 0.029357798165137616
0 0.8270833333333333 0.8513761467889909 0.006944444444444444 0.025688073394495414
