0 0.9645833333333333 0.8715596330275229 0.029166666666666667 0.062385321100917435
0 0.9659722222222222 0.6321100917431193 0.029166666666666667 0.05321100917431193
0 0.9916666666666667 0.7743119266055046 0.03333333333333333 0.044036697247706424
0 0.8895833333333333 0.9568807339449541 0.04583333333333333 0.03486238532110092
0 0.9333333333333333 0.9532110091743119 0.03888888888888889 0.03486238532110092
0 0.8763888888888889 0.8733944954128441 0.041666666666666664 0.03302752293577982
0 0.8631944444444445 0.8238532110091743 0.04861111111111111 0.04036697247706422
0 0.8784722222222222 0.6247706422018349 0.034722222222222224 0.04220183486238532
0 0.8423611111111111 0.6385321100917432 0.03194444444444444 0.04036697247706422
0 0.8597222222222223 0.518348623853211 0.03888888888888889 0.03486238532110092
0 0.8861111111111111 0.3192660550458716 0.022222222222222223 0.047706422018348627
0 0.9222222222222223 0.8788990825688073 0.03611111111111111 0.06605504587155964
0 0.7402777777777778 0.918348623853211 0.025 0.05688073394495413
0 0.7194444444444444 0.9844036697247707 0.022222222222222223 0.04220183486238532
0 0.7395833333333334 0.6293577981651376 0.029166666666666667 0.05137614678899083
0 0.6805555555555556 0.3669724770642202 0.022222222222222223 0.05137614678899083
0 0.6965277777777777 0.363302752293578 0.018055555555555554 0.047706422018348627
0 0.5736111111111111 0.9862385321100917 0.025 0.06422018348623854
0 0.5333333333333333 0.8431192660550458 0.03888888888888889 0.06422018348623854
0 0.3875 0.7568807339449541 0.041666666666666664 0.060550458715596334
0 0.28055555555555556 0.7201834862385321 0.03888888888888889 0.05688073394495413
0 0.28958333333333336 0.8568807339449541 0.043055555555555555 0.062385321100917435
0 0.3736111111111111 0.8376146788990826 0.03611111111111111 0.07155963302752294
0 0.30972222222222223 0.7825688073394496 0.041666666666666664 0.06422018348623854
0 0.32569444444444445 0.865137614678899 0.0375 0.060550458715596334
0 0.12291666666666666 0.5963302752293578 0.029166666666666667 0.044036697247706424
0 0.3236111111111111 0.6201834862385321 0.025 0.044036697247706424
0 0.3472222222222222 0.6036697247706422 0.03333333333333333 0.04036697247706422
0 0.6159722222222223 0.38807339449541284 0.029166666666666667 0.05688073394495413
