0 0.84492 0.03676 0.03477 0.07353
0 0.07093 0.05607 0.04172 0.07537
0 0.36231 0.17555 0.0459 0.06434
0 0.27886 0.21415 0.03199 0.07904
0 0.32058 0.15257 0.03199 0.06618
0 0.36648 0.09375 0.03477 0.07353
0 0.379 0.07077 0.03199 0.07169
0 0.39152 0.05331 0.04033 0.07353
0 0.40403 0.03585 0.02643 0.06801
0 0.41446 0.0386 0.03338 0.07721
0 0.35396 0.07812 0.03199 0.05699
0 0.26078 0.18199 0.03477 0.06618
0 0.33727 0.04963 0.03199 0.06618
0 0.78234 0.06066 0.03477 0.06985
0 0.82128 0.05239 0.02086 0.05331
0 0.82197 0.10294 0.02782 0.0625
0 0.82058 0.08272 0.03616 0.06618
0 0.84006 0.27665 0.02225 0.06434
0 0.68428 0.53768 0.03338 0.07169
0 0.69541 0.45956 0.03894 0.08088
0 0.73157 0.47335 0.02225 0.06801
0 0.69193 0.48621 0.03199 0.07169
0 0.87413 0.18015 0.02921 0.09191
0 0.59944 0.69393 0.04451 0.07904
0 0.34423 0.64062 0.05424 0.06801
0 0.31572 0.53033 0.05285 0.06801
0 0.26634 0.70221 0.05424 0.06618
0 0.53686 0.59283 0.03894 0.06801
0 0.57093 0.57537 0.04033 0.07353
0 0.63561 0.60202 0.03616 0.06434
0 0.78164 0.39706 0.02503 0.08456
0 0.81572 0.22335 0.02643 0.0864
0 0.76008 0.37224 0.03199 0.06434
0 0.72253 0.40533 0.02921 0.04596
0 0.72045 0.38971 0.02782 0.05515
0 0.75243 0.33548 0.0306 0.06434
0 0.76773 0.30331 0.02503 0.06618
0 0.77469 0.28768 0.03894 0.04963
0 0.7726 0.27114 0.03199 0.07537
0 0.78442 0.24816 0.02503 0.05882
0 0.78234 0.21507 0.02921 0.05882
0 0.79694 0.19945 0.02503 0.07169
0 0.79485 0.17647 0.03477 0.0625
0 0.84979 0.15441 0.01947 0.08456
0 0.83658 0.21783 0.02643 0.06801
0 0.83519 0.17555 0.03755 0.07169
0 0.68707 0.37316 0.03616 0.07353
0 0.66551 0.52022 0.02921 0.06985
0 0.63839 0.54871 0.03338 0.06801
0 0.6509 0.50184 0.02782 0.07353
0 0.63143 0.51379 0.02225 0.05699
0 0.61613 0.54228 0.03338 0.08088
0 0.61892 0.47978 0.03338 0.08088
0 0.59805 0.5239 0.02782 0.06618
0 0.57789 0.53033 0.03755 0.06801
0 0.55702 0.51103 0.02364 0.08456
0 0.53616 0.51746 0.02921 0.07537
0 0.51391 0.53401 0.03755 0.06066
0 0.48818 0.52665 0.03894 0.06801
0 0.46175 0.54688 0.03894 0.04596
0 0.45271 0.5193 0.03199 0.05699
0 0.42907 0.51654 0.03477 0.06618
0 0.41307 0.51011 0.03338 0.08272
0 0.38387 0.51103 0.02782 0.05147
0 0.35675 0.51011 0.03755 0.06801
0 0.36648 0.48805 0.03755 0.06434
0 0.3338 0.48897 0.03616 0.07353
0 0.30946 0.49173 0.03199 0.06434
0 0.28929 0.66544 0.04451 0.0625
0 0.29764 0.59099 0.05841 0.0864
0 0.05494 0.63603 0.0765 0.0625
0 0.12239 0.76746 0.06676 0.06801
0 0.0911 0.8704 0.07093 0.06801
0 0.21419 0.69026 0.07232 0.06434
0 0.19611 0.54871 0.04172 0.06066
0 0.14534 0.63051 0.05702 0.07721
