0 0.004861111111111111 0.43577981651376146 0.009722222222222222 0.01651376146788991
0 0.019444444444444445 0.46605504587155966 0.011111111111111112 0.01834862385321101
0 0.05277777777777778 0.43669724770642204 0.008333333333333333 0.022018348623853212
0 0.03888888888888889 0.42568807339449544 0.005555555555555556 0.025688073394495414
0 0.14652777777777778 0.1871559633027523 0.006944444444444444 0.022018348623853212
0 0.16111111111111112 0.17155963302752295 0.008333333333333333 0.023853211009174313
0 0.2520833333333333 0.06330275229357799 0.006944444444444444 0.012844036697247707
0 0.2048611111111111 0.12110091743119267 0.006944444444444444 0.01834862385321101
0 0.21666666666666667 0.0834862385321101 0.008333333333333333 0.01651376146788991
0 0.24305555555555555 0.09908256880733946 0.008333333333333333 0.025688073394495414
0 0.2604166666666667 0.03761467889908257 0.009722222222222222 0.02018348623853211
0 0.26944444444444443 0.022935779816513763 0.008333333333333333 0.023853211009174313
0 0.23680555555555555 0.05137614678899083 0.006944444444444444 0.022018348623853212
