0 0.8763888888888889 0.8376146788990826 0.011111111111111112 0.03486238532110092
0 0.9680555555555556 0.8275229357798165 0.013888888888888888 0.025688073394495414
0 0.94375 0.8834862385321101 0.0125 0.031192660550458717
0 0.8881944444444444 0.936697247706422 0.015277777777777777 0.027522935779816515
0 0.7666666666666667 0.9963302752293578 0.016666666666666666 0.04036697247706422
0 0.8569444444444444 0.936697247706422 0.011111111111111112 0.03853211009174312
0 0.8618055555555556 0.9302752293577982 0.0125 0.03669724770642202
0 0.40694444444444444 0.9440366972477064 0.019444444444444445 0.03853211009174312
0 0.3486111111111111 0.9293577981651376 0.013888888888888888 0.03486238532110092
0 0.26805555555555555 0.9027522935779817 0.016666666666666666 0.05137614678899083
0 0.044444444444444446 0.9853211009174312 0.016666666666666666 0.025688073394495414
