0 0.25555555555555554 0.47342995169082125 0.030555555555555555 0.11594202898550725
0 0.48125 0.08333333333333333 0.02638888888888889 0.09420289855072464
0 0.625 0.25966183574879226 0.030555555555555555 0.06521739130434782
0 0.7277777777777777 0.2717391304347826 0.025 0.06521739130434782
0 0.9409722222222222 0.34057971014492755 0.02361111111111111 0.057971014492753624
0 0.8854166666666666 0.03743961352657005 0.018055555555555554 0.0748792270531401
0 0.8236111111111111 0.03260869565217391 0.022222222222222223 0.06521739130434782
0 0.7791666666666667 0.03260869565217391 0.016666666666666666 0.06521739130434782
0 0.8756944444444444 0.035024154589371984 0.018055555555555554 0.07004830917874397
0 0.8555555555555555 0.03140096618357488 0.016666666666666666 0.06280193236714976
