0 0.7534722222222222 0.1111111111111111 0.004166666666666667 0.014492753623188406
0 0.7486111111111111 0.11594202898550725 0.002777777777777778 0.014492753623188406
0 0.7631944444444444 0.12681159420289856 0.004166666666666667 0.012077294685990338
0 0.9583333333333334 0.6557971014492754 0.005555555555555556 0.021739130434782608
0 0.8895833333333333 0.5785024154589372 0.0125 0.036231884057971016
0 0.8875 0.40096618357487923 0.011111111111111112 0.028985507246376812
0 0.8458333333333333 0.39855072463768115 0.011111111111111112 0.028985507246376812
0 0.85 0.33695652173913043 0.011111111111111112 0.026570048309178744
0 0.9541666666666667 0.5108695652173914 0.002777777777777778 0.012077294685990338
0 0.9513888888888888 0.5108695652173914 0.002777777777777778 0.016908212560386472
0 0.9555555555555556 0.4939613526570048 0.002777777777777778 0.012077294685990338
0 0.9611111111111111 0.49879227053140096 0.002777777777777778 0.012077294685990338
0 0.9472222222222222 0.42391304347826086 0.002777777777777778 0.012077294685990338
0 0.9347222222222222 0.3756038647342995 0.002777777777777778 0.012077294685990338
0 0.9013888888888889 0.1642512077294686 0.002777777777777778 0.014492753623188406
