0 0.029861111111111113 0.998165137614679 0.0125 0.044036697247706424
0 0.041666666666666664 0.9724770642201835 0.011111111111111112 0.03669724770642202
0 0.14097222222222222 0.9045871559633027 0.006944444444444444 0.022018348623853212
0 0.13819444444444445 0.8954128440366973 0.009722222222222222 0.022018348623853212
0 0.04722222222222222 0.8862385321100917 0.011111111111111112 0.04036697247706422
0 0.034027777777777775 0.8889908256880734 0.0125 0.03853211009174312
0 0.32916666666666666 0.8321100917431192 0.016666666666666666 0.03853211009174312
0 0.014583333333333334 0.5559633027522936 0.009722222222222222 0.03302752293577982
0 0.024305555555555556 0.5596330275229358 0.009722222222222222 0.03302752293577982
0 0.15138888888888888 0.7275229357798165 0.013888888888888888 0.03486238532110092
0 0.16180555555555556 0.7256880733944954 0.009722222222222222 0.03486238532110092
0 0.16805555555555557 0.7201834862385321 0.008333333333333333 0.03853211009174312
