0 0.02013888888888889 0.7697247706422018 0.04027777777777778 0.08990825688073395
0 0.06597222222222222 0.7825688073394496 0.043055555555555555 0.09357798165137615
0 0.125 0.6779816513761467 0.04722222222222222 0.06788990825688074
0 0.3972222222222222 0.6844036697247706 0.04722222222222222 0.06972477064220184
0 0.41458333333333336 0.653211009174312 0.04027777777777778 0.05137614678899083
0 0.5493055555555556 0.5486238532110091 0.04583333333333333 0.06972477064220184
0 0.49375 0.42201834862385323 0.04027777777777778 0.06972477064220184
0 0.7256944444444444 0.48256880733944957 0.0375 0.08807339449541285
0 0.7270833333333333 0.5788990825688073 0.0375 0.07155963302752294
0 0.8263888888888888 0.7018348623853211 0.04722222222222222 0.07155963302752294
0 0.8694444444444445 0.9559633027522936 0.06388888888888888 0.07339449541284404
