0 0.12777777777777777 0.10550458715596331 0.008333333333333333 0.01651376146788991
0 0.1388888888888889 0.5770642201834862 0.005555555555555556 0.01651376146788991
0 0.7423611111111111 0.9440366972477064 0.004166666666666667 0.01651376146788991
0 0.7555555555555555 0.936697247706422 0.005555555555555556 0.01651376146788991
0 0.20972222222222223 0.8899082568807339 0.011111111111111112 0.01834862385321101
0 0.18333333333333332 0.8376146788990826 0.008333333333333333 0.01651376146788991
0 0.41597222222222224 0.43853211009174314 0.006944444444444444 0.022018348623853212
0 0.4423611111111111 0.41926605504587156 0.006944444444444444 0.012844036697247707
0 0.4638888888888889 0.44862385321100917 0.005555555555555556 0.02018348623853211
0 0.4736111111111111 0.40825688073394495 0.005555555555555556 0.02018348623853211
