0 0.3138888888888889 0.04468599033816425 0.005555555555555556 0.021739130434782608
0 0.05486111111111111 0.09782608695652174 0.006944444444444444 0.021739130434782608
0 0.08472222222222223 0.11594202898550725 0.005555555555555556 0.024154589371980676
0 0.13958333333333334 0.21980676328502416 0.006944444444444444 0.028985507246376812
0 0.6805555555555556 0.3804347826086957 0.005555555555555556 0.026570048309178744
0 0.6736111111111112 0.38405797101449274 0.005555555555555556 0.024154589371980676
0 0.8083333333333333 0.5483091787439613 0.005555555555555556 0.028985507246376812
0 0.7993055555555556 0.5362318840579711 0.006944444444444444 0.033816425120772944
0 0.8083333333333333 0.535024154589372 0.005555555555555556 0.026570048309178744
0 0.8284722222222223 0.5157004830917874 0.006944444444444444 0.026570048309178744
0 0.4888888888888889 0.9299516908212561 0.011111111111111112 0.024154589371980676
