0 0.5444444444444444 0.15458937198067632 0.016666666666666666 0.057971014492753624
0 0.7451388888888889 0.2741545893719807 0.015277777777777777 0.06038647342995169
0 0.7263888888888889 0.3997584541062802 0.016666666666666666 0.05555555555555555
0 0.6909722222222222 0.4468599033816425 0.020833333333333332 0.04830917874396135
0 0.6909722222222222 0.5833333333333334 0.0125 0.050724637681159424
0 0.9923611111111111 0.4311594202898551 0.0125 0.06521739130434782
0 0.975 0.4420289855072464 0.008333333333333333 0.04830917874396135
0 0.6902777777777778 0.8900966183574879 0.019444444444444445 0.050724637681159424
0 0.6965277777777777 0.8804347826086957 0.009722222222222222 0.04589371980676329
0 0.6986111111111111 0.9891304347826086 0.016666666666666666 0.04589371980676329
