0 0.9402777777777778 0.7614678899082569 0.03333333333333333 0.03669724770642202
0 0.89375 0.6357798165137615 0.02638888888888889 0.03853211009174312
0 0.9805555555555555 0.5788990825688073 0.022222222222222223 0.045871559633027525
0 0.9243055555555556 0.5192660550458715 0.020833333333333332 0.03302752293577982
0 0.3076388888888889 0.9385321100917431 0.02638888888888889 0.060550458715596334
0 0.6243055555555556 0.9788990825688073 0.04583333333333333 0.04220183486238532
0 0.42986111111111114 0.40458715596330275 0.015277777777777777 0.03853211009174312
0 0.16597222222222222 0.4706422018348624 0.018055555555555554 0.03486238532110092
0 0.21666666666666667 0.43486238532110094 0.019444444444444445 0.022018348623853212
0 0.3125 0.44770642201834865 0.019444444444444445 0.029357798165137616
0 0.041666666666666664 0.9724770642201835 0.030555555555555555 0.05504587155963303
0 0.013194444444444444 0.9743119266055046 0.02638888888888889 0.05504587155963303
0 0.18611111111111112 0.3165137614678899 0.022222222222222223 0.031192660550458717
0 0.19583333333333333 0.30642201834862387 0.019444444444444445 0.03669724770642202
0 0.18194444444444444 0.2981651376146789 0.011111111111111112 0.027522935779816515
0 0.32013888888888886 0.18807339449541285 0.018055555555555554 0.03853211009174312
0 0.29305555555555557 0.23211009174311928 0.013888888888888888 0.03853211009174312
0 0.3576388888888889 0.23853211009174313 0.015277777777777777 0.03669724770642202
0 0.37777777777777777 0.23027522935779818 0.016666666666666666 0.03853211009174312
0 0.25972222222222224 0.07706422018348624 0.013888888888888888 0.01834862385321101
