0 0.02847222222222222 0.46788990825688076 0.0375 0.10642201834862386
0 0.9173611111111111 0.5706422018348624 0.018055555555555554 0.07706422018348624
0 0.9659722222222222 0.5302752293577981 0.018055555555555554 0.05871559633027523
0 0.9965277777777778 0.5587155963302752 0.018055555555555554 0.06422018348623854
0 0.8583333333333333 0.563302752293578 0.019444444444444445 0.062385321100917435
0 0.925 0.3651376146788991 0.016666666666666666 0.06605504587155964
0 0.8881944444444444 0.3330275229357798 0.020833333333333332 0.07155963302752294
0 0.8916666666666667 0.28440366972477066 0.022222222222222223 0.062385321100917435
0 0.8729166666666667 0.2 0.006944444444444444 0.029357798165137616
0 0.8791666666666667 0.21651376146788992 0.011111111111111112 0.05504587155963303
