0 0.7201388888888889 0.8091787439613527 0.006944444444444444 0.033816425120772944
0 0.7111111111111111 0.7995169082125604 0.008333333333333333 0.033816425120772944
0 0.7236111111111111 0.7934782608695652 0.005555555555555556 0.03140096618357488
0 0.7222222222222222 0.7137681159420289 0.008333333333333333 0.03140096618357488
0 0.7166666666666667 0.7439613526570048 0.008333333333333333 0.03864734299516908
0 0.7263888888888889 0.6944444444444444 0.008333333333333333 0.026570048309178744
0 0.7583333333333333 0.5289855072463768 0.005555555555555556 0.01932367149758454
0 0.7583333333333333 0.6123188405797102 0.005555555555555556 0.026570048309178744
0 0.7583333333333333 0.5954106280193237 0.005555555555555556 0.021739130434782608
0 0.7708333333333334 0.5132850241545893 0.005555555555555556 0.021739130434782608
0 0.7722222222222223 0.5060386473429952 0.005555555555555556 0.021739130434782608
0 0.7708333333333334 0.46859903381642515 0.005555555555555556 0.01932367149758454
