0 0.024305555555555556 0.2210144927536232 0.006944444444444444 0.03140096618357488
0 0.5416666666666666 0.9939613526570048 0.008333333333333333 0.03140096618357488
0 0.525 0.9842995169082126 0.005555555555555556 0.03140096618357488
0 0.5326388888888889 0.9867149758454107 0.006944444444444444 0.036231884057971016
0 0.4638888888888889 0.9806763285024155 0.011111111111111112 0.033816425120772944
0 0.48194444444444445 0.9528985507246377 0.008333333333333333 0.021739130434782608
0 0.47152777777777777 0.9516908212560387 0.004166666666666667 0.024154589371980676
0 0.4625 0.9456521739130435 0.008333333333333333 0.021739130434782608
0 0.4513888888888889 0.9698067632850241 0.011111111111111112 0.03140096618357488
0 0.44166666666666665 0.9637681159420289 0.008333333333333333 0.028985507246376812
0 0.4361111111111111 0.9335748792270532 0.008333333333333333 0.026570048309178744
0 0.41805555555555557 0.9468599033816425 0.005555555555555556 0.024154589371980676
0 0.4013888888888889 0.9396135265700483 0.011111111111111112 0.028985507246376812
0 0.39166666666666666 0.9347826086956522 0.008333333333333333 0.028985507246376812
0 0.3861111111111111 0.9057971014492754 0.005555555555555556 0.01932367149758454
0 0.40208333333333335 0.9106280193236715 0.004166666666666667 0.01932367149758454
0 0.3368055555555556 0.8647342995169082 0.006944444444444444 0.028985507246376812
0 0.3625 0.9142512077294686 0.011111111111111112 0.03140096618357488
0 0.37222222222222223 0.9239130434782609 0.008333333333333333 0.03140096618357488
0 0.35208333333333336 0.8417874396135265 0.0125 0.026570048309178744
