0 0.88958 0.74037 0.01806 0.0789
0 0.43958 0.69725 0.01806 0.06972
0 0.42292 0.69725 0.01806 0.07339
0 0.2375 0.41101 0.01111 0.04404
0 0.2875 0.27615 0.00833 0.03119
0 0.29792 0.27615 0.00694 0.02752
0 0.30903 0.26147 0.00694 0.02752
0 0.31597 0.26514 0.00417 0.01651
0 0.32222 0.26055 0.00556 0.02569
0 0.16806 0.24037 0.00833 0.02569
0 0.15069 0.23486 0.00972 0.02936
0 0.10347 0.12477 0.00417 0.01468
0 0.09931 0.12569 0.00417 0.00917
0 0.08681 0.11835 0.00417 0.01284
0 0.08333 0.11927 0.00278 0.01101
0 0.38056 0.46881 0.01389 0.0422
0 0.13819 0.13303 0.00417 0.01651
0 0.12986 0.13119 0.00417 0.01284
0 0.11319 0.13303 0.00417 0.01284
