0 0.10694444444444444 0.24516908212560387 0.005555555555555556 0.021739130434782608
0 0.12083333333333333 0.2463768115942029 0.005555555555555556 0.01932367149758454
0 0.11597222222222223 0.2222222222222222 0.006944444444444444 0.01932367149758454
0 0.08402777777777778 0.5495169082125604 0.006944444444444444 0.016908212560386472
0 0.08958333333333333 0.5205314009661836 0.004166666666666667 0.016908212560386472
0 0.07777777777777778 0.5446859903381642 0.002777777777777778 0.021739130434782608
0 0.08402777777777778 0.6968599033816425 0.004166666666666667 0.016908212560386472
0 0.07777777777777778 0.7016908212560387 0.008333333333333333 0.021739130434782608
0 0.04722222222222222 0.7741545893719807 0.005555555555555556 0.021739130434782608
0 0.008333333333333333 0.5845410628019324 0.005555555555555556 0.028985507246376812
0 0.05694444444444444 0.9951690821256038 0.005555555555555556 0.01932367149758454
0 0.15416666666666667 0.04710144927536232 0.005555555555555556 0.026570048309178744
0 0.225 0.08574879227053141 0.005555555555555556 0.016908212560386472
0 0.2298611111111111 0.07971014492753623 0.004166666666666667 0.01932367149758454
0 0.24444444444444444 0.1497584541062802 0.005555555555555556 0.028985507246376812
0 0.25 0.17270531400966183 0.005555555555555556 0.016908212560386472
0 0.25972222222222224 0.15579710144927536 0.005555555555555556 0.021739130434782608
0 0.27569444444444446 0.16666666666666666 0.004166666666666667 0.01932367149758454
0 0.25763888888888886 0.14009661835748793 0.004166666666666667 0.014492753623188406
0 0.2513888888888889 0.05314009661835749 0.005555555555555556 0.01932367149758454
0 0.2881944444444444 0.24154589371980675 0.004166666666666667 0.01932367149758454
0 0.29930555555555555 0.23067632850241546 0.006944444444444444 0.016908212560386472
0 0.3090277777777778 0.27898550724637683 0.004166666666666667 0.016908212560386472
0 0.31319444444444444 0.28140096618357485 0.004166666666666667 0.016908212560386472
0 0.32708333333333334 0.3285024154589372 0.004166666666666667 0.01932367149758454
0 0.33402777777777776 0.34299516908212563 0.004166666666666667 0.01932367149758454
0 0.3402777777777778 0.34299516908212563 0.002777777777777778 0.01932367149758454
0 0.3326388888888889 0.32971014492753625 0.004166666666666667 0.016908212560386472
0 0.3416666666666667 0.32971014492753625 0.002777777777777778 0.021739130434782608
0 0.25555555555555554 0.2777777777777778 0.005555555555555556 0.014492753623188406
0 0.24791666666666667 0.2584541062801932 0.004166666666666667 0.01932367149758454
0 0.2743055555555556 0.2946859903381642 0.004166666666666667 0.01932367149758454
0 0.26944444444444443 0.2971014492753623 0.002777777777777778 0.00966183574879227
0 0.2798611111111111 0.29347826086956524 0.006944444444444444 0.016908212560386472
0 0.2972222222222222 0.3176328502415459 0.005555555555555556 0.021739130434782608
0 0.29097222222222224 0.32004830917874394 0.004166666666666667 0.021739130434782608
0 0.28541666666666665 0.358695652173913 0.004166666666666667 0.016908212560386472
0 0.31180555555555556 0.322463768115942 0.004166666666666667 0.021739130434782608
0 0.3159722222222222 0.3333333333333333 0.004166666666666667 0.01932367149758454
0 0.32013888888888886 0.34903381642512077 0.004166666666666667 0.016908212560386472
0 0.3680555555555556 0.36231884057971014 0.005555555555555556 0.01932367149758454
0 0.36875 0.37681159420289856 0.004166666666666667 0.01932367149758454
0 0.3729166666666667 0.3888888888888889 0.004166666666666667 0.024154589371980676
0 0.38125 0.3695652173913043 0.004166666666666667 0.01932367149758454
0 0.29930555555555555 0.3852657004830918 0.006944444444444444 0.016908212560386472
0 0.3055555555555556 0.40700483091787437 0.005555555555555556 0.021739130434782608
0 0.2972222222222222 0.39855072463768115 0.005555555555555556 0.01932367149758454
0 0.2861111111111111 0.4082125603864734 0.005555555555555556 0.024154589371980676
0 0.2763888888888889 0.3973429951690821 0.005555555555555556 0.021739130434782608
0 0.2701388888888889 0.39855072463768115 0.004166666666666667 0.01932367149758454
0 0.34097222222222223 0.48429951690821255 0.006944444444444444 0.021739130434782608
0 0.3333333333333333 0.4975845410628019 0.005555555555555556 0.01932367149758454
0 0.3763888888888889 0.20652173913043478 0.005555555555555556 0.021739130434782608
0 0.38125 0.2427536231884058 0.006944444444444444 0.016908212560386472
0 0.38125 0.4033816425120773 0.004166666666666667 0.00966183574879227
0 0.3875 0.4033816425120773 0.002777777777777778 0.014492753623188406
0 0.41388888888888886 0.40096618357487923 0.005555555555555556 0.01932367149758454
0 0.32569444444444445 0.4939613526570048 0.004166666666666667 0.016908212560386472
0 0.25972222222222224 0.5809178743961353 0.005555555555555556 0.021739130434782608
0 0.24444444444444444 0.5797101449275363 0.005555555555555556 0.01932367149758454
0 0.23958333333333334 0.5821256038647343 0.004166666666666667 0.014492753623188406
0 0.2326388888888889 0.6280193236714976 0.006944444444444444 0.01932367149758454
0 0.31527777777777777 0.49516908212560384 0.005555555555555556 0.014492753623188406
0 0.3215277777777778 0.5036231884057971 0.004166666666666667 0.016908212560386472
0 0.22847222222222222 0.5374396135265701 0.004166666666666667 0.021739130434782608
0 0.22291666666666668 0.5664251207729468 0.006944444444444444 0.026570048309178744
0 0.22152777777777777 0.5446859903381642 0.004166666666666667 0.016908212560386472
0 0.20208333333333334 0.571256038647343 0.006944444444444444 0.021739130434782608
0 0.1625 0.6002415458937198 0.005555555555555556 0.021739130434782608
0 0.1986111111111111 0.677536231884058 0.008333333333333333 0.03140096618357488
0 0.21875 0.6884057971014492 0.006944444444444444 0.028985507246376812
0 0.16527777777777777 0.7657004830917874 0.008333333333333333 0.01932367149758454
0 0.2875 0.6642512077294686 0.005555555555555556 0.01932367149758454
0 0.3298611111111111 0.6219806763285024 0.004166666666666667 0.012077294685990338
0 0.37083333333333335 0.533816425120773 0.005555555555555556 0.024154589371980676
0 0.3784722222222222 0.5229468599033816 0.004166666666666667 0.016908212560386472
0 0.35138888888888886 0.535024154589372 0.005555555555555556 0.007246376811594203
0 0.35694444444444445 0.5495169082125604 0.005555555555555556 0.012077294685990338
0 0.37222222222222223 0.5760869565217391 0.005555555555555556 0.026570048309178744
0 0.26180555555555557 0.7596618357487923 0.006944444444444444 0.016908212560386472
0 0.3138888888888889 0.7669082125603864 0.008333333333333333 0.021739130434782608
0 0.24791666666666667 0.783816425120773 0.006944444444444444 0.021739130434782608
0 0.23472222222222222 0.7765700483091788 0.005555555555555556 0.016908212560386472
0 0.4166666666666667 0.7294685990338164 0.005555555555555556 0.01932367149758454
0 0.20625 0.8985507246376812 0.004166666666666667 0.01932367149758454
0 0.3729166666666667 0.9190821256038647 0.006944444444444444 0.016908212560386472
0 0.38055555555555554 0.9178743961352657 0.005555555555555556 0.01932367149758454
0 0.3770833333333333 0.9106280193236715 0.004166666666666667 0.01932367149758454
0 0.6006944444444444 0.9528985507246377 0.0125 0.026570048309178744
0 0.5715277777777777 0.928743961352657 0.009722222222222222 0.026570048309178744
0 0.6138888888888889 0.9359903381642513 0.008333333333333333 0.021739130434782608
0 0.5972222222222222 0.9154589371980676 0.008333333333333333 0.01932367149758454
0 0.4798611111111111 0.9541062801932367 0.006944444444444444 0.024154589371980676
0 0.5402777777777777 0.9565217391304348 0.005555555555555556 0.014492753623188406
0 0.5479166666666667 0.9589371980676329 0.006944444444444444 0.014492753623188406
0 0.7347222222222223 0.9528985507246377 0.016666666666666666 0.016908212560386472
0 0.6097222222222223 0.8514492753623188 0.008333333333333333 0.021739130434782608
0 0.61875 0.857487922705314 0.004166666666666667 0.01932367149758454
0 0.6222222222222222 0.8502415458937198 0.008333333333333333 0.01932367149758454
0 0.6979166666666666 0.8719806763285024 0.009722222222222222 0.01932367149758454
0 0.6958333333333333 0.8647342995169082 0.011111111111111112 0.00966183574879227
0 0.6923611111111111 0.855072463768116 0.0125 0.00966183574879227
0 0.6888888888888889 0.8514492753623188 0.013888888888888888 0.016908212560386472
0 0.6916666666666667 0.8405797101449275 0.008333333333333333 0.014492753623188406
0 0.6798611111111111 0.7644927536231884 0.006944444444444444 0.012077294685990338
0 0.6666666666666666 0.7584541062801933 0.008333333333333333 0.014492753623188406
0 0.6180555555555556 0.6316425120772947 0.002777777777777778 0.012077294685990338
0 0.6930555555555555 0.5483091787439613 0.008333333333333333 0.01932367149758454
0 0.7027777777777777 0.5229468599033816 0.008333333333333333 0.016908212560386472
0 0.6680555555555555 0.5 0.008333333333333333 0.024154589371980676
0 0.6659722222222222 0.46859903381642515 0.009722222222222222 0.024154589371980676
0 0.6180555555555556 0.3647342995169082 0.008333333333333333 0.024154589371980676
0 0.475 0.3743961352657005 0.008333333333333333 0.028985507246376812
0 0.45625 0.47946859903381644 0.006944444444444444 0.016908212560386472
0 0.46875 0.45410628019323673 0.004166666666666667 0.014492753623188406
0 0.5284722222222222 0.45652173913043476 0.006944444444444444 0.01932367149758454
0 0.5631944444444444 0.45410628019323673 0.006944444444444444 0.01932367149758454
0 0.5743055555555555 0.40700483091787437 0.006944444444444444 0.012077294685990338
0 0.4263888888888889 0.391304347826087 0.005555555555555556 0.014492753623188406
0 0.4305555555555556 0.4033816425120773 0.005555555555555556 0.014492753623188406
0 0.4534722222222222 0.4142512077294686 0.004166666666666667 0.012077294685990338
0 0.51875 0.4323671497584541 0.004166666666666667 0.014492753623188406
0 0.5159722222222223 0.45893719806763283 0.004166666666666667 0.014492753623188406
0 0.5270833333333333 0.4335748792270531 0.004166666666666667 0.012077294685990338
0 0.5479166666666667 0.4311594202898551 0.006944444444444444 0.012077294685990338
0 0.5548611111111111 0.44806763285024154 0.004166666666666667 0.016908212560386472
0 0.5472222222222223 0.4492753623188406 0.005555555555555556 0.00966183574879227
0 0.55625 0.42995169082125606 0.004166666666666667 0.01932367149758454
0 0.5111111111111111 0.4528985507246377 0.002777777777777778 0.012077294685990338
0 0.51875 0.4444444444444444 0.006944444444444444 0.00966183574879227
0 0.5 0.4311594202898551 0.005555555555555556 0.016908212560386472
0 0.48819444444444443 0.4444444444444444 0.006944444444444444 0.01932367149758454
0 0.47708333333333336 0.4359903381642512 0.009722222222222222 0.016908212560386472
0 0.4826388888888889 0.42028985507246375 0.004166666666666667 0.00966183574879227
0 0.4888888888888889 0.42995169082125606 0.005555555555555556 0.014492753623188406
0 0.4625 0.427536231884058 0.005555555555555556 0.014492753623188406
0 0.4465277777777778 0.42632850241545894 0.006944444444444444 0.016908212560386472
0 0.44722222222222224 0.44323671497584544 0.005555555555555556 0.012077294685990338
0 0.4583333333333333 0.44082125603864736 0.008333333333333333 0.021739130434782608
0 0.4534722222222222 0.42995169082125606 0.006944444444444444 0.014492753623188406
0 0.6236111111111111 0.4082125603864734 0.008333333333333333 0.014492753623188406
0 0.45416666666666666 0.11231884057971014 0.005555555555555556 0.021739130434782608
0 0.45902777777777776 0.1678743961352657 0.006944444444444444 0.021739130434782608
0 0.5993055555555555 0.24033816425120774 0.006944444444444444 0.021739130434782608
0 0.6013888888888889 0.22946859903381642 0.005555555555555556 0.024154589371980676
0 0.5944444444444444 0.21256038647342995 0.005555555555555556 0.01932367149758454
0 0.5951388888888889 0.2222222222222222 0.004166666666666667 0.01932367149758454
0 0.4930555555555556 0.036231884057971016 0.005555555555555556 0.01932367149758454
0 0.4847222222222222 0.03864734299516908 0.005555555555555556 0.01932367149758454
0 0.4895833333333333 0.042270531400966184 0.006944444444444444 0.021739130434782608
0 0.8993055555555556 0.15458937198067632 0.006944444444444444 0.024154589371980676
0 0.9159722222222222 0.16183574879227053 0.004166666666666667 0.024154589371980676
0 0.9236111111111112 0.16183574879227053 0.005555555555555556 0.01932367149758454
0 0.7729166666666667 0.6835748792270532 0.0125 0.024154589371980676
0 0.8423611111111111 0.8514492753623188 0.006944444444444444 0.021739130434782608
0 0.8347222222222223 0.8454106280193237 0.011111111111111112 0.024154589371980676
0 0.8583333333333333 0.9202898550724637 0.008333333333333333 0.01932367149758454
0 0.8673611111111111 0.9154589371980676 0.006944444444444444 0.014492753623188406
0 0.63125 0.3635265700483092 0.004166666666666667 0.021739130434782608
0 0.9118055555555555 0.14009661835748793 0.004166666666666667 0.01932367149758454
0 0.9055555555555556 0.1473429951690821 0.002777777777777778 0.01932367149758454
0 0.9458333333333333 0.6944444444444444 0.008333333333333333 0.021739130434782608
