0 0.7375 0.91835 0.06944 0.14862
0 0.68125 0.68532 0.04583 0.13761
0 0.36944 0.72202 0.03056 0.12661
0 0.33125 0.65321 0.02083 0.11376
0 0.34653 0.68807 0.02361 0.12477
0 0.51181 0.52752 0.03194 0.10826
0 0.55486 0.52202 0.02083 0.11193
0 0.57847 0.52202 0.02361 0.10092
0 0.61111 0.57064 0.01944 0.07706
0 0.62431 0.51651 0.03472 0.10092
0 0.68681 0.51651 0.03194 0.09358
0 0.74514 0.48991 0.02361 0.07339
0 0.52847 0.42202 0.02917 0.08807
0 0.57361 0.42477 0.01944 0.09358
0 0.60139 0.41009 0.02778 0.08991
0 0.49653 0.32385 0.01806 0.08991
0 0.58264 0.33028 0.02083 0.08073
0 0.59028 0.27982 0.025 0.06789
0 0.59583 0.25046 0.02222 0.08257
0 0.61597 0.25229 0.02083 0.07156
0 0.62292 0.22018 0.01528 0.06606
0 0.6375 0.22752 0.01389 0.05138
0 0.44861 0.65963 0.03611 0.09358
0 0.31875 0.38899 0.02639 0.09174
0 0.28194 0.37798 0.01667 0.08073
