0 0.5680555555555555 0.7572463768115942 0.016666666666666666 0.04589371980676329
0 0.44305555555555554 0.7560386473429952 0.019444444444444445 0.043478260869565216
0 0.4625 0.7198067632850241 0.019444444444444445 0.043478260869565216
0 0.5493055555555556 0.5797101449275363 0.018055555555555554 0.05314009661835749
0 0.49583333333333335 0.49516908212560384 0.027777777777777776 0.057971014492753624
0 0.5458333333333333 0.3176328502415459 0.013888888888888888 0.050724637681159424
0 0.6083333333333333 0.30193236714975846 0.013888888888888888 0.03864734299516908
0 0.7534722222222222 0.04830917874396135 0.015277777777777777 0.04830917874396135
0 0.7319444444444444 0.042270531400966184 0.019444444444444445 0.04589371980676329
0 0.7069444444444445 0.0748792270531401 0.019444444444444445 0.043478260869565216
0 0.7013888888888888 0.13043478260869565 0.019444444444444445 0.03864734299516908
0 0.5256944444444445 0.049516908212560384 0.020833333333333332 0.06038647342995169
0 0.6375 0.14371980676328502 0.011111111111111112 0.04106280193236715
0 0.6541666666666667 0.1292270531400966 0.013888888888888888 0.04106280193236715
0 0.6597222222222222 0.10628019323671498 0.013888888888888888 0.03864734299516908
0 0.6541666666666667 0.08333333333333333 0.013888888888888888 0.03140096618357488
0 0.6465277777777778 0.07246376811594203 0.015277777777777777 0.03864734299516908
0 0.6208333333333333 0.06521739130434782 0.011111111111111112 0.028985507246376812
0 0.5979166666666667 0.08091787439613526 0.015277777777777777 0.04106280193236715
0 0.5791666666666667 0.10748792270531402 0.011111111111111112 0.03140096618357488
0 0.5916666666666667 0.13285024154589373 0.011111111111111112 0.033816425120772944
0 0.6041666666666666 0.15217391304347827 0.013888888888888888 0.043478260869565216
0 0.6347222222222222 0.10386473429951691 0.011111111111111112 0.033816425120772944
0 0.6222222222222222 0.10024154589371981 0.013888888888888888 0.036231884057971016
0 0.5798611111111112 0.33695652173913043 0.0125 0.03140096618357488
0 0.5972222222222222 0.3248792270531401 0.016666666666666666 0.036231884057971016
0 0.5701388888888889 0.28140096618357485 0.015277777777777777 0.03140096618357488
0 0.5881944444444445 0.2995169082125604 0.015277777777777777 0.028985507246376812
0 0.5701388888888889 0.3393719806763285 0.0125 0.036231884057971016
0 0.6347222222222222 0.6231884057971014 0.011111111111111112 0.028985507246376812
