0 0.03403 0.88899 0.02917 0.08991
0 0.06042 0.8945 0.02083 0.08991
0 0.01319 0.53394 0.01528 0.0367
0 0.06389 0.77064 0.02222 0.05872
0 0.15139 0.31376 0.01389 0.0367
0 0.15972 0.30917 0.01667 0.03486
0 0.42222 0.28073 0.01667 0.03303
0 0.43889 0.29908 0.00833 0.02936
0 0.44653 0.29358 0.00972 0.0367
0 0.50208 0.30275 0.00972 0.02936
0 0.51806 0.31468 0.00833 0.02752
0 0.53472 0.28991 0.00833 0.0367
0 0.54792 0.30367 0.00972 0.02018
0 0.57222 0.31009 0.01111 0.02569
0 0.59861 0.32661 0.01111 0.02569
0 0.85486 0.53211 0.01528 0.0367
0 0.88333 0.48257 0.02222 0.04037
