0 0.23333333333333334 0.9174311926605505 0.09722222222222222 0.23119266055045873
0 0.4152777777777778 0.6935779816513762 0.06666666666666667 0.14311926605504588
0 0.6541666666666667 0.6146788990825688 0.03333333333333333 0.10642201834862386
0 0.7319444444444444 0.6376146788990825 0.06111111111111111 0.1559633027522936
0 0.8076388888888889 0.6486238532110091 0.05138888888888889 0.14128440366972478
0 0.8895833333333333 0.5844036697247706 0.04027777777777778 0.13394495412844037
0 0.9673611111111111 0.9779816513761468 0.07083333333333333 0.27155963302752295
0 0.9472222222222222 0.7752293577981652 0.058333333333333334 0.1926605504587156
0 0.9222222222222223 0.755045871559633 0.058333333333333334 0.1743119266055046
0 0.28055555555555556 0.8871559633027523 0.10277777777777777 0.24036697247706423
0 0.04513888888888889 0.9954128440366973 0.09027777777777778 0.26238532110091745
0 0.8972222222222223 0.5238532110091743 0.022222222222222223 0.10091743119266056
0 0.06944444444444445 0.955045871559633 0.06944444444444445 0.1706422018348624
