0 0.03125 0.4981651376146789 0.043055555555555555 0.09724770642201835
0 0.08611111111111111 0.5229357798165137 0.03888888888888889 0.08807339449541285
0 0.18055555555555555 0.45321100917431195 0.03333333333333333 0.09541284403669725
0 0.6875 0.0871559633027523 0.011111111111111112 0.027522935779816515
0 0.7034722222222223 0.11192660550458716 0.009722222222222222 0.03302752293577982
0 0.7104166666666667 0.11651376146788991 0.004166666666666667 0.03486238532110092
0 0.7256944444444444 0.12752293577981652 0.004166666666666667 0.027522935779816515
0 0.7354166666666667 0.13486238532110092 0.009722222222222222 0.027522935779816515
0 0.6791666666666667 0.5532110091743119 0.03888888888888889 0.10825688073394496
0 0.8611111111111112 0.2889908256880734 0.016666666666666666 0.045871559633027525
0 0.8201388888888889 0.1889908256880734 0.0125 0.029357798165137616
0 0.8555555555555555 0.3 0.016666666666666666 0.05321100917431193
0 0.8645833333333334 0.3697247706422018 0.020833333333333332 0.07522935779816514
0 0.8881944444444444 0.3697247706422018 0.02361111111111111 0.07155963302752294
0 0.9375 0.43761467889908257 0.025 0.08256880733944955
0 0.8395833333333333 0.618348623853211 0.0375 0.11376146788990826
0 0.8888888888888888 0.6165137614678899 0.027777777777777776 0.11376146788990826
0 0.9284722222222223 0.6137614678899083 0.020833333333333332 0.11192660550458716
0 0.9083333333333333 0.5944954128440367 0.027777777777777776 0.10275229357798166
0 0.9736111111111111 0.5825688073394495 0.019444444444444445 0.10091743119266056
0 0.9847222222222223 0.5908256880733945 0.022222222222222223 0.08440366972477065
