0 0.41736 0.91304 0.01528 0.04348
0 0.24722 0.95048 0.01111 0.04106
0 0.22569 0.89734 0.0125 0.0314
0 0.22361 0.37802 0.01111 0.0314
0 0.34167 0.32005 0.01389 0.03623
0 0.19861 0.31884 0.01667 0.03382
0 0.18819 0.23913 0.01806 0.03382
0 0.25694 0.05435 0.00833 0.0314
0 0.40417 0.9058 0.01111 0.03865
0 0.23472 0.89734 0.01389 0.03623
0 0.28472 0.96135 0.01111 0.04348
0 0.27222 0.9529 0.01111 0.0314
0 0.25972 0.95169 0.01111 0.03865
0 0.19306 0.19324 0.00833 0.03382
0 0.25069 0.06159 0.00694 0.02657
0 0.23889 0.05072 0.00556 0.02415
