0 0.12083333333333333 0.8669724770642202 0.030555555555555555 0.09724770642201835
0 0.20555555555555555 0.8706422018348624 0.030555555555555555 0.09357798165137615
0 0.1673611111111111 0.881651376146789 0.02638888888888889 0.04954128440366973
0 0.010416666666666666 0.6614678899082569 0.0125 0.027522935779816515
0 0.04097222222222222 0.6422018348623854 0.006944444444444444 0.022018348623853212
0 0.39166666666666666 0.728440366972477 0.016666666666666666 0.04036697247706422
0 0.34375 0.708256880733945 0.0125 0.025688073394495414
0 0.42083333333333334 0.7064220183486238 0.011111111111111112 0.029357798165137616
0 0.5541666666666667 0.7064220183486238 0.011111111111111112 0.03302752293577982
0 0.5423611111111111 0.7064220183486238 0.009722222222222222 0.029357798165137616
0 0.5923611111111111 0.7110091743119266 0.02638888888888889 0.031192660550458717
