0 0.004861111111111111 0.6364734299516909 0.009722222222222222 0.04589371980676329
0 0.01597222222222222 0.5809178743961353 0.006944444444444444 0.036231884057971016
0 0.03263888888888889 0.5531400966183575 0.015277777777777777 0.04830917874396135
0 0.049305555555555554 0.5169082125603864 0.015277777777777777 0.043478260869565216
0 0.08125 0.5132850241545893 0.015277777777777777 0.04589371980676329
0 0.02013888888888889 0.2777777777777778 0.009722222222222222 0.04830917874396135
0 0.03194444444444444 0.27294685990338163 0.011111111111111112 0.043478260869565216
0 0.5680555555555555 0.9516908212560387 0.016666666666666666 0.05314009661835749
0 0.6229166666666667 0.7983091787439613 0.015277777777777777 0.036231884057971016
0 0.4722222222222222 0.856280193236715 0.013888888888888888 0.050724637681159424
0 0.48333333333333334 0.8635265700483091 0.013888888888888888 0.050724637681159424
0 0.46041666666666664 0.7210144927536232 0.015277777777777777 0.05555555555555555
0 0.5104166666666666 0.5398550724637681 0.020833333333333332 0.04589371980676329
0 0.48819444444444443 0.38768115942028986 0.0125 0.04106280193236715
0 0.5569444444444445 0.3719806763285024 0.013888888888888888 0.043478260869565216
0 0.13541666666666666 0.24879227053140096 0.009722222222222222 0.043478260869565216
0 0.16805555555555557 0.20772946859903382 0.008333333333333333 0.043478260869565216
0 0.175 0.19685990338164253 0.011111111111111112 0.04589371980676329
0 0.017361111111111112 0.12318840579710146 0.009722222222222222 0.043478260869565216
0 0.00625 0.0748792270531401 0.0125 0.03864734299516908
