0 0.44375 0.95652 0.00972 0.04348
0 0.42153 0.90942 0.00972 0.04589
0 0.25764 0.73551 0.0125 0.02657
0 0.23056 0.74879 0.01389 0.02899
0 0.18889 0.6558 0.01111 0.02174
0 0.35903 0.76449 0.0125 0.0314
0 0.33125 0.6413 0.01806 0.03623
0 0.23958 0.48671 0.0125 0.02657
0 0.21736 0.48188 0.01528 0.05072
0 0.33472 0.36353 0.01944 0.04106
0 0.32708 0.27778 0.00972 0.02899
0 0.32917 0.21256 0.01111 0.02899
0 0.32222 0.18599 0.01111 0.02899
0 0.31528 0.13889 0.01111 0.0314
0 0.29583 0.11957 0.01111 0.02657
0 0.19792 0.1256 0.00972 0.02899
0 0.18889 0.11594 0.00833 0.03865
0 0.25486 0.06522 0.0125 0.04348
0 0.30694 0.08575 0.01111 0.0314
0 0.36458 0.4529 0.0125 0.04106
0 0.34653 0.77415 0.0125 0.04106
0 0.26597 0.74275 0.00972 0.02657
0 0.19444 0.67874 0.01111 0.02899
