0 0.6895833333333333 0.4743119266055046 0.0375 0.09357798165137615
0 0.38055555555555554 0.24036697247706423 0.044444444444444446 0.09174311926605505
0 0.9826388888888888 0.1559633027522936 0.02638888888888889 0.07706422018348624
0 0.9395833333333333 0.10458715596330276 0.020833333333333332 0.08440366972477065
0 0.9222222222222223 0.0779816513761468 0.019444444444444445 0.07889908256880734
0 0.9222222222222223 0.04128440366972477 0.019444444444444445 0.05688073394495413
0 0.9166666666666666 0.03394495412844037 0.019444444444444445 0.05321100917431193
0 0.3090277777777778 0.03211009174311927 0.02638888888888889 0.06422018348623854
0 0.21875 0.03944954128440367 0.03194444444444444 0.07889908256880734
0 0.22361111111111112 0.015596330275229359 0.016666666666666666 0.031192660550458717
0 0.24861111111111112 0.03486238532110092 0.025 0.06972477064220184
