0 0.6152777777777778 0.643719806763285 0.011111111111111112 0.03140096618357488
0 0.6763888888888889 0.5760869565217391 0.011111111111111112 0.03140096618357488
0 0.8694444444444445 0.8707729468599034 0.011111111111111112 0.04589371980676329
0 0.8263888888888888 0.714975845410628 0.013888888888888888 0.033816425120772944
0 0.84375 0.7125603864734299 0.009722222222222222 0.033816425120772944
0 0.5166666666666667 0.6968599033816425 0.011111111111111112 0.03140096618357488
0 0.5270833333333333 0.6884057971014492 0.009722222222222222 0.03864734299516908
0 0.08194444444444444 0.391304347826087 0.008333333333333333 0.024154589371980676
0 0.09930555555555555 0.3671497584541063 0.006944444444444444 0.024154589371980676
0 0.10347222222222222 0.3647342995169082 0.006944444444444444 0.024154589371980676
0 0.12083333333333333 0.3466183574879227 0.005555555555555556 0.026570048309178744
0 0.12638888888888888 0.3466183574879227 0.005555555555555556 0.03140096618357488
0 0.14027777777777778 0.3321256038647343 0.011111111111111112 0.021739130434782608
0 0.34791666666666665 0.1606280193236715 0.006944444444444444 0.021739130434782608
