0 0.018055555555555554 0.15137614678899083 0.005555555555555556 0.012844036697247707
0 0.1909722222222222 0.981651376146789 0.009722222222222222 0.025688073394495414
0 0.18125 0.6385321100917432 0.006944444444444444 0.029357798165137616
0 0.1875 0.5880733944954128 0.005555555555555556 0.027522935779816515
0 0.16111111111111112 0.6137614678899083 0.011111111111111112 0.023853211009174313
0 0.16458333333333333 0.6394495412844037 0.009722222222222222 0.027522935779816515
0 0.1736111111111111 0.6477064220183486 0.005555555555555556 0.022018348623853212
0 0.175 0.6119266055045871 0.008333333333333333 0.027522935779816515
0 0.16041666666666668 0.5981651376146789 0.006944444444444444 0.025688073394495414
0 0.17916666666666667 0.6174311926605505 0.005555555555555556 0.023853211009174313
0 0.16527777777777777 0.6770642201834862 0.008333333333333333 0.022018348623853212
