0 0.5152777777777777 0.9710144927536232 0.025 0.057971014492753624
0 0.7666666666666667 0.9710144927536232 0.027777777777777776 0.057971014492753624
0 0.4173611111111111 0.8333333333333334 0.02361111111111111 0.05314009661835749
0 0.37777777777777777 0.7632850241545893 0.022222222222222223 0.057971014492753624
0 0.3326388888888889 0.6859903381642513 0.020833333333333332 0.057971014492753624
0 0.36041666666666666 0.6944444444444444 0.02361111111111111 0.07004830917874397
0 0.2902777777777778 0.5229468599033816 0.019444444444444445 0.05555555555555555
0 0.29375 0.5471014492753623 0.0125 0.036231884057971016
0 0.31666666666666665 0.5519323671497585 0.027777777777777776 0.06521739130434782
0 0.2604166666666667 0.42995169082125606 0.020833333333333332 0.07246376811594203
0 0.28680555555555554 0.17995169082125603 0.018055555555555554 0.05555555555555555
