0 0.19930555555555557 0.6896135265700483 0.006944444444444444 0.03140096618357488
0 0.13541666666666666 0.6980676328502415 0.006944444444444444 0.028985507246376812
0 0.02638888888888889 0.7089371980676329 0.005555555555555556 0.026570048309178744
0 0.08472222222222223 0.7053140096618358 0.005555555555555556 0.028985507246376812
0 0.08402777777777778 0.6630434782608695 0.004166666666666667 0.036231884057971016
0 0.10833333333333334 0.6582125603864735 0.005555555555555556 0.026570048309178744
0 0.07361111111111111 0.7693236714975845 0.005555555555555556 0.021739130434782608
0 0.002777777777777778 0.8055555555555556 0.005555555555555556 0.026570048309178744
0 0.009027777777777777 0.8115942028985508 0.004166666666666667 0.024154589371980676
0 0.21319444444444444 0.9830917874396136 0.006944444444444444 0.033816425120772944
0 0.22152777777777777 0.9879227053140096 0.006944444444444444 0.033816425120772944
