0 0.4222222222222222 0.9201834862385321 0.03333333333333333 0.03486238532110092
0 0.5090277777777777 0.881651376146789 0.03194444444444444 0.05688073394495413
0 0.6 0.9807339449541285 0.025 0.03486238532110092
0 0.6409722222222223 0.9724770642201835 0.02638888888888889 0.04036697247706422
0 0.6736111111111112 0.926605504587156 0.022222222222222223 0.04036697247706422
0 0.6125 0.9330275229357798 0.022222222222222223 0.031192660550458717
0 0.6868055555555556 0.7954128440366972 0.02638888888888889 0.03853211009174312
0 0.6493055555555556 0.655045871559633 0.03194444444444444 0.025688073394495414
0 0.5645833333333333 0.6981651376146789 0.029166666666666667 0.031192660550458717
0 0.5388888888888889 0.7302752293577982 0.027777777777777776 0.03302752293577982
0 0.7604166666666666 0.618348623853211 0.02361111111111111 0.03669724770642202
0 0.7756944444444445 0.8018348623853211 0.029166666666666667 0.03669724770642202
0 0.8347222222222223 0.5761467889908257 0.025 0.025688073394495414
0 0.9590277777777778 0.7211009174311926 0.018055555555555554 0.04036697247706422
0 0.9763888888888889 0.7798165137614679 0.013888888888888888 0.03302752293577982
