0 0.6340277777777777 0.19927536231884058 0.009722222222222222 0.03140096618357488
0 0.6347222222222222 0.19082125603864733 0.008333333333333333 0.03864734299516908
0 0.5833333333333334 0.05314009661835749 0.005555555555555556 0.028985507246376812
0 0.5861111111111111 0.042270531400966184 0.005555555555555556 0.03140096618357488
0 0.59375 0.035024154589371984 0.006944444444444444 0.026570048309178744
0 0.5986111111111111 0.028985507246376812 0.008333333333333333 0.028985507246376812
0 0.50625 0.21618357487922704 0.006944444444444444 0.03140096618357488
0 0.5451388888888888 0.15821256038647344 0.006944444444444444 0.03140096618357488
0 0.55625 0.19082125603864733 0.006944444444444444 0.028985507246376812
0 0.5430555555555555 0.213768115942029 0.008333333333333333 0.03140096618357488
0 0.5291666666666667 0.2113526570048309 0.008333333333333333 0.026570048309178744
0 0.51875 0.20772946859903382 0.006944444444444444 0.024154589371980676
0 0.5368055555555555 0.15217391304347827 0.006944444444444444 0.028985507246376812
0 0.5326388888888889 0.16183574879227053 0.009722222222222222 0.024154589371980676
0 0.5576388888888889 0.15217391304347827 0.006944444444444444 0.04830917874396135
0 0.017361111111111112 0.014492753623188406 0.009722222222222222 0.028985507246376812
