0 0.5875 0.5201834862385321 0.016666666666666666 0.023853211009174313
0 0.7020833333333333 0.4935779816513762 0.009722222222222222 0.025688073394495414
0 0.4486111111111111 0.5348623853211009 0.013888888888888888 0.027522935779816515
0 0.9965277777777778 0.671559633027523 0.015277777777777777 0.04036697247706422
0 0.9888888888888889 0.6495412844036698 0.019444444444444445 0.03669724770642202
0 0.9333333333333333 0.6541284403669725 0.016666666666666666 0.03486238532110092
0 0.9034722222222222 0.6440366972477064 0.0125 0.047706422018348627
0 0.8833333333333333 0.6137614678899083 0.011111111111111112 0.04220183486238532
0 0.9201388888888888 0.6110091743119266 0.009722222222222222 0.03669724770642202
0 0.9409722222222222 0.634862385321101 0.015277777777777777 0.03302752293577982
0 0.06666666666666667 0.7357798165137615 0.016666666666666666 0.025688073394495414
0 0.018055555555555554 0.7339449541284404 0.016666666666666666 0.029357798165137616
