0 0.5243055555555556 0.19082125603864733 0.006944444444444444 0.028985507246376812
0 0.5236111111111111 0.1473429951690821 0.008333333333333333 0.028985507246376812
0 0.5069444444444444 0.4251207729468599 0.008333333333333333 0.028985507246376812
0 0.48819444444444443 0.428743961352657 0.006944444444444444 0.026570048309178744
0 0.4305555555555556 0.9396135265700483 0.016666666666666666 0.03864734299516908
0 0.60625 0.9263285024154589 0.009722222222222222 0.03140096618357488
0 0.68125 0.8840579710144928 0.0125 0.028985507246376812
0 0.4986111111111111 0.8466183574879227 0.008333333333333333 0.026570048309178744
0 0.7 0.8707729468599034 0.013888888888888888 0.03140096618357488
0 0.7006944444444444 0.8961352657004831 0.0125 0.028985507246376812
0 0.7895833333333333 0.7632850241545893 0.006944444444444444 0.03864734299516908
0 0.8326388888888889 0.8176328502415459 0.009722222222222222 0.036231884057971016
0 0.9277777777777778 0.7717391304347826 0.013888888888888888 0.04106280193236715
0 0.9979166666666667 0.7294685990338164 0.009722222222222222 0.033816425120772944
