0 0.05277777777777778 0.47706422018348627 0.030555555555555555 0.07706422018348624
0 0.34097222222222223 0.5211009174311927 0.03194444444444444 0.10642201834862386
0 0.3798611111111111 0.4871559633027523 0.020833333333333332 0.09724770642201835
0 0.4 0.4761467889908257 0.019444444444444445 0.08623853211009175
0 0.4097222222222222 0.47155963302752296 0.025 0.09541284403669725
0 0.4951388888888889 0.6688073394495413 0.0375 0.12293577981651377
0 0.5951388888888889 0.4926605504587156 0.02361111111111111 0.11926605504587157
0 0.6680555555555555 0.48807339449541287 0.03333333333333333 0.11743119266055047
0 0.5138888888888888 0.5532110091743119 0.03333333333333333 0.06788990825688074
0 0.9645833333333333 0.12844036697247707 0.02638888888888889 0.07706422018348624
