0 0.022916666666666665 0.2834862385321101 0.020833333333333332 0.027522935779816515
0 0.10555555555555556 0.41009174311926605 0.013888888888888888 0.023853211009174313
0 0.2972222222222222 0.2036697247706422 0.013888888888888888 0.01834862385321101
0 0.5333333333333333 0.44036697247706424 0.011111111111111112 0.03302752293577982
0 0.5590277777777778 0.43027522935779816 0.015277777777777777 0.03486238532110092
0 0.6701388888888888 0.4036697247706422 0.009722222222222222 0.029357798165137616
0 0.6756944444444445 0.40458715596330275 0.009722222222222222 0.027522935779816515
0 0.81875 0.16055045871559634 0.006944444444444444 0.027522935779816515
0 0.83125 0.15688073394495414 0.006944444444444444 0.023853211009174313
0 0.8361111111111111 0.1577981651376147 0.008333333333333333 0.029357798165137616
0 0.7277777777777777 0.3853211009174312 0.011111111111111112 0.025688073394495414
