0 0.31875 0.5048309178743962 0.02638888888888889 0.057971014492753624
0 0.3902777777777778 0.6690821256038647 0.016666666666666666 0.08695652173913043
0 0.37222222222222223 0.5785024154589372 0.05 0.04589371980676329
0 0.46805555555555556 0.07246376811594203 0.019444444444444445 0.06280193236714976
0 0.7541666666666667 0.8285024154589372 0.041666666666666664 0.06280193236714976
0 0.6298611111111111 0.4758454106280193 0.02638888888888889 0.07246376811594203
0 0.6548611111111111 0.42995169082125606 0.043055555555555555 0.06280193236714976
0 0.07569444444444444 0.21497584541062803 0.015277777777777777 0.06763285024154589
0 0.10694444444444444 0.17028985507246377 0.019444444444444445 0.06038647342995169
0 0.09166666666666666 0.1751207729468599 0.011111111111111112 0.06038647342995169
0 0.08819444444444445 0.18840579710144928 0.009722222222222222 0.043478260869565216
0 0.09305555555555556 0.23067632850241546 0.013888888888888888 0.05555555555555555
0 0.10555555555555556 0.2222222222222222 0.016666666666666666 0.05314009661835749
0 0.14305555555555555 0.20652173913043478 0.016666666666666666 0.06038647342995169
0 0.14097222222222222 0.18840579710144928 0.018055555555555554 0.06763285024154589
