0 0.00625 0.56763 0.00972 0.03382
0 0.01667 0.51329 0.01389 0.0314
0 0.01319 0.5471 0.00694 0.02657
0 0.01944 0.07005 0.00833 0.02415
0 0.02986 0.07729 0.00694 0.01932
0 0.03403 0.07971 0.00694 0.02899
0 0.04375 0.08937 0.00694 0.02415
0 0.06736 0.12077 0.00972 0.03382
0 0.04514 0.05797 0.00694 0.02415
0 0.04028 0.0471 0.00556 0.02174
0 0.05486 0.06159 0.00694 0.04106
0 0.05069 0.05556 0.00972 0.03382
0 0.19653 0.28744 0.00694 0.02415
0 0.18542 0.32609 0.00694 0.02415
0 0.17222 0.33816 0.00556 0.02415
0 0.15139 0.14614 0.01111 0.02657
0 0.15833 0.16425 0.00556 0.01932
0 0.20069 0.15338 0.00972 0.0314
0 0.20833 0.15338 0.00556 0.02657
0 0.20903 0.13527 0.00694 0.02415
0 0.26806 0.25604 0.01111 0.03382
0 0.21875 0.04831 0.0125 0.03382
0 0.23819 0.06401 0.00972 0.0314
