0 0.05555555555555555 0.8568807339449541 0.025 0.06605504587155964
0 0.09305555555555556 0.8605504587155963 0.022222222222222223 0.062385321100917435
0 0.10833333333333334 0.9045871559633027 0.03888888888888889 0.06972477064220184
0 0.3770833333333333 0.9229357798165138 0.02638888888888889 0.08440366972477065
0 0.5923611111111111 0.9963302752293578 0.03194444444444444 0.08073394495412844
0 0.8388888888888889 0.9724770642201835 0.019444444444444445 0.04036697247706422
0 0.8104166666666667 0.9321100917431193 0.02638888888888889 0.07339449541284404
0 0.8798611111111111 0.9724770642201835 0.03194444444444444 0.08073394495412844
0 0.8756944444444444 0.9541284403669725 0.034722222222222224 0.08440366972477065
0 0.8472222222222222 0.7688073394495413 0.025 0.06605504587155964
0 0.4076388888888889 0.7990825688073394 0.018055555555555554 0.06422018348623854
0 0.3701388888888889 0.8513761467889909 0.02361111111111111 0.05871559633027523
0 0.35347222222222224 0.8486238532110092 0.02361111111111111 0.06788990825688074
0 0.3229166666666667 0.8302752293577982 0.020833333333333332 0.06788990825688074
0 0.3 0.8293577981651377 0.016666666666666666 0.06605504587155964
0 0.27847222222222223 0.844954128440367 0.015277777777777777 0.06788990825688074
0 0.26180555555555557 0.8504587155963302 0.02638888888888889 0.06788990825688074
0 0.24166666666666667 0.8495412844036697 0.016666666666666666 0.07339449541284404
0 0.31875 0.8174311926605504 0.018055555555555554 0.06422018348623854
0 0.3284722222222222 0.8137614678899082 0.015277777777777777 0.06788990825688074
0 0.28888888888888886 0.9073394495412844 0.030555555555555555 0.045871559633027525
0 0.2826388888888889 0.8174311926605504 0.015277777777777777 0.06422018348623854
0 0.2798611111111111 0.8155963302752294 0.018055555555555554 0.04954128440366973
0 0.21319444444444444 0.8844036697247707 0.02361111111111111 0.06972477064220184
0 0.20208333333333334 0.8559633027522936 0.018055555555555554 0.06788990825688074
0 0.1909722222222222 0.8522935779816514 0.02361111111111111 0.05688073394495413
0 0.09861111111111111 0.5752293577981651 0.011111111111111112 0.03853211009174312
0 0.09097222222222222 0.5724770642201835 0.0125 0.03669724770642202
0 0.10694444444444444 0.5724770642201835 0.016666666666666666 0.04036697247706422
0 0.6034722222222222 0.4559633027522936 0.009722222222222222 0.031192660550458717
0 0.7166666666666667 0.5412844036697247 0.011111111111111112 0.03302752293577982
0 0.6305555555555555 0.43761467889908257 0.008333333333333333 0.031192660550458717
0 0.78125 0.4853211009174312 0.009722222222222222 0.027522935779816515
