0 0.04652777777777778 0.40458937198067635 0.006944444444444444 0.012077294685990338
0 0.029861111111111113 0.40700483091787437 0.004166666666666667 0.012077294685990338
0 0.01597222222222222 0.44806763285024154 0.004166666666666667 0.012077294685990338
0 0.03958333333333333 0.5108695652173914 0.004166666666666667 0.016908212560386472
0 0.029166666666666667 0.46497584541062803 0.005555555555555556 0.012077294685990338
0 0.8145833333333333 0.5905797101449275 0.004166666666666667 0.016908212560386472
0 0.8083333333333333 0.5893719806763285 0.005555555555555556 0.01932367149758454
0 0.7333333333333333 0.4323671497584541 0.002777777777777778 0.014492753623188406
0 0.6576388888888889 0.4384057971014493 0.004166666666666667 0.012077294685990338
0 0.6909722222222222 0.2632850241545894 0.004166666666666667 0.00966183574879227
0 0.7534722222222222 0.2995169082125604 0.004166666666666667 0.00966183574879227
0 0.7256944444444444 0.20169082125603865 0.004166666666666667 0.012077294685990338
0 0.6361111111111111 0.1956521739130435 0.005555555555555556 0.014492753623188406
0 0.6583333333333333 0.17028985507246377 0.005555555555555556 0.012077294685990338
0 0.7256944444444444 0.16666666666666666 0.004166666666666667 0.00966183574879227
0 0.6340277777777777 0.1678743961352657 0.004166666666666667 0.012077294685990338
0 0.7854166666666667 0.18961352657004832 0.004166666666666667 0.012077294685990338
0 0.7631944444444444 0.17270531400966183 0.004166666666666667 0.012077294685990338
0 0.7923611111111111 0.19082125603864733 0.004166666666666667 0.014492753623188406
0 0.7555555555555555 0.11956521739130435 0.002777777777777778 0.012077294685990338
0 0.6409722222222223 0.11956521739130435 0.004166666666666667 0.012077294685990338
0 0.7270833333333333 0.12439613526570048 0.004166666666666667 0.012077294685990338
0 0.8875 0.13526570048309178 0.002777777777777778 0.014492753623188406
0 0.8159722222222222 0.14371980676328502 0.004166666666666667 0.012077294685990338
0 0.9173611111111111 0.11956521739130435 0.004166666666666667 0.012077294685990338
0 0.8673611111111111 0.5374396135265701 0.004166666666666667 0.021739130434782608
0 0.9673611111111111 0.07729468599033816 0.004166666666666667 0.00966183574879227
0 0.9736111111111111 0.08574879227053141 0.002777777777777778 0.007246376811594203
0 0.9798611111111111 0.11956521739130435 0.004166666666666667 0.012077294685990338
