0 0.6926286509040334 0.7242647058823529 0.019471488178025034 0.04411764705882353
0 0.1898470097357441 0.7683823529411765 0.02364394993045897 0.04411764705882353
0 0.2086230876216968 0.7647058823529411 0.019471488178025034 0.0625
0 0.08344923504867872 0.6286764705882353 0.011126564673157162 0.03676470588235294
0 0.04381084840055633 0.7352941176470589 0.012517385257301807 0.05514705882352941
0 0.013908205841446454 0.8125 0.016689847009735744 0.05514705882352941
0 0.057719054242002785 0.7444852941176471 0.012517385257301807 0.04779411764705882
0 0.050764951321279554 0.8648897058823529 0.01808066759388039 0.05698529411764706
0 0.09805285118219749 0.7022058823529411 0.012517385257301807 0.03676470588235294
0 0.08623087621696801 0.6985294117647058 0.011126564673157162 0.04779411764705882
0 0.01808066759388039 0.7766544117647058 0.013908205841446454 0.03860294117647059
0 0.029902642559109873 0.9007352941176471 0.015299026425591099 0.0661764705882353
0 0.016689847009735744 0.7205882352941176 0.016689847009735744 0.03308823529411765
0 0.4749652294853964 0.7334558823529411 0.012517385257301807 0.022058823529411766
