0 0.06597222222222222 0.021739130434782608 0.015277777777777777 0.043478260869565216
0 0.07708333333333334 0.03864734299516908 0.0125 0.043478260869565216
0 0.05347222222222222 0.043478260869565216 0.018055555555555554 0.057971014492753624
0 0.19583333333333333 0.1461352657004831 0.019444444444444445 0.04589371980676329
0 0.18541666666666667 0.1606280193236715 0.02638888888888889 0.050724637681159424
0 0.225 0.20652173913043478 0.019444444444444445 0.050724637681159424
0 0.28680555555555554 0.13526570048309178 0.015277777777777777 0.043478260869565216
0 0.2701388888888889 0.10990338164251208 0.0125 0.04106280193236715
0 0.27152777777777776 0.10386473429951691 0.0125 0.04830917874396135
0 0.275 0.08574879227053141 0.011111111111111112 0.04106280193236715
0 0.28888888888888886 0.07004830917874397 0.011111111111111112 0.033816425120772944
0 0.29375 0.08574879227053141 0.0125 0.03140096618357488
0 0.2965277777777778 0.10990338164251208 0.009722222222222222 0.036231884057971016
0 0.29583333333333334 0.12560386473429952 0.011111111111111112 0.043478260869565216
0 0.2861111111111111 0.27294685990338163 0.019444444444444445 0.057971014492753624
0 0.27152777777777776 0.29589371980676327 0.018055555555555554 0.050724637681159424
0 0.11944444444444445 0.22946859903381642 0.013888888888888888 0.028985507246376812
0 0.1 0.2113526570048309 0.019444444444444445 0.026570048309178744
0 0.13055555555555556 0.21618357487922704 0.011111111111111112 0.021739130434782608
0 0.13055555555555556 0.18961352657004832 0.008333333333333333 0.021739130434782608
0 0.01597222222222222 0.15579710144927536 0.0125 0.026570048309178744
0 0.034722222222222224 0.1606280193236715 0.011111111111111112 0.026570048309178744
0 0.04375 0.15096618357487923 0.0125 0.026570048309178744
0 0.03958333333333333 0.1932367149758454 0.0125 0.01932367149758454
0 0.059027777777777776 0.17753623188405798 0.018055555555555554 0.021739130434782608
0 0.03888888888888889 0.3442028985507246 0.016666666666666666 0.026570048309178744
