0 0.4986111111111111 0.6495412844036698 0.019444444444444445 0.05504587155963303
0 0.43680555555555556 0.5807339449541284 0.018055555555555554 0.045871559633027525
0 0.36736111111111114 0.5284403669724771 0.0125 0.044036697247706424
0 0.4 0.45688073394495415 0.011111111111111112 0.03669724770642202
0 0.35555555555555557 0.11651376146788991 0.008333333333333333 0.01651376146788991
0 0.024305555555555556 0.11009174311926606 0.009722222222222222 0.022018348623853212
0 0.4270833333333333 0.5477064220183486 0.0125 0.045871559633027525
0 0.4395833333333333 0.5532110091743119 0.015277777777777777 0.03486238532110092
0 0.3590277777777778 0.40275229357798165 0.009722222222222222 0.031192660550458717
0 0.36875 0.40458715596330275 0.006944444444444444 0.027522935779816515
0 0.3958333333333333 0.09357798165137615 0.005555555555555556 0.01834862385321101
0 0.3680555555555556 0.2963302752293578 0.008333333333333333 0.02018348623853211
