0 0.14652777777777778 0.9605504587155963 0.018055555555555554 0.05321100917431193
0 0.125 0.9440366972477064 0.013888888888888888 0.04954128440366973
0 0.14166666666666666 0.9137614678899083 0.016666666666666666 0.05504587155963303
0 0.15347222222222223 0.9119266055045872 0.015277777777777777 0.05504587155963303
0 0.09861111111111111 0.8798165137614679 0.013888888888888888 0.05321100917431193
0 0.08888888888888889 0.8761467889908257 0.011111111111111112 0.045871559633027525
0 0.2298611111111111 0.8018348623853211 0.015277777777777777 0.047706422018348627
0 0.19930555555555557 0.7963302752293578 0.015277777777777777 0.047706422018348627
0 0.2152777777777778 0.7431192660550459 0.011111111111111112 0.04036697247706422
0 0.23333333333333334 0.7504587155963303 0.013888888888888888 0.044036697247706424
0 0.24513888888888888 0.728440366972477 0.0125 0.04036697247706422
0 0.23541666666666666 0.6954128440366972 0.0125 0.04036697247706422
0 0.24513888888888888 0.6963302752293578 0.009722222222222222 0.04220183486238532
0 0.25416666666666665 0.7137614678899082 0.011111111111111112 0.047706422018348627
0 0.2972222222222222 0.6018348623853211 0.011111111111111112 0.03669724770642202
0 0.2708333333333333 0.6027522935779817 0.011111111111111112 0.03853211009174312
0 0.26319444444444445 0.5990825688073395 0.009722222222222222 0.03853211009174312
0 0.2604166666666667 0.5889908256880734 0.0125 0.044036697247706424
0 0.30694444444444446 0.4944954128440367 0.008333333333333333 0.03486238532110092
0 0.3194444444444444 0.4935779816513762 0.011111111111111112 0.03669724770642202
0 0.33055555555555555 0.5027522935779817 0.011111111111111112 0.029357798165137616
0 0.33541666666666664 0.4871559633027523 0.009722222222222222 0.03486238532110092
0 0.34652777777777777 0.4669724770642202 0.006944444444444444 0.027522935779816515
0 0.3416666666666667 0.46238532110091746 0.008333333333333333 0.029357798165137616
0 0.30625 0.44220183486238535 0.009722222222222222 0.029357798165137616
0 0.29305555555555557 0.44311926605504587 0.011111111111111112 0.027522935779816515
0 0.2611111111111111 0.44128440366972477 0.011111111111111112 0.01651376146788991
0 0.15833333333333333 0.45321100917431195 0.011111111111111112 0.022018348623853212
0 0.21041666666666667 0.41926605504587156 0.009722222222222222 0.031192660550458717
0 0.23125 0.4055045871559633 0.009722222222222222 0.029357798165137616
0 0.23958333333333334 0.4036697247706422 0.009722222222222222 0.029357798165137616
0 0.2513888888888889 0.4018348623853211 0.008333333333333333 0.029357798165137616
0 0.2875 0.3577981651376147 0.008333333333333333 0.029357798165137616
0 0.40694444444444444 0.1614678899082569 0.005555555555555556 0.022018348623853212
0 0.4284722222222222 0.16055045871559634 0.006944444444444444 0.02018348623853211
0 0.4513888888888889 0.16972477064220184 0.008333333333333333 0.02018348623853211
0 0.8083333333333333 0.46605504587155966 0.013888888888888888 0.03669724770642202
0 0.8284722222222223 0.46788990825688076 0.015277777777777777 0.029357798165137616
0 0.8444444444444444 0.45321100917431195 0.008333333333333333 0.029357798165137616
0 0.8340277777777778 0.44678899082568807 0.0125 0.027522935779816515
0 0.8597222222222223 0.44770642201834865 0.013888888888888888 0.022018348623853212
0 0.8604166666666667 0.46055045871559636 0.009722222222222222 0.025688073394495414
0 0.8680555555555556 0.45688073394495415 0.011111111111111112 0.029357798165137616
0 0.8770833333333333 0.46605504587155966 0.0125 0.029357798165137616
0 0.9805555555555555 0.39357798165137614 0.016666666666666666 0.023853211009174313
0 0.9854166666666667 0.3192660550458716 0.015277777777777777 0.025688073394495414
0 0.9930555555555556 0.3192660550458716 0.011111111111111112 0.025688073394495414
0 0.6111111111111112 0.1981651376146789 0.008333333333333333 0.01834862385321101
0 0.8097222222222222 0.22477064220183487 0.011111111111111112 0.02018348623853211
0 0.8166666666666667 0.26972477064220185 0.011111111111111112 0.025688073394495414
0 0.8083333333333333 0.26513761467889907 0.011111111111111112 0.027522935779816515
0 0.8 0.26330275229357797 0.011111111111111112 0.023853211009174313
0 0.8604166666666667 0.27155963302752295 0.009722222222222222 0.022018348623853212
0 0.8590277777777777 0.26330275229357797 0.009722222222222222 0.023853211009174313
0 0.9194444444444444 0.25779816513761467 0.011111111111111112 0.023853211009174313
0 0.9145833333333333 0.25871559633027524 0.009722222222222222 0.022018348623853212
0 0.975 0.27522935779816515 0.011111111111111112 0.022018348623853212
0 0.9673611111111111 0.27522935779816515 0.0125 0.022018348623853212
