0 0.1326388888888889 0.8587155963302753 0.015277777777777777 0.047706422018348627
0 0.25277777777777777 0.9660550458715597 0.025 0.05688073394495413
0 0.32916666666666666 0.9119266055045872 0.013888888888888888 0.047706422018348627
0 0.3451388888888889 0.918348623853211 0.020833333333333332 0.03486238532110092
0 0.44375 0.8844036697247707 0.02361111111111111 0.05137614678899083
0 0.4979166666666667 0.8697247706422019 0.02361111111111111 0.03669724770642202
0 0.3701388888888889 0.8954128440366973 0.018055555555555554 0.044036697247706424
0 0.3194444444444444 0.9532110091743119 0.022222222222222223 0.05688073394495413
0 0.7972222222222223 0.8504587155963302 0.013888888888888888 0.045871559633027525
0 0.6305555555555555 0.7412844036697248 0.008333333333333333 0.025688073394495414
0 0.22916666666666666 0.8678899082568807 0.03888888888888889 0.025688073394495414
