0 0.03125 0.7761467889908257 0.029166666666666667 0.07706422018348624
0 0.09930555555555555 0.7504587155963303 0.020833333333333332 0.10275229357798166
0 0.12708333333333333 0.5220183486238532 0.02361111111111111 0.10458715596330276
0 0.23472222222222222 0.5706422018348624 0.027777777777777776 0.09174311926605505
0 0.20347222222222222 0.5458715596330275 0.03194444444444444 0.08990825688073395
0 0.23055555555555557 0.5082568807339449 0.03333333333333333 0.09908256880733946
0 0.15347222222222223 0.5192660550458715 0.03194444444444444 0.09908256880733946
0 0.1597222222222222 0.21467889908256882 0.025 0.08440366972477065
0 0.06944444444444445 0.16972477064220184 0.016666666666666666 0.07522935779816514
0 0.05625 0.1889908256880734 0.0125 0.03669724770642202
