0 0.8458333333333333 0.8731884057971014 0.016666666666666666 0.036231884057971016
0 0.8138888888888889 0.8514492753623188 0.011111111111111112 0.026570048309178744
0 0.8131944444444444 0.8369565217391305 0.009722222222222222 0.03140096618357488
0 0.75625 0.6135265700483091 0.0125 0.03864734299516908
0 0.7958333333333333 0.5555555555555556 0.011111111111111112 0.03864734299516908
0 0.5590277777777778 0.8369565217391305 0.0125 0.03140096618357488
0 0.5347222222222222 0.857487922705314 0.008333333333333333 0.03864734299516908
0 0.6604166666666667 0.7185990338164251 0.009722222222222222 0.03140096618357488
0 0.6729166666666667 0.6980676328502415 0.009722222222222222 0.028985507246376812
0 0.7854166666666667 0.5797101449275363 0.0125 0.033816425120772944
0 0.7826388888888889 0.8707729468599034 0.0125 0.03140096618357488
