0 0.19791666666666666 0.03944954128440367 0.03194444444444444 0.07889908256880734
0 0.16597222222222222 0.028440366972477066 0.02361111111111111 0.05688073394495413
0 0.325 0.07064220183486239 0.019444444444444445 0.06422018348623854
0 0.32430555555555557 0.06330275229357799 0.020833333333333332 0.07522935779816514
0 0.39305555555555555 0.026605504587155965 0.030555555555555555 0.05321100917431193
0 0.5708333333333333 0.025688073394495414 0.025 0.05137614678899083
0 0.06319444444444444 0.11467889908256881 0.04027777777777778 0.08990825688073395
0 0.07569444444444444 0.06972477064220184 0.018055555555555554 0.06972477064220184
0 0.09305555555555556 0.09908256880733946 0.030555555555555555 0.08440366972477065
0 0.14583333333333334 0.09724770642201835 0.027777777777777776 0.09541284403669725
0 0.15347222222222223 0.0889908256880734 0.043055555555555555 0.08623853211009175
