0 0.6243055555555556 0.22946859903381642 0.004166666666666667 0.01932367149758454
0 0.6291666666666667 0.23792270531400966 0.005555555555555556 0.016908212560386472
0 0.65 0.2113526570048309 0.011111111111111112 0.021739130434782608
0 0.65625 0.19082125603864733 0.006944444444444444 0.024154589371980676
0 0.6604166666666667 0.16304347826086957 0.006944444444444444 0.016908212560386472
0 0.6444444444444445 0.23309178743961353 0.005555555555555556 0.021739130434782608
0 0.6409722222222223 0.24758454106280192 0.006944444444444444 0.021739130434782608
0 0.6319444444444444 0.2524154589371981 0.008333333333333333 0.026570048309178744
0 0.6673611111111111 0.17270531400966183 0.009722222222222222 0.021739130434782608
0 0.6722222222222223 0.17632850241545894 0.005555555555555556 0.024154589371980676
0 0.66875 0.1642512077294686 0.004166666666666667 0.01932367149758454
