0 0.88125 0.8825688073394495 0.029166666666666667 0.07706422018348624
0 0.30416666666666664 0.11743119266055047 0.019444444444444445 0.044036697247706424
0 0.4888888888888889 0.9908256880733946 0.03611111111111111 0.044036697247706424
0 0.25763888888888886 0.13211009174311927 0.02638888888888889 0.044036697247706424
0 0.8729166666666667 0.5458715596330275 0.0125 0.08256880733944955
0 0.8465277777777778 0.3568807339449541 0.029166666666666667 0.07522935779816514
0 0.7638888888888888 0.060550458715596334 0.027777777777777776 0.05871559633027523
0 0.36736111111111114 0.03944954128440367 0.020833333333333332 0.06788990825688074
0 0.6180555555555556 0.42385321100917434 0.019444444444444445 0.08073394495412844
0 0.8743055555555556 0.13486238532110092 0.0125 0.06422018348623854
