0 0.8659722222222223 0.6678743961352657 0.006944444444444444 0.021739130434782608
0 0.8847222222222222 0.6533816425120773 0.008333333333333333 0.026570048309178744
0 0.8381944444444445 0.677536231884058 0.006944444444444444 0.03140096618357488
0 0.7840277777777778 0.7282608695652174 0.006944444444444444 0.026570048309178744
0 0.7902777777777777 0.7355072463768116 0.005555555555555556 0.021739130434782608
0 0.7916666666666666 0.7077294685990339 0.008333333333333333 0.033816425120772944
0 0.81875 0.6763285024154589 0.006944444444444444 0.028985507246376812
0 0.8263888888888888 0.677536231884058 0.008333333333333333 0.026570048309178744
0 0.7395833333333334 0.7657004830917874 0.006944444444444444 0.033816425120772944
0 0.7458333333333333 0.7814009661835749 0.008333333333333333 0.036231884057971016
0 0.6708333333333333 0.34057971014492755 0.005555555555555556 0.024154589371980676
0 0.6694444444444444 0.35507246376811596 0.005555555555555556 0.024154589371980676
