0 0.09305555555555556 0.25963302752293577 0.022222222222222223 0.08990825688073395
0 0.23472222222222222 0.4889908256880734 0.027777777777777776 0.06788990825688074
0 0.23541666666666666 0.4935779816513762 0.015277777777777777 0.08440366972477065
0 0.3645833333333333 0.02110091743119266 0.0125 0.02018348623853211
0 0.4395833333333333 0.044036697247706424 0.009722222222222222 0.03302752293577982
0 0.6479166666666667 0.3192660550458716 0.020833333333333332 0.04036697247706422
0 0.6527777777777778 0.0834862385321101 0.011111111111111112 0.04954128440366973
0 0.7236111111111111 0.11467889908256881 0.016666666666666666 0.04954128440366973
0 0.7138888888888889 0.08623853211009175 0.013888888888888888 0.05137614678899083
0 0.6430555555555556 0.1724770642201835 0.016666666666666666 0.03669724770642202
0 0.8652777777777778 0.5412844036697247 0.027777777777777776 0.05871559633027523
0 0.8930555555555556 0.2467889908256881 0.022222222222222223 0.06422018348623854
0 0.9152777777777777 0.26513761467889907 0.025 0.06788990825688074
