0 0.04583333333333333 0.7495412844036697 0.025 0.03486238532110092
0 0.7993055555555556 0.3871559633027523 0.04583333333333333 0.03669724770642202
0 0.5277777777777778 0.1743119266055046 0.027777777777777776 0.029357798165137616
0 0.5152777777777777 0.1596330275229358 0.030555555555555555 0.03302752293577982
0 0.5055555555555555 0.13486238532110092 0.025 0.031192660550458717
0 0.5375 0.13394495412844037 0.027777777777777776 0.03302752293577982
0 0.5513888888888889 0.1559633027522936 0.030555555555555555 0.029357798165137616
0 0.44305555555555554 0.02018348623853211 0.025 0.04036697247706422
0 0.4618055555555556 0.022018348623853212 0.02638888888888889 0.044036697247706424
0 0.30833333333333335 0.15412844036697249 0.03888888888888889 0.04036697247706422
0 0.9770833333333333 0.03211009174311927 0.04583333333333333 0.04220183486238532
