0 0.3993055555555556 0.6002415458937198 0.0125 0.04589371980676329
0 0.3298611111111111 0.6256038647342995 0.0125 0.043478260869565216
0 0.12986111111111112 0.29589371980676327 0.0125 0.04589371980676329
0 0.1798611111111111 0.23550724637681159 0.009722222222222222 0.03140096618357488
0 0.18819444444444444 0.23067632850241546 0.009722222222222222 0.036231884057971016
0 0.40347222222222223 0.1823671497584541 0.009722222222222222 0.03140096618357488
0 0.8479166666666667 0.2041062801932367 0.0125 0.036231884057971016
0 0.7125 0.15458937198067632 0.011111111111111112 0.033816425120772944
0 0.46875 0.392512077294686 0.009722222222222222 0.04106280193236715
0 0.47638888888888886 0.39371980676328505 0.008333333333333333 0.033816425120772944
