0 0.1375 0.9782608695652174 0.013888888888888888 0.057971014492753624
0 0.24861111111111112 0.892512077294686 0.008333333333333333 0.04589371980676329
0 0.2375 0.8900966183574879 0.008333333333333333 0.04106280193236715
0 0.17847222222222223 0.716183574879227 0.006944444444444444 0.036231884057971016
0 0.09444444444444444 0.7185990338164251 0.008333333333333333 0.036231884057971016
0 0.11458333333333333 0.7137681159420289 0.004166666666666667 0.026570048309178744
0 0.12986111111111112 0.7185990338164251 0.006944444444444444 0.036231884057971016
0 0.14305555555555555 0.7379227053140096 0.008333333333333333 0.036231884057971016
0 0.1736111111111111 0.7946859903381642 0.008333333333333333 0.03864734299516908
0 0.2423611111111111 0.8647342995169082 0.009722222222222222 0.033816425120772944
0 0.19236111111111112 0.822463768115942 0.009722222222222222 0.050724637681159424
0 0.1798611111111111 0.7898550724637681 0.006944444444444444 0.043478260869565216
0 0.1625 0.7608695652173914 0.008333333333333333 0.03864734299516908
0 0.16041666666666668 0.7801932367149759 0.009722222222222222 0.03864734299516908
0 0.12013888888888889 0.7016908212560387 0.006944444444444444 0.036231884057971016
0 0.08402777777777778 0.6364734299516909 0.006944444444444444 0.04106280193236715
0 0.07361111111111111 0.6702898550724637 0.005555555555555556 0.036231884057971016
0 0.08333333333333333 0.6859903381642513 0.008333333333333333 0.033816425120772944
0 0.09236111111111112 0.6944444444444444 0.006944444444444444 0.03140096618357488
0 0.06944444444444445 0.6328502415458938 0.005555555555555556 0.028985507246376812
0 0.021527777777777778 0.6026570048309179 0.006944444444444444 0.03140096618357488
0 0.03888888888888889 0.5905797101449275 0.005555555555555556 0.036231884057971016
0 0.04583333333333333 0.6099033816425121 0.005555555555555556 0.03140096618357488
0 0.05138888888888889 0.6099033816425121 0.008333333333333333 0.036231884057971016
0 0.06180555555555556 0.6147342995169082 0.006944444444444444 0.036231884057971016
0 0.06875 0.6388888888888888 0.006944444444444444 0.026570048309178744
0 0.05486111111111111 0.6400966183574879 0.006944444444444444 0.033816425120772944
0 0.034722222222222224 0.5978260869565217 0.005555555555555556 0.036231884057971016
0 0.0625 0.6461352657004831 0.008333333333333333 0.036231884057971016
0 0.22708333333333333 0.8369565217391305 0.0125 0.036231884057971016
0 0.22430555555555556 0.8309178743961353 0.006944444444444444 0.01932367149758454
0 0.005555555555555556 0.033816425120772944 0.005555555555555556 0.01932367149758454
0 0.027083333333333334 0.06884057971014493 0.004166666666666667 0.021739130434782608
0 0.011805555555555555 0.033816425120772944 0.004166666666666667 0.01932367149758454
0 0.01597222222222222 0.036231884057971016 0.004166666666666667 0.01932367149758454
0 0.02361111111111111 0.03743961352657005 0.005555555555555556 0.021739130434782608
0 0.027083333333333334 0.049516908212560384 0.004166666666666667 0.016908212560386472
0 0.05625 0.07004830917874397 0.004166666666666667 0.01932367149758454
0 0.06180555555555556 0.06884057971014493 0.004166666666666667 0.016908212560386472
0 0.06388888888888888 0.0929951690821256 0.005555555555555556 0.026570048309178744
0 0.03194444444444444 0.09903381642512077 0.005555555555555556 0.028985507246376812
0 0.0375 0.10024154589371981 0.005555555555555556 0.026570048309178744
0 0.03611111111111111 0.07125603864734299 0.005555555555555556 0.021739130434782608
0 0.03888888888888889 0.05314009661835749 0.002777777777777778 0.014492753623188406
0 0.04236111111111111 0.050724637681159424 0.004166666666666667 0.01932367149758454
0 0.050694444444444445 0.06521739130434782 0.004166666666666667 0.01932367149758454
0 0.04652777777777778 0.07246376811594203 0.004166666666666667 0.01932367149758454
0 0.04513888888888889 0.059178743961352656 0.004166666666666667 0.021739130434782608
0 0.03263888888888889 0.04468599033816425 0.004166666666666667 0.016908212560386472
0 0.034722222222222224 0.14251207729468598 0.002777777777777778 0.014492753623188406
0 0.03958333333333333 0.14009661835748793 0.004166666666666667 0.014492753623188406
0 0.04722222222222222 0.13526570048309178 0.002777777777777778 0.014492753623188406
0 0.052083333333333336 0.13405797101449277 0.004166666666666667 0.012077294685990338
0 0.06666666666666667 0.1292270531400966 0.002777777777777778 0.016908212560386472
0 0.07152777777777777 0.13526570048309178 0.004166666666666667 0.014492753623188406
0 0.07777777777777778 0.1388888888888889 0.005555555555555556 0.012077294685990338
0 0.08541666666666667 0.14492753623188406 0.004166666666666667 0.014492753623188406
0 0.09027777777777778 0.1473429951690821 0.002777777777777778 0.014492753623188406
0 0.09791666666666667 0.15821256038647344 0.004166666666666667 0.016908212560386472
0 0.07847222222222222 0.08816425120772947 0.004166666666666667 0.021739130434782608
0 0.08958333333333333 0.11956521739130435 0.004166666666666667 0.016908212560386472
0 0.09444444444444444 0.11835748792270531 0.005555555555555556 0.024154589371980676
0 0.1 0.11835748792270531 0.005555555555555556 0.028985507246376812
0 0.14930555555555555 0.10386473429951691 0.004166666666666667 0.024154589371980676
0 0.12708333333333333 0.14855072463768115 0.004166666666666667 0.016908212560386472
0 0.13055555555555556 0.13526570048309178 0.002777777777777778 0.01932367149758454
0 0.13541666666666666 0.14130434782608695 0.004166666666666667 0.021739130434782608
0 0.14097222222222222 0.13405797101449277 0.004166666666666667 0.021739130434782608
0 0.14652777777777778 0.1316425120772947 0.004166666666666667 0.021739130434782608
0 0.15138888888888888 0.1316425120772947 0.005555555555555556 0.016908212560386472
0 0.3486111111111111 0.9855072463768116 0.011111111111111112 0.04830917874396135
