0 0.25694 0.23486 0.06944 0.15046
0 0.39792 0.61651 0.08472 0.16514
0 0.57083 0.91927 0.07778 0.16514
0 0.55417 0.89908 0.05556 0.13211
0 0.57708 0.83578 0.09306 0.14862
0 0.88681 0.82018 0.05972 0.16881
0 0.84931 0.81376 0.05694 0.14862
0 0.65833 0.46422 0.06667 0.17248
0 0.60417 0.69358 0.06389 0.16514
0 0.8125 0.17156 0.03889 0.10092
0 0.68125 0.57064 0.0625 0.14679
0 0.64028 0.6422 0.05 0.10642
0 0.15833 0.9422 0.09167 0.12294
0 0.12153 0.99266 0.08194 0.13945
0 0.11806 0.87064 0.09444 0.15596
0 0.57361 0.34312 0.06667 0.16147
0 0.52917 0.38899 0.05 0.16514
0 0.93681 0.06514 0.04028 0.13028
0 0.63542 0.7789 0.06528 0.13028
