0 0.035416666666666666 0.09178743961352658 0.006944444444444444 0.028985507246376812
0 0.044444444444444446 0.08574879227053141 0.005555555555555556 0.026570048309178744
0 0.24444444444444444 0.8864734299516909 0.011111111111111112 0.043478260869565216
0 0.31319444444444444 0.6557971014492754 0.009722222222222222 0.036231884057971016
0 0.30972222222222223 0.6473429951690821 0.008333333333333333 0.03864734299516908
0 0.28125 0.6461352657004831 0.009722222222222222 0.04106280193236715
0 0.25 0.5990338164251208 0.008333333333333333 0.03864734299516908
0 0.23541666666666666 0.6630434782608695 0.009722222222222222 0.036231884057971016
0 0.24027777777777778 0.6594202898550725 0.011111111111111112 0.028985507246376812
0 0.25277777777777777 0.6654589371980676 0.011111111111111112 0.03140096618357488
0 0.19305555555555556 0.606280193236715 0.008333333333333333 0.043478260869565216
0 0.19166666666666668 0.7657004830917874 0.008333333333333333 0.03864734299516908
0 0.20625 0.7632850241545893 0.009722222222222222 0.028985507246376812
0 0.24166666666666667 0.7318840579710145 0.008333333333333333 0.04830917874396135
0 0.2048611111111111 0.6533816425120773 0.006944444444444444 0.04106280193236715
0 0.17291666666666666 0.44565217391304346 0.006944444444444444 0.036231884057971016
0 0.17152777777777778 0.501207729468599 0.006944444444444444 0.04106280193236715
0 0.1798611111111111 0.5 0.006944444444444444 0.033816425120772944
0 0.22013888888888888 0.606280193236715 0.006944444444444444 0.03864734299516908
0 0.22013888888888888 0.7077294685990339 0.009722222222222222 0.03864734299516908
0 0.2263888888888889 0.7270531400966184 0.011111111111111112 0.033816425120772944
0 0.2326388888888889 0.7367149758454107 0.006944444444444444 0.028985507246376812
0 0.21666666666666667 0.7270531400966184 0.008333333333333333 0.043478260869565216
0 0.20277777777777778 0.7198067632850241 0.011111111111111112 0.043478260869565216
0 0.17083333333333334 0.7367149758454107 0.008333333333333333 0.03864734299516908
0 0.16944444444444445 0.7198067632850241 0.011111111111111112 0.03864734299516908
0 0.1909722222222222 0.7270531400966184 0.0125 0.043478260869565216
0 0.18333333333333332 0.7210144927536232 0.011111111111111112 0.036231884057971016
0 0.18472222222222223 0.716183574879227 0.013888888888888888 0.04106280193236715
