0 0.09375 0.46422 0.00417 0.01468
0 0.09375 0.16606 0.00417 0.00917
0 0.11389 0.20275 0.00278 0.01284
0 0.30069 0.77615 0.00694 0.02569
0 0.29097 0.77523 0.00694 0.02385
0 0.28194 0.7367 0.00556 0.02752
0 0.27014 0.73945 0.00694 0.02202
0 0.20694 0.48991 0.00556 0.02202
0 0.15417 0.27706 0.00556 0.01468
0 0.14514 0.28899 0.00417 0.01284
0 0.35833 0.55138 0.01389 0.02018
0 0.50903 0.42294 0.00417 0.01284
0 0.43819 0.5844 0.00694 0.02018
0 0.46389 0.49725 0.00556 0.01468
0 0.38056 0.85596 0.01111 0.03486
0 0.33194 0.85321 0.01111 0.02936
0 0.60347 0.95046 0.00694 0.01835
0 0.65069 0.49908 0.00417 0.01835
0 0.74236 0.49817 0.00417 0.01284
0 0.77153 0.41468 0.00417 0.01835
