0 0.24444444444444444 0.3247706422018349 0.011111111111111112 0.03302752293577982
0 0.29791666666666666 0.4853211009174312 0.018055555555555554 0.04220183486238532
0 0.30833333333333335 0.48256880733944957 0.016666666666666666 0.05137614678899083
0 0.28125 0.4963302752293578 0.020833333333333332 0.05321100917431193
0 0.5805555555555556 0.6862385321100918 0.013888888888888888 0.04036697247706422
0 0.5847222222222223 0.6724770642201835 0.019444444444444445 0.05321100917431193
0 0.8951388888888889 0.3220183486238532 0.006944444444444444 0.03486238532110092
0 0.8694444444444445 0.20825688073394497 0.005555555555555556 0.023853211009174313
0 0.8604166666666667 0.20550458715596331 0.006944444444444444 0.025688073394495414
0 0.8395833333333333 0.23394495412844038 0.006944444444444444 0.012844036697247707
