0 0.5833333333333334 0.8889908256880734 0.03333333333333333 0.10825688073394496
0 0.6159722222222223 0.8788990825688073 0.03194444444444444 0.11743119266055047
0 0.6444444444444445 0.8944954128440367 0.030555555555555555 0.11559633027522936
0 0.6826388888888889 0.9229357798165138 0.034722222222222224 0.11009174311926606
0 0.6923611111111111 0.7880733944954128 0.03194444444444444 0.11559633027522936
0 0.6493055555555556 0.7798165137614679 0.03194444444444444 0.10642201834862386
0 0.6201388888888889 0.7779816513761468 0.034722222222222224 0.09908256880733946
0 0.7125 0.5128440366972477 0.022222222222222223 0.08256880733944955
0 0.69375 0.5155963302752293 0.02638888888888889 0.07339449541284404
0 0.79375 0.3495412844036697 0.020833333333333332 0.07522935779816514
0 0.7854166666666667 0.23119266055045873 0.015277777777777777 0.05871559633027523
0 0.8027777777777778 0.22385321100917432 0.016666666666666666 0.05871559633027523
0 0.8166666666666667 0.23394495412844038 0.016666666666666666 0.060550458715596334
0 0.7430555555555556 0.20458715596330276 0.013888888888888888 0.05688073394495413
0 0.7534722222222222 0.2018348623853211 0.015277777777777777 0.05504587155963303
0 0.8069444444444445 0.13302752293577982 0.013888888888888888 0.05321100917431193
0 0.8083333333333333 0.0853211009174312 0.016666666666666666 0.045871559633027525
0 0.8569444444444444 0.08256880733944955 0.013888888888888888 0.05137614678899083
0 0.95 0.02018348623853211 0.011111111111111112 0.04036697247706422
