0 0.19236111111111112 0.3926605504587156 0.020833333333333332 0.03302752293577982
0 0.21666666666666667 0.5770642201834862 0.016666666666666666 0.04220183486238532
0 0.20347222222222222 0.5715596330275229 0.0125 0.027522935779816515
0 0.1625 0.6559633027522935 0.016666666666666666 0.05321100917431193
0 0.2881944444444444 0.9651376146788991 0.020833333333333332 0.062385321100917435
0 0.25625 0.9678899082568807 0.020833333333333332 0.06422018348623854
0 0.12777777777777777 0.6788990825688074 0.030555555555555555 0.044036697247706424
0 0.3854166666666667 0.4871559633027523 0.02361111111111111 0.03853211009174312
0 0.9361111111111111 0.3339449541284404 0.025 0.047706422018348627
0 0.8881944444444444 0.3376146788990826 0.02361111111111111 0.044036697247706424
0 0.8770833333333333 0.3220183486238532 0.020833333333333332 0.04220183486238532
0 0.8993055555555556 0.3091743119266055 0.020833333333333332 0.05321100917431193
0 0.8805555555555555 0.0871559633027523 0.016666666666666666 0.04220183486238532
