0 0.5131944444444444 0.9891304347826086 0.0125 0.050724637681159424
0 0.5208333333333334 0.9939613526570048 0.013888888888888888 0.05555555555555555
0 0.6041666666666666 0.7971014492753623 0.013888888888888888 0.057971014492753624
0 0.5993055555555555 0.855072463768116 0.0125 0.04830917874396135
0 0.6590277777777778 0.8333333333333334 0.015277777777777777 0.04830917874396135
0 0.575 0.9879227053140096 0.013888888888888888 0.05314009661835749
0 0.7583333333333333 0.9758454106280193 0.016666666666666666 0.07729468599033816
0 0.9291666666666667 0.24516908212560387 0.005555555555555556 0.03140096618357488
0 0.9541666666666667 0.18961352657004832 0.005555555555555556 0.03140096618357488
0 0.9590277777777778 0.15338164251207728 0.004166666666666667 0.026570048309178744
0 0.9631944444444445 0.1606280193236715 0.004166666666666667 0.021739130434782608
0 0.96875 0.1570048309178744 0.004166666666666667 0.024154589371980676
