0 0.7881944444444444 0.1596330275229358 0.029166666666666667 0.04036697247706422
0 0.14583333333333334 0.3513761467889908 0.05 0.03486238532110092
0 0.5798611111111112 0.062385321100917435 0.02638888888888889 0.04036697247706422
0 0.09513888888888888 0.555045871559633 0.05416666666666667 0.03853211009174312
0 0.07777777777777778 0.6889908256880733 0.06111111111111111 0.04220183486238532
0 0.20277777777777778 0.673394495412844 0.05555555555555555 0.044036697247706424
0 0.11736111111111111 0.5247706422018349 0.059722222222222225 0.05137614678899083
0 0.5666666666666667 0.9770642201834863 0.030555555555555555 0.03486238532110092
0 0.95 0.8394495412844036 0.03333333333333333 0.045871559633027525
0 0.8097222222222222 0.6146788990825688 0.027777777777777776 0.047706422018348627
0 0.95625 0.5045871559633027 0.018055555555555554 0.022018348623853212
0 0.8701388888888889 0.7128440366972477 0.02361111111111111 0.023853211009174313
0 0.8979166666666667 0.6972477064220184 0.03194444444444444 0.029357798165137616
0 0.9715277777777778 0.48990825688073397 0.02638888888888889 0.03302752293577982
