0 0.9423611111111111 0.6111111111111112 0.015277777777777777 0.08695652173913043
0 0.8277777777777777 0.856280193236715 0.019444444444444445 0.0748792270531401
0 0.8284722222222223 0.6884057971014492 0.015277777777777777 0.043478260869565216
0 0.825 0.6521739130434783 0.016666666666666666 0.06280193236714976
0 0.7611111111111111 0.7294685990338164 0.016666666666666666 0.06280193236714976
0 0.7826388888888889 0.6799516908212561 0.018055555555555554 0.06038647342995169
0 0.8006944444444445 0.6364734299516909 0.020833333333333332 0.07971014492753623
0 0.6402777777777777 0.751207729468599 0.022222222222222223 0.0821256038647343
0 0.6840277777777778 0.7270531400966184 0.0125 0.05314009661835749
0 0.6097222222222223 0.22342995169082125 0.03611111111111111 0.05555555555555555
0 0.575 0.11714975845410629 0.013888888888888888 0.07971014492753623
0 0.5923611111111111 0.11473429951690821 0.018055555555555554 0.07004830917874397
0 0.6208333333333333 0.11473429951690821 0.019444444444444445 0.07004830917874397
0 0.6590277777777778 0.09541062801932366 0.02361111111111111 0.050724637681159424
