0 0.60903 0.63303 0.00694 0.02569
0 0.59653 0.64862 0.00694 0.02385
0 0.62083 0.66514 0.00556 0.02018
0 0.6375 0.7055 0.00556 0.02018
0 0.62708 0.70826 0.00694 0.01835
0 0.65208 0.80092 0.00694 0.02018
0 0.67917 0.74587 0.00556 0.02385
0 0.76389 0.95321 0.00833 0.02752
0 0.69583 0.9945 0.00556 0.01835
0 0.80903 0.98532 0.01528 0.04771
0 0.66528 0.60642 0.00833 0.03119
0 0.73264 0.26239 0.00417 0.00734
0 0.74514 0.27248 0.00417 0.00917
0 0.77292 0.31927 0.00417 0.00734
0 0.64792 0.41651 0.00972 0.01468
0 0.63194 0.42018 0.00556 0.01101
