0 0.65486 0.83454 0.00972 0.04106
0 0.66528 0.82729 0.01389 0.05556
0 0.75833 0.27778 0.00833 0.03382
0 0.76944 0.27657 0.00833 0.03623
0 0.75208 0.28019 0.00694 0.03865
0 0.74167 0.28986 0.00833 0.03382
0 0.73472 0.28865 0.00833 0.03623
0 0.71806 0.2971 0.00833 0.02899
0 0.7 0.2971 0.01111 0.03865
0 0.69306 0.48913 0.00833 0.0314
0 0.69653 0.49155 0.00972 0.03623
0 0.75764 0.50725 0.00694 0.03865
0 0.82083 0.50242 0.00833 0.03865
0 0.84097 0.50966 0.00694 0.03865
0 0.85417 0.49758 0.00556 0.04348
0 0.86042 0.49034 0.00972 0.03865
0 0.86944 0.50725 0.00833 0.03382
0 0.87083 0.49879 0.00556 0.03623
0 0.87569 0.48188 0.00972 0.03623
0 0.88333 0.46739 0.00833 0.04106
0 0.88403 0.47464 0.00972 0.03623
0 0.88194 0.47947 0.00833 0.0314
0 0.88819 0.48188 0.00417 0.02174
0 0.89097 0.49275 0.00694 0.02899
0 0.90069 0.49879 0.00694 0.02657
0 0.90486 0.47464 0.0125 0.04106
0 0.91389 0.48309 0.00833 0.03865
0 0.92083 0.47222 0.00833 0.03623
0 0.70903 0.40338 0.00694 0.03382
0 0.71389 0.39976 0.00833 0.04106
0 0.7125 0.41063 0.00556 0.01449
0 0.72431 0.40459 0.00694 0.03623
0 0.72014 0.3913 0.00972 0.03382
0 0.76111 0.37923 0.00833 0.04348
0 0.78333 0.42391 0.01111 0.04106
0 0.78194 0.41908 0.01111 0.04106
0 0.79861 0.36353 0.00833 0.04106
0 0.97083 0.47222 0.00833 0.04106
0 0.98125 0.48913 0.00694 0.03623
0 0.84167 0.39614 0.00833 0.02899
0 0.84792 0.38889 0.00972 0.03382
0 0.85764 0.33696 0.00694 0.04106
0 0.86944 0.28382 0.00833 0.03623
0 0.85764 0.36836 0.00694 0.03623
0 0.8625 0.36957 0.01111 0.03382
0 0.87361 0.38164 0.00833 0.04348
0 0.87431 0.38889 0.0125 0.03865
0 0.88125 0.37077 0.00694 0.03623
0 0.90833 0.3756 0.00556 0.04106
0 0.92917 0.3744 0.00556 0.03865
0 0.94375 0.39976 0.0125 0.04106
0 0.94514 0.39493 0.00972 0.04106
0 0.97153 0.37319 0.00694 0.03623
0 0.98194 0.33816 0.00556 0.03865
0 0.99583 0.23671 0.01111 0.03382
0 0.98958 0.22343 0.00694 0.0314
0 0.97708 0.25725 0.00972 0.0314
0 0.99306 0.30556 0.00833 0.03623
0 0.93681 0.28865 0.00694 0.03623
0 0.89236 0.29106 0.00972 0.03623
0 0.89167 0.27415 0.00833 0.0314
0 0.89375 0.26449 0.00972 0.04106
0 0.89861 0.26208 0.01111 0.03623
0 0.90903 0.26932 0.00694 0.03623
0 0.90903 0.25483 0.00694 0.0314
0 0.92083 0.26932 0.00833 0.03623
0 0.91667 0.32246 0.00833 0.03623
0 0.93194 0.33575 0.00556 0.03382
0 0.94444 0.34179 0.00833 0.03623
0 0.95556 0.35024 0.01111 0.03865
0 0.94514 0.33092 0.00972 0.03865
0 0.94722 0.29589 0.00556 0.03623
0 0.94514 0.27053 0.00694 0.03865
0 0.92986 0.2657 0.00694 0.03382
0 0.93889 0.27053 0.01111 0.03382
0 0.95278 0.27174 0.01111 0.03623
0 0.96111 0.2971 0.01389 0.03382
0 0.96389 0.25362 0.01111 0.03865
0 0.99306 0.2814 0.00833 0.0314
