0 0.30416666666666664 0.7536231884057971 0.019444444444444445 0.043478260869565216
0 0.011805555555555555 0.8067632850241546 0.02361111111111111 0.06763285024154589
0 0.15208333333333332 0.7379227053140096 0.0125 0.03140096618357488
0 0.1625 0.7185990338164251 0.016666666666666666 0.050724637681159424
0 0.3527777777777778 0.3333333333333333 0.013888888888888888 0.057971014492753624
0 0.33819444444444446 0.3079710144927536 0.020833333333333332 0.04589371980676329
0 0.31527777777777777 0.21739130434782608 0.011111111111111112 0.028985507246376812
0 0.3194444444444444 0.13768115942028986 0.011111111111111112 0.057971014492753624
0 0.33055555555555555 0.14130434782608695 0.013888888888888888 0.05555555555555555
0 0.05277777777777778 0.427536231884058 0.011111111111111112 0.01932367149758454
0 0.06666666666666667 0.12439613526570048 0.011111111111111112 0.03140096618357488
0 0.075 0.13043478260869565 0.019444444444444445 0.024154589371980676
0 0.05763888888888889 0.13405797101449277 0.009722222222222222 0.03140096618357488
