0 0.7868055555555555 0.7954128440366972 0.02638888888888889 0.06422018348623854
0 0.029861111111111113 0.3541284403669725 0.018055555555555554 0.05504587155963303
0 0.05138888888888889 0.3669724770642202 0.019444444444444445 0.05871559633027523
0 0.08472222222222223 0.3743119266055046 0.013888888888888888 0.062385321100917435
0 0.1076388888888889 0.3761467889908257 0.02361111111111111 0.05871559633027523
0 0.11041666666666666 0.3155963302752294 0.020833333333333332 0.07339449541284404
0 0.40069444444444446 0.3311926605504587 0.015277777777777777 0.06422018348623854
0 0.48819444444444443 0.3321100917431193 0.029166666666666667 0.05871559633027523
0 0.7263888888888889 0.3275229357798165 0.025 0.05321100917431193
0 0.9847222222222223 0.8715596330275229 0.027777777777777776 0.05504587155963303
