0 0.68056 0.59633 0.03889 0.07339
0 0.65 0.57339 0.04167 0.0789
0 0.61389 0.52294 0.03889 0.06239
0 0.625 0.38991 0.04167 0.0789
0 0.59236 0.39633 0.04861 0.0844
0 0.62014 0.35596 0.04306 0.06606
0 0.77361 0.23945 0.03889 0.08624
0 0.60278 0.22294 0.03889 0.08991
0 0.81944 0.07156 0.03333 0.09541
0 0.77986 0.0422 0.03194 0.0844
0 0.80833 0.04312 0.02778 0.08624
0 0.89514 0.03486 0.02639 0.06972
0 0.92361 0.02752 0.02222 0.05505
0 0.09722 0.35688 0.08056 0.09358
0 0.4125 0.68624 0.07222 0.04771
0 0.38194 0.72202 0.04444 0.04954
0 0.12014 0.92752 0.08194 0.03119
