0 0.33264 0.67706 0.0125 0.0367
0 0.325 0.66881 0.01389 0.04954
0 0.29514 0.5789 0.01528 0.03853
0 0.27083 0.58532 0.01111 0.04037
0 0.25764 0.5945 0.00972 0.04037
0 0.25139 0.5945 0.01111 0.04037
0 0.30903 0.53303 0.0125 0.03853
0 0.26875 0.55321 0.00972 0.02752
0 0.2625 0.55229 0.00833 0.03303
0 0.19583 0.54404 0.01389 0.03486
0 0.07014 0.80183 0.02361 0.06972
0 0.18611 0.50183 0.00833 0.01651
0 0.20972 0.49541 0.00556 0.01835
0 0.25139 0.51743 0.01111 0.01835
0 0.23403 0.47431 0.00694 0.01651
0 0.25903 0.4945 0.00694 0.02385
0 0.25764 0.48716 0.00694 0.02385
0 0.27083 0.48991 0.00556 0.02202
0 0.26806 0.48991 0.00833 0.02202
0 0.25069 0.45872 0.00694 0.01835
0 0.20833 0.45596 0.00833 0.02018
0 0.2625 0.46239 0.00833 0.02202
0 0.26111 0.45229 0.00833 0.02018
0 0.27292 0.44862 0.00694 0.02018
0 0.00972 0.4633 0.00556 0.01284
0 0.01181 0.46055 0.00417 0.01468
