0 0.0798611111111111 0.0640096618357488 0.020833333333333332 0.03140096618357488
0 0.07777777777777778 0.15217391304347827 0.022222222222222223 0.028985507246376812
0 0.09513888888888888 0.1823671497584541 0.018055555555555554 0.036231884057971016
0 0.13194444444444445 0.16908212560386474 0.025 0.033816425120772944
0 0.12152777777777778 0.09541062801932366 0.02361111111111111 0.03140096618357488
0 0.17916666666666667 0.06763285024154589 0.025 0.033816425120772944
0 0.16597222222222222 0.0785024154589372 0.020833333333333332 0.04106280193236715
0 0.27152777777777776 0.06884057971014493 0.02361111111111111 0.03140096618357488
0 0.2673611111111111 0.1292270531400966 0.020833333333333332 0.03140096618357488
0 0.3125 0.19444444444444445 0.016666666666666666 0.036231884057971016
0 0.5256944444444445 0.3103864734299517 0.02361111111111111 0.04106280193236715
0 0.5291666666666667 0.28140096618357485 0.019444444444444445 0.03140096618357488
0 0.7833333333333333 0.24033816425120774 0.016666666666666666 0.036231884057971016
0 0.7840277777777778 0.213768115942029 0.015277777777777777 0.03140096618357488
0 0.49583333333333335 0.45893719806763283 0.019444444444444445 0.033816425120772944
0 0.4791666666666667 0.4359903381642512 0.013888888888888888 0.036231884057971016
0 0.31527777777777777 0.178743961352657 0.030555555555555555 0.033816425120772944
0 0.1875 0.14130434782608695 0.019444444444444445 0.026570048309178744
0 0.17708333333333334 0.13043478260869565 0.020833333333333332 0.01932367149758454
0 0.08541666666666667 0.049516908212560384 0.020833333333333332 0.026570048309178744
0 0.10138888888888889 0.11835748792270531 0.019444444444444445 0.03864734299516908
0 0.10486111111111111 0.09782608695652174 0.015277777777777777 0.03140096618357488
0 0.11388888888888889 0.0821256038647343 0.019444444444444445 0.03864734299516908
0 0.10902777777777778 0.14492753623188406 0.020833333333333332 0.028985507246376812
0 0.12222222222222222 0.18961352657004832 0.016666666666666666 0.021739130434782608
0 0.11944444444444445 0.17632850241545894 0.013888888888888888 0.024154589371980676
0 0.010416666666666666 0.11835748792270531 0.020833333333333332 0.028985507246376812
