0 0.9054242002781642 0.7794117647058824 0.022253129346314324 0.08823529411764706
0 0.7552155771905424 0.7784926470588235 0.022253129346314324 0.07536764705882353
0 0.44367176634214184 0.8106617647058824 0.027816411682892908 0.08088235294117647
0 0.06328233657858136 0.8207720588235294 0.059805285118219746 0.0900735294117647
0 0.347009735744089 0.8180147058823529 0.037552155771905425 0.08823529411764706
0 0.5271210013908206 0.7849264705882353 0.025034770514603615 0.08455882352941177
0 0.7225312934631433 0.5661764705882353 0.02364394993045897 0.058823529411764705
0 0.56884561891516 0.7380514705882353 0.027816411682892908 0.05698529411764706
0 0.5584144645340751 0.7683823529411765 0.02086230876216968 0.07720588235294118
0 0.5848400556328234 0.8639705882352942 0.02364394993045897 0.051470588235294115
0 0.7656467315716272 0.7426470588235294 0.031988873435326845 0.08088235294117647
0 0.8247566063977747 0.7251838235294118 0.025034770514603615 0.07169117647058823
0 0.9165507649513213 0.6213235294117647 0.025034770514603615 0.06985294117647059
0 0.9680111265646731 0.35661764705882354 0.008344923504867872 0.04411764705882353
