0 0.1986111111111111 0.10144927536231885 0.008333333333333333 0.03864734299516908
0 0.3076388888888889 0.020531400966183576 0.009722222222222222 0.03140096618357488
0 0.32222222222222224 0.021739130434782608 0.008333333333333333 0.028985507246376812
0 0.6194444444444445 0.9239130434782609 0.011111111111111112 0.05555555555555555
0 0.6388888888888888 0.8333333333333334 0.013888888888888888 0.04830917874396135
0 0.6215277777777778 0.8164251207729468 0.0125 0.03864734299516908
0 0.6222222222222222 0.3888888888888889 0.008333333333333333 0.033816425120772944
0 0.5416666666666666 0.10628019323671498 0.005555555555555556 0.033816425120772944
0 0.5451388888888888 0.20772946859903382 0.009722222222222222 0.033816425120772944
0 0.5326388888888889 0.1461352657004831 0.006944444444444444 0.026570048309178744
0 0.56875 0.18357487922705315 0.009722222222222222 0.03864734299516908
0 0.5569444444444445 0.21859903381642512 0.008333333333333333 0.03140096618357488
