0 0.1840277777777778 0.029357798165137616 0.020833333333333332 0.05871559633027523
0 0.27847222222222223 0.028440366972477066 0.02638888888888889 0.05688073394495413
0 0.24930555555555556 0.031192660550458717 0.020833333333333332 0.062385321100917435
0 0.4048611111111111 0.0981651376146789 0.03194444444444444 0.08990825688073395
0 0.44930555555555557 0.12293577981651377 0.018055555555555554 0.044036697247706424
0 0.5652777777777778 0.12752293577981652 0.022222222222222223 0.045871559633027525
0 0.5694444444444444 0.07155963302752294 0.030555555555555555 0.062385321100917435
0 0.5597222222222222 0.05229357798165138 0.019444444444444445 0.03853211009174312
0 0.43194444444444446 0.25871559633027524 0.03611111111111111 0.05137614678899083
0 0.45069444444444445 0.5724770642201835 0.029166666666666667 0.08440366972477065
0 0.32708333333333334 0.773394495412844 0.07361111111111111 0.10825688073394496
0 0.043055555555555555 0.6587155963302752 0.04722222222222222 0.11009174311926606
0 0.6979166666666666 0.8211009174311926 0.043055555555555555 0.10825688073394496
