0 0.2375 0.44036697247706424 0.013888888888888888 0.03302752293577982
0 0.4597222222222222 0.43669724770642204 0.016666666666666666 0.029357798165137616
0 0.49722222222222223 0.44678899082568807 0.013888888888888888 0.031192660550458717
0 0.8173611111111111 0.2779816513761468 0.0125 0.027522935779816515
0 0.9868055555555556 0.1651376146788991 0.009722222222222222 0.014678899082568808
0 0.9756944444444444 0.16238532110091744 0.009722222222222222 0.023853211009174313
0 0.9326388888888889 0.1577981651376147 0.009722222222222222 0.025688073394495414
0 0.9388888888888889 0.24587155963302754 0.013888888888888888 0.029357798165137616
0 0.91875 0.25779816513761467 0.0125 0.023853211009174313
0 0.9888888888888889 0.43944954128440367 0.011111111111111112 0.023853211009174313
0 0.9888888888888889 0.5385321100917431 0.008333333333333333 0.031192660550458717
0 0.9868055555555556 0.6403669724770642 0.0125 0.025688073394495414
0 0.9972222222222222 0.6935779816513762 0.011111111111111112 0.029357798165137616
0 0.9847222222222223 0.8376146788990826 0.013888888888888888 0.03486238532110092
0 0.8965277777777778 0.789908256880734 0.0125 0.04220183486238532
0 0.8701388888888889 0.7871559633027523 0.020833333333333332 0.044036697247706424
