0 0.42292 0.90642 0.02083 0.05138
0 0.40833 0.90642 0.01944 0.05505
0 0.35 0.8844 0.01389 0.04404
0 0.31736 0.87523 0.01528 0.0367
0 0.32222 0.82661 0.02222 0.04587
0 0.33681 0.81835 0.0125 0.04037
0 0.36528 0.81284 0.01944 0.04771
0 0.37569 0.76881 0.01528 0.05505
0 0.29167 0.74862 0.01667 0.05138
0 0.34028 0.71376 0.01667 0.05505
0 0.41458 0.75963 0.01806 0.05138
0 0.425 0.76147 0.01667 0.05138
0 0.45417 0.83394 0.01667 0.06055
0 0.44653 0.8211 0.01806 0.05688
0 0.46875 0.82202 0.02083 0.05505
0 0.44653 0.78716 0.01806 0.05505
