0 0.95 0.9357798165137615 0.011111111111111112 0.04036697247706422
0 0.8236111111111111 0.9211009174311927 0.011111111111111112 0.044036697247706424
0 0.8333333333333334 0.9119266055045872 0.011111111111111112 0.04036697247706422
0 0.8131944444444444 0.9036697247706422 0.006944444444444444 0.03486238532110092
0 0.8069444444444445 0.8871559633027523 0.008333333333333333 0.031192660550458717
0 0.81875 0.8605504587155963 0.006944444444444444 0.029357798165137616
0 0.8194444444444444 0.8844036697247707 0.011111111111111112 0.03302752293577982
0 0.8277777777777777 0.865137614678899 0.008333333333333333 0.03486238532110092
0 0.8347222222222223 0.8669724770642202 0.011111111111111112 0.03486238532110092
0 0.9576388888888889 0.8073394495412844 0.009722222222222222 0.025688073394495414
0 0.9659722222222222 0.7880733944954128 0.009722222222222222 0.027522935779816515
0 0.8173611111111111 0.7862385321100918 0.009722222222222222 0.027522935779816515
0 0.9979166666666667 0.7587155963302752 0.006944444444444444 0.023853211009174313
0 0.5826388888888889 0.7688073394495413 0.009722222222222222 0.025688073394495414
0 0.6048611111111111 0.7688073394495413 0.009722222222222222 0.025688073394495414
0 0.6527777777777778 0.7660550458715596 0.011111111111111112 0.027522935779816515
0 0.6680555555555555 0.7532110091743119 0.008333333333333333 0.027522935779816515
0 0.6597222222222222 0.7495412844036697 0.008333333333333333 0.027522935779816515
0 0.7263888888888889 0.7394495412844037 0.008333333333333333 0.025688073394495414
