0 0.25 0.49879227053140096 0.013888888888888888 0.04589371980676329
0 0.23958333333333334 0.4939613526570048 0.009722222222222222 0.036231884057971016
0 0.027777777777777776 0.8599033816425121 0.019444444444444445 0.043478260869565216
0 0.022222222222222223 0.8248792270531401 0.016666666666666666 0.04589371980676329
0 0.07222222222222222 0.8623188405797102 0.022222222222222223 0.043478260869565216
0 0.009722222222222222 0.8007246376811594 0.013888888888888888 0.04106280193236715
0 0.07291666666666667 0.8417874396135265 0.018055555555555554 0.036231884057971016
0 0.10694444444444444 0.8707729468599034 0.016666666666666666 0.036231884057971016
0 0.10972222222222222 0.8913043478260869 0.019444444444444445 0.033816425120772944
0 0.10416666666666667 0.9106280193236715 0.013888888888888888 0.024154589371980676
0 0.38958333333333334 0.7934782608695652 0.015277777777777777 0.04106280193236715
0 0.44513888888888886 0.7391304347826086 0.009722222222222222 0.024154589371980676
0 0.4354166666666667 0.7596618357487923 0.015277777777777777 0.026570048309178744
0 0.4125 0.8164251207729468 0.011111111111111112 0.024154589371980676
0 0.4909722222222222 0.6280193236714976 0.009722222222222222 0.01932367149758454
0 0.4875 0.677536231884058 0.011111111111111112 0.026570048309178744
0 0.43194444444444446 0.572463768115942 0.011111111111111112 0.028985507246376812
0 0.38333333333333336 0.6413043478260869 0.011111111111111112 0.016908212560386472
0 0.3645833333333333 0.7222222222222222 0.0125 0.01932367149758454
0 0.40694444444444444 0.8321256038647343 0.016666666666666666 0.026570048309178744
0 0.43125 0.7765700483091788 0.015277777777777777 0.021739130434782608
0 0.475 0.6835748792270532 0.011111111111111112 0.01932367149758454
0 0.9472222222222222 0.9770531400966184 0.013888888888888888 0.050724637681159424
0 0.7638888888888888 0.6545893719806763 0.013888888888888888 0.05314009661835749
0 0.7881944444444444 0.3997584541062802 0.009722222222222222 0.036231884057971016
0 0.8173611111111111 0.4601449275362319 0.009722222222222222 0.04589371980676329
0 0.8347222222222223 0.4504830917874396 0.005555555555555556 0.04106280193236715
0 0.8229166666666666 0.4444444444444444 0.009722222222222222 0.033816425120772944
0 0.875 0.4553140096618358 0.008333333333333333 0.04589371980676329
0 0.84375 0.47946859903381644 0.0125 0.04106280193236715
0 0.825 0.3140096618357488 0.008333333333333333 0.043478260869565216
0 0.9180555555555555 0.37318840579710144 0.011111111111111112 0.04589371980676329
0 0.9020833333333333 0.38405797101449274 0.006944444444444444 0.03864734299516908
0 0.9006944444444445 0.3357487922705314 0.009722222222222222 0.03864734299516908
0 0.8881944444444444 0.3140096618357488 0.009722222222222222 0.043478260869565216
0 0.8555555555555555 0.3309178743961353 0.008333333333333333 0.03864734299516908
0 0.8409722222222222 0.3719806763285024 0.009722222222222222 0.043478260869565216
0 0.9319444444444445 0.22946859903381642 0.008333333333333333 0.043478260869565216
0 0.975 0.03864734299516908 0.008333333333333333 0.03864734299516908
0 0.9506944444444444 0.04106280193236715 0.006944444444444444 0.024154589371980676
0 0.9694444444444444 0.15338164251207728 0.008333333333333333 0.04106280193236715
0 0.9722222222222222 0.24033816425120774 0.008333333333333333 0.036231884057971016
0 0.9854166666666667 0.2210144927536232 0.006944444444444444 0.04106280193236715
0 0.9506944444444444 0.1932367149758454 0.009722222222222222 0.043478260869565216
0 0.9451388888888889 0.22946859903381642 0.006944444444444444 0.03864734299516908
0 0.9527777777777777 0.23550724637681159 0.005555555555555556 0.036231884057971016
0 0.9625 0.23671497584541062 0.008333333333333333 0.03864734299516908
0 0.9645833333333333 0.1956521739130435 0.006944444444444444 0.028985507246376812
0 0.8756944444444444 0.32971014492753625 0.006944444444444444 0.036231884057971016
0 0.9576388888888889 0.08454106280193237 0.006944444444444444 0.03864734299516908
0 0.9930555555555556 0.0893719806763285 0.008333333333333333 0.033816425120772944
0 0.9819444444444444 0.1111111111111111 0.011111111111111112 0.03864734299516908
0 0.9916666666666667 0.11714975845410629 0.008333333333333333 0.03140096618357488
0 0.8763888888888889 0.30676328502415456 0.008333333333333333 0.033816425120772944
0 0.8604166666666667 0.3164251207729469 0.009722222222222222 0.033816425120772944
0 0.8319444444444445 0.35990338164251207 0.011111111111111112 0.043478260869565216
0 0.8847222222222222 0.391304347826087 0.008333333333333333 0.03864734299516908
0 0.8763888888888889 0.38768115942028986 0.008333333333333333 0.036231884057971016
0 0.8770833333333333 0.3695652173913043 0.006944444444444444 0.028985507246376812
0 0.8840277777777777 0.3671497584541063 0.006944444444444444 0.028985507246376812
0 0.9215277777777777 0.3466183574879227 0.0125 0.04589371980676329
0 0.9625 0.04710144927536232 0.011111111111111112 0.026570048309178744
0 0.9861111111111112 0.35990338164251207 0.008333333333333333 0.01932367149758454
0 0.7229166666666667 0.4323671497584541 0.006944444444444444 0.01932367149758454
0 0.7145833333333333 0.4613526570048309 0.006944444444444444 0.01932367149758454
0 0.7784722222222222 0.2693236714975845 0.006944444444444444 0.016908212560386472
0 0.7847222222222222 0.25120772946859904 0.008333333333333333 0.014492753623188406
0 0.9951388888888889 0.6884057971014492 0.0125 0.033816425120772944
0 0.9763888888888889 0.6521739130434783 0.008333333333333333 0.033816425120772944
0 0.9659722222222222 0.6678743961352657 0.009722222222222222 0.036231884057971016
