0 0.7888888888888889 0.9541062801932367 0.013888888888888888 0.057971014492753624
0 0.825 0.892512077294686 0.011111111111111112 0.05555555555555555
0 0.8701388888888889 0.8852657004830918 0.0125 0.05555555555555555
0 0.9284722222222223 0.7910628019323671 0.009722222222222222 0.04106280193236715
0 0.9138888888888889 0.7753623188405797 0.011111111111111112 0.05314009661835749
0 0.8833333333333333 0.7705314009661836 0.011111111111111112 0.05314009661835749
0 0.8916666666666667 0.7669082125603864 0.013888888888888888 0.05555555555555555
0 0.8847222222222222 0.7548309178743962 0.013888888888888888 0.06038647342995169
0 0.9368055555555556 0.6835748792270532 0.0125 0.05314009661835749
0 0.9277777777777778 0.6654589371980676 0.011111111111111112 0.050724637681159424
0 0.9243055555555556 0.642512077294686 0.0125 0.057971014492753624
0 0.9152777777777777 0.6388888888888888 0.011111111111111112 0.050724637681159424
0 0.9798611111111111 0.6183574879227053 0.009722222222222222 0.033816425120772944
