0 0.3909722222222222 0.6201834862385321 0.020833333333333332 0.05504587155963303
0 0.38819444444444445 0.6036697247706422 0.018055555555555554 0.062385321100917435
0 0.3840277777777778 0.653211009174312 0.020833333333333332 0.062385321100917435
0 0.4479166666666667 0.6605504587155964 0.02361111111111111 0.062385321100917435
0 0.5916666666666667 0.5110091743119266 0.019444444444444445 0.045871559633027525
0 0.55 0.5623853211009174 0.019444444444444445 0.05688073394495413
0 0.5041666666666667 0.6302752293577981 0.022222222222222223 0.060550458715596334
0 0.4215277777777778 0.6724770642201835 0.02638888888888889 0.05688073394495413
0 0.40902777777777777 0.6697247706422018 0.029166666666666667 0.05871559633027523
0 0.4215277777777778 0.6486238532110091 0.02638888888888889 0.07155963302752294
0 0.40555555555555556 0.6467889908256881 0.022222222222222223 0.05688073394495413
0 0.3159722222222222 0.6834862385321101 0.02361111111111111 0.060550458715596334
0 0.35555555555555557 0.6880733944954128 0.030555555555555555 0.07339449541284404
0 0.33611111111111114 0.6688073394495413 0.022222222222222223 0.060550458715596334
0 0.3277777777777778 0.6880733944954128 0.027777777777777776 0.06605504587155964
0 0.3125 0.6954128440366972 0.022222222222222223 0.05137614678899083
0 0.2875 0.7009174311926606 0.025 0.044036697247706424
0 0.27152777777777776 0.691743119266055 0.029166666666666667 0.06605504587155964
0 0.4895833333333333 0.6495412844036698 0.029166666666666667 0.062385321100917435
0 0.5708333333333333 0.6100917431192661 0.022222222222222223 0.04220183486238532
0 0.6722222222222223 0.618348623853211 0.019444444444444445 0.07339449541284404
0 0.7923611111111111 0.6165137614678899 0.020833333333333332 0.062385321100917435
0 0.8909722222222223 0.4669724770642202 0.0125 0.03486238532110092
0 0.8340277777777778 0.3348623853211009 0.006944444444444444 0.02018348623853211
0 0.6909722222222222 0.40458715596330275 0.006944444444444444 0.027522935779816515
0 0.6993055555555555 0.40458715596330275 0.006944444444444444 0.031192660550458717
0 0.8034722222222223 0.3174311926605505 0.006944444444444444 0.022018348623853212
