0 0.052083333333333336 0.2834862385321101 0.006944444444444444 0.031192660550458717
0 0.20277777777777778 0.25779816513761467 0.005555555555555556 0.027522935779816515
0 0.23055555555555557 0.4036697247706422 0.008333333333333333 0.03302752293577982
0 0.20347222222222222 0.40825688073394495 0.006944444444444444 0.03486238532110092
0 0.29375 0.42752293577981654 0.006944444444444444 0.029357798165137616
0 0.24513888888888888 0.3155963302752294 0.006944444444444444 0.029357798165137616
0 0.23680555555555555 0.26422018348623855 0.006944444444444444 0.029357798165137616
0 0.1736111111111111 0.14862385321100918 0.008333333333333333 0.022018348623853212
0 0.18055555555555555 0.12110091743119267 0.005555555555555556 0.025688073394495414
0 0.1625 0.05779816513761468 0.002777777777777778 0.02018348623853211
0 0.15902777777777777 0.05688073394495413 0.004166666666666667 0.01834862385321101
0 0.19930555555555557 0.14495412844036698 0.006944444444444444 0.01834862385321101
0 0.1486111111111111 0.04954128440366973 0.005555555555555556 0.01834862385321101
0 0.14166666666666666 0.047706422018348627 0.005555555555555556 0.01834862385321101
0 0.030555555555555555 0.2761467889908257 0.005555555555555556 0.031192660550458717
0 0.03680555555555556 0.28073394495412846 0.006944444444444444 0.022018348623853212
0 0.2708333333333333 0.43211009174311926 0.008333333333333333 0.01651376146788991
0 0.15902777777777777 0.14587155963302753 0.004166666666666667 0.02018348623853211
