0 0.26389 0.84037 0.02778 0.0844
0 0.19375 0.84679 0.02917 0.07523
0 0.20903 0.84954 0.02361 0.07339
0 0.3375 0.77064 0.025 0.07339
0 0.45417 0.8 0.025 0.07706
0 0.25903 0.54587 0.01528 0.0422
0 0.30417 0.33028 0.01111 0.03303
0 0.34583 0.28899 0.01111 0.02752
0 0.37917 0.2945 0.01111 0.02385
0 0.45069 0.21927 0.00694 0.02018
0 0.45486 0.18257 0.00694 0.01651
0 0.5125 0.13119 0.00556 0.00917
0 0.52083 0.11743 0.00556 0.01468
0 0.5125 0.12202 0.00556 0.01284
0 0.50833 0.12661 0.00556 0.01468
0 0.49861 0.14862 0.00556 0.01468
0 0.50417 0.14862 0.00556 0.01835
0 0.40764 0.28073 0.00972 0.03303
0 0.46389 0.19358 0.00833 0.02018
0 0.48125 0.19083 0.00694 0.02202
0 0.47778 0.18349 0.00833 0.01835
0 0.49444 0.16972 0.00556 0.02018
0 0.31389 0.2789 0.00833 0.02202
0 0.03542 0.27706 0.00972 0.02936
0 0.04514 0.24954 0.00972 0.02202
0 0.08681 0.27615 0.00694 0.03486
0 0.09306 0.27248 0.00833 0.03119
