0 0.10138888888888889 0.23761467889908258 0.016666666666666666 0.03853211009174312
0 0.007638888888888889 0.17155963302752295 0.015277777777777777 0.03853211009174312
0 0.025 0.17155963302752295 0.011111111111111112 0.045871559633027525
0 0.03680555555555556 0.17706422018348625 0.0125 0.03853211009174312
0 0.06736111111111111 0.18623853211009175 0.015277777777777777 0.04220183486238532
0 0.01875 0.14128440366972478 0.015277777777777777 0.04036697247706422
0 0.05347222222222222 0.08440366972477065 0.015277777777777777 0.04036697247706422
0 0.03819444444444445 0.07889908256880734 0.0125 0.04036697247706422
0 0.029861111111111113 0.07155963302752294 0.0125 0.044036697247706424
0 0.041666666666666664 0.045871559633027525 0.011111111111111112 0.03669724770642202
0 0.11388888888888889 0.08807339449541285 0.013888888888888888 0.044036697247706424
0 0.12638888888888888 0.0871559633027523 0.013888888888888888 0.04220183486238532
0 0.5965277777777778 0.5513761467889908 0.03194444444444444 0.04954128440366973
0 0.6972222222222222 0.5688073394495413 0.030555555555555555 0.044036697247706424
0 0.7125 0.5431192660550459 0.025 0.03669724770642202
0 0.43125 0.9752293577981651 0.018055555555555554 0.045871559633027525
0 0.42291666666666666 0.9651376146788991 0.018055555555555554 0.03669724770642202
0 0.41458333333333336 0.9568807339449541 0.020833333333333332 0.04220183486238532
