0 0.043055555555555555 0.5036231884057971 0.013888888888888888 0.050724637681159424
0 0.41944444444444445 0.9842995169082126 0.013888888888888888 0.026570048309178744
0 0.38472222222222224 0.9782608695652174 0.011111111111111112 0.03864734299516908
0 0.3701388888888889 0.9516908212560387 0.015277777777777777 0.06280193236714976
0 0.3055555555555556 0.8635265700483091 0.011111111111111112 0.050724637681159424
0 0.5756944444444444 0.40942028985507245 0.015277777777777777 0.04106280193236715
0 0.5527777777777778 0.4504830917874396 0.011111111111111112 0.04589371980676329
0 0.5111111111111111 0.427536231884058 0.011111111111111112 0.04830917874396135
0 0.5368055555555555 0.4335748792270531 0.015277777777777777 0.04106280193236715
0 0.3736111111111111 0.45169082125603865 0.008333333333333333 0.043478260869565216
0 0.33819444444444446 0.48188405797101447 0.015277777777777777 0.04589371980676329
0 0.3326388888888889 0.47101449275362317 0.018055555555555554 0.043478260869565216
