0 0.125 0.8731884057971014 0.005555555555555556 0.016908212560386472
0 0.11041666666666666 0.3055555555555556 0.004166666666666667 0.012077294685990338
0 0.11458333333333333 0.30434782608695654 0.004166666666666667 0.014492753623188406
0 0.11041666666666666 0.11956521739130435 0.004166666666666667 0.016908212560386472
0 0.12430555555555556 0.1316425120772947 0.004166666666666667 0.012077294685990338
0 0.11875 0.13526570048309178 0.004166666666666667 0.014492753623188406
0 0.13958333333333334 0.08574879227053141 0.004166666666666667 0.012077294685990338
0 0.14583333333333334 0.07971014492753623 0.005555555555555556 0.014492753623188406
0 0.1875 0.9033816425120773 0.005555555555555556 0.024154589371980676
0 0.18263888888888888 0.9070048309178744 0.004166666666666667 0.021739130434782608
0 0.16944444444444445 0.9166666666666666 0.005555555555555556 0.021739130434782608
0 0.17083333333333334 0.8961352657004831 0.005555555555555556 0.01932367149758454
0 0.17916666666666667 0.894927536231884 0.005555555555555556 0.016908212560386472
0 0.16041666666666668 0.9033816425120773 0.004166666666666667 0.024154589371980676
0 0.15625 0.9045893719806763 0.004166666666666667 0.021739130434782608
0 0.15069444444444444 0.9045893719806763 0.004166666666666667 0.021739130434782608
0 0.22777777777777777 0.857487922705314 0.005555555555555556 0.014492753623188406
0 0.17152777777777778 0.09420289855072464 0.004166666666666667 0.01932367149758454
0 0.1763888888888889 0.09782608695652174 0.002777777777777778 0.016908212560386472
0 0.24305555555555555 0.11352657004830918 0.002777777777777778 0.014492753623188406
0 0.24791666666666667 0.10990338164251208 0.004166666666666667 0.016908212560386472
0 0.2548611111111111 0.11956521739130435 0.004166666666666667 0.016908212560386472
0 0.31180555555555556 0.06763285024154589 0.004166666666666667 0.014492753623188406
0 0.31527777777777777 0.07729468599033816 0.002777777777777778 0.00966183574879227
0 0.4597222222222222 0.0929951690821256 0.002777777777777778 0.012077294685990338
0 0.6145833333333334 0.1280193236714976 0.004166666666666667 0.014492753623188406
0 0.6611111111111111 0.14371980676328502 0.002777777777777778 0.012077294685990338
0 0.5715277777777777 0.1678743961352657 0.004166666666666667 0.016908212560386472
0 0.5680555555555555 0.16908212560386474 0.002777777777777778 0.014492753623188406
0 0.6923611111111111 0.19685990338164253 0.004166666666666667 0.012077294685990338
0 0.6972222222222222 0.19927536231884058 0.002777777777777778 0.012077294685990338
0 0.7208333333333333 0.21980676328502416 0.002777777777777778 0.014492753623188406
0 0.8243055555555555 0.026570048309178744 0.004166666666666667 0.014492753623188406
0 0.8243055555555555 0.1570048309178744 0.004166666666666667 0.014492753623188406
0 0.8090277777777778 0.1497584541062802 0.004166666666666667 0.014492753623188406
0 0.7583333333333333 0.7765700483091788 0.005555555555555556 0.012077294685990338
0 0.7645833333333333 0.785024154589372 0.004166666666666667 0.00966183574879227
0 0.7270833333333333 0.8055555555555556 0.004166666666666667 0.012077294685990338
0 0.7409722222222223 0.788647342995169 0.004166666666666667 0.007246376811594203
0 0.7506944444444444 0.7801932367149759 0.006944444444444444 0.00966183574879227
0 0.7493055555555556 0.7922705314009661 0.004166666666666667 0.00966183574879227
0 0.7555555555555555 0.7922705314009661 0.005555555555555556 0.00966183574879227
0 0.7368055555555556 0.7971014492753623 0.006944444444444444 0.00966183574879227
0 0.7444444444444445 0.8007246376811594 0.005555555555555556 0.007246376811594203
0 0.7541666666666667 0.8043478260869565 0.005555555555555556 0.00966183574879227
