0 0.21041666666666667 0.7981651376146789 0.015277777777777777 0.03302752293577982
0 0.20277777777777778 0.681651376146789 0.011111111111111112 0.031192660550458717
0 0.21180555555555555 0.6880733944954128 0.009722222222222222 0.022018348623853212
0 0.18958333333333333 0.5899082568807339 0.0125 0.027522935779816515
0 0.16458333333333333 0.3761467889908257 0.009722222222222222 0.03302752293577982
0 0.14652777777777778 0.336697247706422 0.0125 0.031192660550458717
0 0.13680555555555557 0.3247706422018349 0.009722222222222222 0.029357798165137616
0 0.14791666666666667 0.281651376146789 0.006944444444444444 0.02018348623853211
0 0.12708333333333333 0.28807339449541286 0.009722222222222222 0.01834862385321101
0 0.16597222222222222 0.47522935779816516 0.009722222222222222 0.029357798165137616
0 0.15069444444444444 0.47339449541284406 0.009722222222222222 0.03302752293577982
0 0.08472222222222223 0.9779816513761468 0.016666666666666666 0.022018348623853212
0 0.0763888888888889 0.9587155963302753 0.022222222222222223 0.03486238532110092
0 0.05 0.8513761467889909 0.013888888888888888 0.029357798165137616
0 0.027777777777777776 0.8669724770642202 0.016666666666666666 0.03486238532110092
0 0.05625 0.771559633027523 0.015277777777777777 0.03486238532110092
0 0.07708333333333334 0.6853211009174311 0.015277777777777777 0.031192660550458717
0 0.09097222222222222 0.5477064220183486 0.0125 0.027522935779816515
0 0.0763888888888889 0.5990825688073395 0.013888888888888888 0.031192660550458717
0 0.019444444444444445 0.5091743119266054 0.013888888888888888 0.027522935779816515
0 0.005555555555555556 0.46605504587155966 0.011111111111111112 0.029357798165137616
0 0.021527777777777778 0.0853211009174312 0.009722222222222222 0.02018348623853211
0 0.03125 0.027522935779816515 0.009722222222222222 0.022018348623853212
