0 0.04722222222222222 0.2871559633027523 0.005555555555555556 0.02018348623853211
0 0.1638888888888889 0.044036697247706424 0.002777777777777778 0.007339449541284404
0 0.19236111111111112 0.12110091743119267 0.004166666666666667 0.014678899082568808
0 0.22291666666666668 0.21834862385321102 0.004166666666666667 0.014678899082568808
0 0.21736111111111112 0.21834862385321102 0.004166666666666667 0.011009174311926606
0 0.21041666666666667 0.22201834862385322 0.004166666666666667 0.007339449541284404
0 0.32222222222222224 0.9100917431192661 0.008333333333333333 0.03302752293577982
0 0.3125 0.908256880733945 0.008333333333333333 0.029357798165137616
0 0.14930555555555555 0.3458715596330275 0.004166666666666667 0.009174311926605505
0 0.16597222222222222 0.4055045871559633 0.006944444444444444 0.007339449541284404
0 0.17847222222222223 0.555045871559633 0.006944444444444444 0.009174311926605505
0 0.18611111111111112 0.6211009174311927 0.005555555555555556 0.01651376146788991
0 0.19027777777777777 0.7018348623853211 0.008333333333333333 0.012844036697247707
