0 0.10069444444444445 0.8043478260869565 0.018055555555555554 0.09178743961352658
0 0.16111111111111112 0.8442028985507246 0.019444444444444445 0.050724637681159424
0 0.13541666666666666 0.6497584541062802 0.02361111111111111 0.05314009661835749
0 0.18680555555555556 0.6654589371980676 0.02638888888888889 0.07004830917874397
0 0.36319444444444443 0.7862318840579711 0.020833333333333332 0.07004830917874397
0 0.3020833333333333 0.7222222222222222 0.02638888888888889 0.0821256038647343
0 0.3958333333333333 0.7729468599033816 0.027777777777777776 0.06763285024154589
0 0.40902777777777777 0.7367149758454107 0.02638888888888889 0.07729468599033816
0 0.4305555555555556 0.7210144927536232 0.027777777777777776 0.06521739130434782
0 0.2701388888888889 0.46256038647342995 0.018055555555555554 0.0748792270531401
0 0.2847222222222222 0.4782608695652174 0.022222222222222223 0.0821256038647343
0 0.36875 0.6123188405797102 0.018055555555555554 0.06038647342995169
0 0.3798611111111111 0.6135265700483091 0.015277777777777777 0.05314009661835749
0 0.38958333333333334 0.5929951690821256 0.018055555555555554 0.07971014492753623
0 0.39444444444444443 0.6183574879227053 0.016666666666666666 0.04830917874396135
0 0.6840277777777778 0.14009661835748793 0.03194444444444444 0.07246376811594203
0 0.47152777777777777 0.25483091787439616 0.020833333333333332 0.07004830917874397
0 0.47638888888888886 0.6413043478260869 0.027777777777777776 0.06521739130434782
0 0.475 0.606280193236715 0.030555555555555555 0.06763285024154589
0 0.48125 0.5869565217391305 0.02361111111111111 0.06763285024154589
0 0.4791666666666667 0.4915458937198068 0.030555555555555555 0.06038647342995169
0 0.33125 0.3333333333333333 0.02638888888888889 0.06763285024154589
0 0.3548611111111111 0.322463768115942 0.02361111111111111 0.07004830917874397
0 0.44375 0.20531400966183574 0.020833333333333332 0.07729468599033816
0 0.44930555555555557 0.22342995169082125 0.018055555555555554 0.07004830917874397
0 0.4263888888888889 0.32004830917874394 0.022222222222222223 0.09420289855072464
0 0.44513888888888886 0.3357487922705314 0.02638888888888889 0.06763285024154589
0 0.42291666666666666 0.36835748792270534 0.02638888888888889 0.0748792270531401
