0 0.020833333333333332 0.908256880733945 0.019444444444444445 0.04036697247706422
0 0.9208333333333333 0.7339449541284404 0.011111111111111112 0.029357798165137616
0 0.8145833333333333 0.7678899082568807 0.009722222222222222 0.023853211009174313
0 0.9513888888888888 0.8211009174311926 0.013888888888888888 0.023853211009174313
0 0.9576388888888889 0.8926605504587156 0.0125 0.031192660550458717
0 0.90625 0.9770642201834863 0.018055555555555554 0.04220183486238532
0 0.8319444444444445 0.9660550458715597 0.022222222222222223 0.04220183486238532
0 0.9819444444444444 0.8926605504587156 0.016666666666666666 0.04220183486238532
0 0.9354166666666667 0.5981651376146789 0.0125 0.03302752293577982
0 0.9798611111111111 0.5458715596330275 0.009722222222222222 0.027522935779816515
0 0.9270833333333334 0.44954128440366975 0.0125 0.029357798165137616
0 0.9618055555555556 0.43302752293577984 0.0125 0.022018348623853212
0 0.9541666666666667 0.43394495412844036 0.013888888888888888 0.02018348623853211
0 0.8979166666666667 0.7119266055045872 0.0125 0.025688073394495414
0 0.9979166666666667 0.5486238532110091 0.0125 0.03669724770642202
0 0.9208333333333333 0.926605504587156 0.022222222222222223 0.03669724770642202
0 0.9270833333333334 0.8889908256880734 0.0125 0.023853211009174313
0 0.9173611111111111 0.9036697247706422 0.009722222222222222 0.03486238532110092
