0 0.2673611111111111 0.12077294685990338 0.02638888888888889 0.0821256038647343
0 0.2798611111111111 0.08816425120772947 0.02638888888888889 0.07971014492753623
0 0.33611111111111114 0.07608695652173914 0.013888888888888888 0.07004830917874397
0 0.50625 0.09782608695652174 0.015277777777777777 0.06038647342995169
0 0.5277777777777778 0.16666666666666666 0.022222222222222223 0.057971014492753624
0 0.5569444444444445 0.18961352657004832 0.027777777777777776 0.0893719806763285
0 0.5798611111111112 0.21014492753623187 0.020833333333333332 0.06763285024154589
0 0.6381944444444444 0.22826086956521738 0.02361111111111111 0.09420289855072464
0 0.6784722222222223 0.24154589371980675 0.03194444444444444 0.09178743961352658
0 0.7284722222222222 0.26811594202898553 0.018055555555555554 0.08695652173913043
0 0.7944444444444444 0.286231884057971 0.022222222222222223 0.0748792270531401
0 0.8798611111111111 0.321256038647343 0.020833333333333332 0.08695652173913043
0 0.9576388888888889 0.3466183574879227 0.015277777777777777 0.07004830917874397
0 0.9875 0.391304347826087 0.011111111111111112 0.057971014492753624
0 0.9986111111111111 0.3888888888888889 0.030555555555555555 0.10628019323671498
0 0.975 0.22342995169082125 0.030555555555555555 0.07971014492753623
0 0.3298611111111111 0.8731884057971014 0.029166666666666667 0.09420289855072464
0 0.03680555555555556 0.961352657004831 0.043055555555555555 0.06763285024154589
