0 0.36180555555555555 0.26972477064220185 0.0375 0.047706422018348627
0 0.5208333333333334 0.26788990825688075 0.022222222222222223 0.047706422018348627
0 0.6854166666666667 0.05504587155963303 0.009722222222222222 0.04036697247706422
0 0.7111111111111111 0.05596330275229358 0.011111111111111112 0.04954128440366973
0 0.7020833333333333 0.17339449541284405 0.020833333333333332 0.04954128440366973
0 0.7111111111111111 0.3431192660550459 0.019444444444444445 0.029357798165137616
0 0.6972222222222222 0.618348623853211 0.013888888888888888 0.044036697247706424
0 0.6895833333333333 0.6770642201834862 0.02361111111111111 0.047706422018348627
0 0.8597222222222223 0.45321100917431195 0.019444444444444445 0.05137614678899083
0 0.93125 0.7577981651376147 0.020833333333333332 0.03302752293577982
