0 0.7826388888888889 0.06605504587155964 0.0125 0.022018348623853212
0 0.8013888888888889 0.06697247706422019 0.016666666666666666 0.023853211009174313
0 0.7847222222222222 0.14587155963302753 0.016666666666666666 0.027522935779816515
0 0.7944444444444444 0.11284403669724771 0.019444444444444445 0.04220183486238532
0 0.7666666666666667 0.881651376146789 0.019444444444444445 0.045871559633027525
0 0.7708333333333334 0.865137614678899 0.027777777777777776 0.03486238532110092
0 0.7729166666666667 0.7834862385321101 0.029166666666666667 0.07339449541284404
0 0.76875 0.7568807339449541 0.020833333333333332 0.04954128440366973
0 0.8534722222222222 0.7596330275229358 0.02638888888888889 0.06605504587155964
0 0.8125 0.7660550458715596 0.027777777777777776 0.03853211009174312
0 0.8034722222222223 0.5697247706422018 0.018055555555555554 0.03853211009174312
