0 0.52917 0.84037 0.05 0.11743
0 0.91736 0.66239 0.04306 0.10642
0 0.87569 0.53119 0.03194 0.08257
0 0.89236 0.46147 0.03472 0.10092
0 0.02847 0.37248 0.05417 0.09908
0 0.02847 0.71651 0.05694 0.09358
0 0.11389 0.63394 0.05278 0.08624
0 0.04306 0.57156 0.05833 0.08257
0 0.20069 0.55872 0.05139 0.08624
0 0.15833 0.48807 0.05278 0.09908
0 0.30208 0.50092 0.05417 0.08073
0 0.26667 0.43761 0.02778 0.06422
0 0.22778 0.39266 0.04167 0.06239
0 0.19236 0.32477 0.04861 0.10275
0 0.40208 0.44128 0.05972 0.0789
0 0.47778 0.39358 0.03333 0.07523
0 0.55347 0.35321 0.05139 0.07523
0 0.62639 0.31376 0.04722 0.06972
0 0.69444 0.27615 0.04444 0.08257
0 0.77778 0.25688 0.05 0.08073
0 0.84653 0.2367 0.04583 0.07706
0 0.9125 0.21376 0.03611 0.08257
0 0.97361 0.19633 0.03889 0.0844
0 0.97083 0.13303 0.03333 0.05688
0 0.95208 0.10642 0.03472 0.06239
0 0.95556 0.06697 0.03056 0.05321
0 0.89444 0.06514 0.03056 0.04587
0 0.88542 0.12936 0.02917 0.06055
0 0.90694 0.15872 0.02778 0.05321
0 0.81597 0.18624 0.0375 0.05688
0 0.825 0.1367 0.03611 0.05321
0 0.83264 0.08165 0.03194 0.06422
0 0.75069 0.20183 0.0375 0.06239
0 0.74444 0.11193 0.02778 0.07706
0 0.75417 0.03486 0.03056 0.06972
0 0.67708 0.22477 0.03194 0.06789
0 0.67153 0.17248 0.03472 0.05872
0 0.63333 0.13945 0.03611 0.08807
0 0.60278 0.25138 0.03333 0.06972
0 0.575 0.20275 0.03333 0.05321
0 0.5625 0.1633 0.04722 0.06239
0 0.53125 0.30092 0.03472 0.06239
0 0.51667 0.25413 0.05278 0.07156
0 0.49097 0.20275 0.03472 0.06422
0 0.46111 0.3578 0.05 0.06606
0 0.43819 0.30367 0.04306 0.07523
0 0.41736 0.24128 0.04306 0.0789
0 0.36667 0.39083 0.05556 0.06972
0 0.33264 0.2945 0.04583 0.06789
