0 0.8847222222222222 0.8 0.022222222222222223 0.06972477064220184
0 0.9041666666666667 0.7889908256880734 0.019444444444444445 0.07339449541284404
0 0.8923611111111112 0.4577981651376147 0.0125 0.045871559633027525
0 0.7013888888888888 0.43577981651376146 0.013888888888888888 0.04220183486238532
0 0.6881944444444444 0.43211009174311926 0.015277777777777777 0.04220183486238532
0 0.7916666666666666 0.22935779816513763 0.011111111111111112 0.03302752293577982
0 0.9131944444444444 0.5082568807339449 0.0125 0.05137614678899083
0 0.93125 0.5036697247706422 0.0125 0.045871559633027525
0 0.7340277777777777 0.22201834862385322 0.009722222222222222 0.03302752293577982
0 0.7347222222222223 0.44311926605504587 0.013888888888888888 0.031192660550458717
0 0.7868055555555555 0.12752293577981652 0.009722222222222222 0.023853211009174313
0 0.7340277777777777 0.1798165137614679 0.009722222222222222 0.025688073394495414
0 0.7222222222222222 0.1963302752293578 0.008333333333333333 0.025688073394495414
0 0.9090277777777778 0.07247706422018349 0.006944444444444444 0.02018348623853211
0 0.8986111111111111 0.07247706422018349 0.005555555555555556 0.01651376146788991
0 0.9416666666666667 0.9568807339449541 0.019444444444444445 0.07155963302752294
