0 0.18333333333333332 0.711352657004831 0.03888888888888889 0.0893719806763285
0 0.7958333333333333 0.43478260869565216 0.025 0.07246376811594203
0 0.8215277777777777 0.43719806763285024 0.02361111111111111 0.07729468599033816
0 0.8388888888888889 0.45652173913043476 0.019444444444444445 0.04830917874396135
0 0.8763888888888889 0.3285024154589372 0.016666666666666666 0.07246376811594203
0 0.91875 0.04106280193236715 0.020833333333333332 0.06763285024154589
0 0.9541666666666667 0.03743961352657005 0.019444444444444445 0.0748792270531401
0 0.9680555555555556 0.033816425120772944 0.016666666666666666 0.06763285024154589
0 0.40069444444444446 0.05434782608695652 0.020833333333333332 0.06521739130434782
0 0.33541666666666664 0.03743961352657005 0.018055555555555554 0.036231884057971016
0 0.3298611111111111 0.03864734299516908 0.02638888888888889 0.07729468599033816
