0 0.6111111111111112 0.05676328502415459 0.008333333333333333 0.04106280193236715
0 0.5895833333333333 0.19685990338164253 0.006944444444444444 0.036231884057971016
0 0.5826388888888889 0.18478260869565216 0.009722222222222222 0.036231884057971016
0 0.5826388888888889 0.17632850241545894 0.009722222222222222 0.033816425120772944
0 0.5131944444444444 0.17270531400966183 0.006944444444444444 0.026570048309178744
0 0.49444444444444446 0.19202898550724637 0.008333333333333333 0.026570048309178744
0 0.5020833333333333 0.17753623188405798 0.006944444444444444 0.021739130434782608
0 0.5090277777777777 0.2041062801932367 0.006944444444444444 0.03140096618357488
0 0.7125 0.3647342995169082 0.008333333333333333 0.028985507246376812
0 0.5118055555555555 0.3756038647342995 0.009722222222222222 0.04106280193236715
0 0.5111111111111111 0.392512077294686 0.008333333333333333 0.026570048309178744
0 0.5152777777777777 0.4190821256038647 0.008333333333333333 0.03140096618357488
0 0.5097222222222222 0.42028985507246375 0.005555555555555556 0.028985507246376812
0 0.475 0.3864734299516908 0.011111111111111112 0.043478260869565216
0 0.4152777777777778 0.4227053140096618 0.011111111111111112 0.043478260869565216
0 0.4083333333333333 0.4106280193236715 0.011111111111111112 0.03864734299516908
0 0.39375 0.43478260869565216 0.006944444444444444 0.024154589371980676
0 0.39375 0.4227053140096618 0.006944444444444444 0.028985507246376812
0 0.36180555555555555 0.5483091787439613 0.006944444444444444 0.028985507246376812
0 0.3638888888888889 0.5736714975845411 0.008333333333333333 0.026570048309178744
0 0.36736111111111114 0.6884057971014492 0.0125 0.043478260869565216
0 0.3590277777777778 0.7185990338164251 0.006944444444444444 0.016908212560386472
0 0.36041666666666666 0.7439613526570048 0.006944444444444444 0.024154589371980676
0 0.35833333333333334 0.8115942028985508 0.008333333333333333 0.024154589371980676
0 0.4111111111111111 0.6231884057971014 0.013888888888888888 0.043478260869565216
0 0.3541666666666667 0.9553140096618358 0.013888888888888888 0.04589371980676329
0 0.7361111111111112 0.4227053140096618 0.008333333333333333 0.03864734299516908
0 0.7826388888888889 0.3997584541062802 0.0125 0.050724637681159424
0 0.7958333333333333 0.3864734299516908 0.011111111111111112 0.04830917874396135
0 0.8055555555555556 0.4142512077294686 0.011111111111111112 0.04106280193236715
0 0.85 0.3973429951690821 0.008333333333333333 0.04106280193236715
0 0.8472222222222222 0.37077294685990336 0.008333333333333333 0.036231884057971016
0 0.7951388888888888 0.12681159420289856 0.0125 0.04106280193236715
0 0.8131944444444444 0.11352657004830918 0.015277777777777777 0.05314009661835749
0 0.8236111111111111 0.1111111111111111 0.008333333333333333 0.043478260869565216
0 0.8729166666666667 0.09057971014492754 0.009722222222222222 0.04106280193236715
