0 0.94514 0.74404 0.0125 0.04587
0 0.96042 0.7422 0.01528 0.04587
0 0.96944 0.7578 0.01389 0.04771
0 0.77917 0.58532 0.00833 0.01835
0 0.77917 0.57982 0.00833 0.02569
0 0.90139 0.5789 0.01389 0.03853
0 0.91111 0.57431 0.01111 0.04037
0 0.92153 0.5789 0.00972 0.04954
0 0.89583 0.55505 0.01111 0.03486
0 0.90417 0.54954 0.00833 0.02752
0 0.90417 0.52018 0.01111 0.03853
0 0.89306 0.52661 0.00833 0.04037
0 0.78819 0.33303 0.00972 0.03119
0 0.79653 0.33028 0.00972 0.03303
0 0.75069 0.34587 0.00972 0.03486
0 0.74236 0.34954 0.00972 0.03486
0 0.72708 0.35413 0.00972 0.03303
0 0.73333 0.34679 0.00833 0.03303
0 0.78056 0.28624 0.01111 0.02936
0 0.80278 0.21376 0.00833 0.02385
0 0.81111 0.21284 0.00833 0.02569
0 0.81806 0.21009 0.00833 0.02752
0 0.82361 0.21101 0.00833 0.02569
0 0.86944 0.18991 0.00556 0.02385
0 0.87361 0.18991 0.00833 0.02752
0 0.87986 0.1844 0.00694 0.02752
0 0.88542 0.1844 0.00694 0.02752
