0 0.6520833333333333 0.27294685990338163 0.006944444444444444 0.03864734299516908
0 0.6145833333333334 0.3055555555555556 0.006944444444444444 0.026570048309178744
0 0.5930555555555556 0.3780193236714976 0.005555555555555556 0.036231884057971016
0 0.5784722222222223 0.3538647342995169 0.009722222222222222 0.026570048309178744
0 0.575 0.2971014492753623 0.005555555555555556 0.028985507246376812
0 0.5722222222222222 0.2995169082125604 0.005555555555555556 0.028985507246376812
0 0.05347222222222222 0.37922705314009664 0.006944444444444444 0.028985507246376812
0 0.06388888888888888 0.3828502415458937 0.008333333333333333 0.021739130434782608
0 0.08472222222222223 0.3888888888888889 0.011111111111111112 0.028985507246376812
0 0.3 0.46859903381642515 0.005555555555555556 0.033816425120772944
0 0.2777777777777778 0.45652173913043476 0.011111111111111112 0.043478260869565216
0 0.21180555555555555 0.42391304347826086 0.006944444444444444 0.021739130434782608
0 0.18888888888888888 0.3997584541062802 0.008333333333333333 0.036231884057971016
0 0.38958333333333334 0.18478260869565216 0.006944444444444444 0.026570048309178744
0 0.39652777777777776 0.1932367149758454 0.009722222222222222 0.028985507246376812
0 0.11180555555555556 0.16666666666666666 0.006944444444444444 0.028985507246376812
