0 0.47638888888888886 0.07155963302752294 0.03333333333333333 0.07706422018348624
0 0.5715277777777777 0.20091743119266056 0.029166666666666667 0.07889908256880734
0 0.5666666666666667 0.38440366972477064 0.025 0.060550458715596334
0 0.24861111111111112 0.8027522935779816 0.04722222222222222 0.09357798165137615
0 0.20069444444444445 0.7779816513761468 0.0375 0.09174311926605505
0 0.13819444444444445 0.736697247706422 0.04583333333333333 0.10825688073394496
0 0.09583333333333334 0.708256880733945 0.041666666666666664 0.10275229357798166
0 0.5354166666666667 0.5853211009174312 0.0375 0.08440366972477065
0 0.5993055555555555 0.4651376146788991 0.04027777777777778 0.09357798165137615
0 0.5416666666666666 0.3779816513761468 0.030555555555555555 0.06605504587155964
0 0.5256944444444445 0.46055045871559636 0.03194444444444444 0.08807339449541285
0 0.7729166666666667 0.46055045871559636 0.0375 0.08807339449541285
0 0.8847222222222222 0.21467889908256882 0.022222222222222223 0.08807339449541285
0 0.9090277777777778 0.22660550458715598 0.02361111111111111 0.05688073394495413
