0 0.4215277777777778 0.607487922705314 0.0125 0.016908212560386472
0 0.4583333333333333 0.6002415458937198 0.016666666666666666 0.026570048309178744
0 0.3326388888888889 0.3285024154589372 0.0125 0.014492753623188406
0 0.3111111111111111 0.37922705314009664 0.011111111111111112 0.014492753623188406
0 0.009722222222222222 0.7934782608695652 0.008333333333333333 0.021739130434782608
0 0.02361111111111111 0.7910628019323671 0.008333333333333333 0.026570048309178744
0 0.06388888888888888 0.7922705314009661 0.011111111111111112 0.01932367149758454
0 0.09861111111111111 0.7922705314009661 0.008333333333333333 0.024154589371980676
0 0.1125 0.8152173913043478 0.008333333333333333 0.012077294685990338
0 0.04027777777777778 0.8345410628019324 0.011111111111111112 0.016908212560386472
0 0.10486111111111111 0.8611111111111112 0.004166666666666667 0.007246376811594203
0 0.10625 0.8804347826086957 0.006944444444444444 0.016908212560386472
0 0.20208333333333334 0.8200483091787439 0.009722222222222222 0.021739130434782608
0 0.19583333333333333 0.8405797101449275 0.011111111111111112 0.00966183574879227
0 0.20208333333333334 0.857487922705314 0.009722222222222222 0.014492753623188406
0 0.2298611111111111 0.8731884057971014 0.009722222222222222 0.012077294685990338
0 0.25416666666666665 0.8140096618357487 0.011111111111111112 0.014492753623188406
0 0.2826388888888889 0.8079710144927537 0.009722222222222222 0.021739130434782608
0 0.3333333333333333 0.6400966183574879 0.011111111111111112 0.01932367149758454
0 0.34444444444444444 0.7077294685990339 0.011111111111111112 0.014492753623188406
