0 0.3138888888888889 0.1834862385321101 0.016666666666666666 0.05504587155963303
0 0.31875 0.20550458715596331 0.0125 0.04036697247706422
0 0.3506944444444444 0.23853211009174313 0.018055555555555554 0.029357798165137616
0 0.4326388888888889 0.3055045871559633 0.020833333333333332 0.07889908256880734
0 0.4479166666666667 0.3137614678899083 0.020833333333333332 0.05871559633027523
0 0.5020833333333333 0.3091743119266055 0.029166666666666667 0.08623853211009175
0 0.5423611111111111 0.46238532110091746 0.02638888888888889 0.08440366972477065
0 0.525 0.4541284403669725 0.027777777777777776 0.08256880733944955
0 0.5791666666666667 0.25504587155963304 0.027777777777777776 0.07706422018348624
0 0.6138888888888889 0.28073394495412846 0.027777777777777776 0.07706422018348624
0 0.76875 0.318348623853211 0.029166666666666667 0.08623853211009175
0 0.7993055555555556 0.3256880733944954 0.03194444444444444 0.07522935779816514
0 0.9381944444444444 0.24311926605504589 0.04027777777777778 0.06422018348623854
0 0.4583333333333333 0.7926605504587156 0.03888888888888889 0.09174311926605505
