0 0.6569444444444444 0.026605504587155965 0.022222222222222223 0.05321100917431193
0 0.6104166666666667 0.027522935779816515 0.029166666666666667 0.05504587155963303
0 0.47638888888888886 0.22752293577981653 0.025 0.05871559633027523
0 0.20555555555555555 0.9770642201834863 0.058333333333333334 0.045871559633027525
0 0.3548611111111111 0.926605504587156 0.04583333333333333 0.05871559633027523
0 0.5722222222222222 0.8541284403669724 0.03888888888888889 0.07889908256880734
0 0.6138888888888889 0.8660550458715597 0.03888888888888889 0.05504587155963303
0 0.6097222222222223 0.908256880733945 0.044444444444444446 0.06605504587155964
0 0.9298611111111111 0.8302752293577982 0.02638888888888889 0.06788990825688074
0 0.9388888888888889 0.9422018348623853 0.025 0.06788990825688074
0 0.9638888888888889 0.8669724770642202 0.041666666666666664 0.07155963302752294
0 0.39652777777777776 0.026605504587155965 0.03194444444444444 0.05321100917431193
