0 0.06458 0.88165 0.01528 0.05321
0 0.08125 0.87339 0.01806 0.06972
0 0.08958 0.83211 0.02361 0.06789
0 0.11389 0.9156 0.02778 0.07339
0 0.14792 0.91101 0.03194 0.0789
0 0.17292 0.71743 0.02361 0.06606
0 0.90069 0.88899 0.02917 0.05688
0 0.34097 0.81835 0.01806 0.05138
0 0.47014 0.88532 0.01528 0.05688
0 0.43472 0.84771 0.01944 0.05872
0 0.46528 0.69633 0.01389 0.03853
0 0.97361 0.68349 0.01389 0.03853
0 0.87222 0.64679 0.01389 0.03119
0 0.47917 0.87248 0.01389 0.06055
0 0.46389 0.86881 0.01389 0.05321
0 0.31528 0.76055 0.01389 0.05321
0 0.9375 0.68899 0.02222 0.0422
0 0.74514 0.62477 0.0125 0.0422
0 0.68194 0.61376 0.06389 0.04587
0 0.67431 0.6367 0.07083 0.04771
