0 0.10625 0.16666666666666666 0.004166666666666667 0.024154589371980676
0 0.11388888888888889 0.1570048309178744 0.005555555555555556 0.024154589371980676
0 0.20833333333333334 0.10869565217391304 0.005555555555555556 0.01932367149758454
0 0.2013888888888889 0.11352657004830918 0.005555555555555556 0.014492753623188406
0 0.21805555555555556 0.0929951690821256 0.002777777777777778 0.016908212560386472
0 0.22152777777777777 0.08091787439613526 0.004166666666666667 0.016908212560386472
0 0.24375 0.0748792270531401 0.004166666666666667 0.014492753623188406
0 0.20694444444444443 0.07367149758454106 0.002777777777777778 0.012077294685990338
0 0.21875 0.07367149758454106 0.004166666666666667 0.012077294685990338
0 0.2048611111111111 0.057971014492753624 0.004166666666666667 0.014492753623188406
0 0.2923611111111111 0.028985507246376812 0.004166666666666667 0.014492753623188406
0 0.2875 0.027777777777777776 0.002777777777777778 0.016908212560386472
0 0.2916666666666667 0.010869565217391304 0.002777777777777778 0.012077294685990338
0 0.2881944444444444 0.00966183574879227 0.004166666666666667 0.01932367149758454
0 0.2833333333333333 0.01932367149758454 0.002777777777777778 0.014492753623188406
0 0.23958333333333334 0.004830917874396135 0.004166666666666667 0.00966183574879227
0 0.2625 0.2246376811594203 0.005555555555555556 0.01932367149758454
0 0.4875 0.12198067632850242 0.005555555555555556 0.021739130434782608
0 0.4979166666666667 0.11835748792270531 0.004166666666666667 0.01932367149758454
0 0.6131944444444445 0.10024154589371981 0.004166666666666667 0.016908212560386472
0 0.6076388888888888 0.09903381642512077 0.004166666666666667 0.014492753623188406
0 0.6145833333333334 0.08091787439613526 0.004166666666666667 0.016908212560386472
0 0.6291666666666667 0.08695652173913043 0.005555555555555556 0.01932367149758454
0 0.6201388888888889 0.0821256038647343 0.004166666666666667 0.014492753623188406
0 0.6097222222222223 0.11835748792270531 0.005555555555555556 0.014492753623188406
0 0.6548611111111111 0.08454106280193237 0.004166666666666667 0.01932367149758454
0 0.6729166666666667 0.030193236714975844 0.004166666666666667 0.016908212560386472
0 0.7076388888888889 0.057971014492753624 0.004166666666666667 0.01932367149758454
0 0.7145833333333333 0.05676328502415459 0.004166666666666667 0.016908212560386472
0 0.71875 0.051932367149758456 0.004166666666666667 0.016908212560386472
0 0.7506944444444444 0.09178743961352658 0.004166666666666667 0.014492753623188406
0 0.7729166666666667 0.01932367149758454 0.004166666666666667 0.00966183574879227
0 0.8576388888888888 0.17995169082125603 0.006944444444444444 0.021739130434782608
0 0.8520833333333333 0.1280193236714976 0.004166666666666667 0.01932367149758454
0 0.8583333333333333 0.12439613526570048 0.005555555555555556 0.016908212560386472
0 0.8736111111111111 0.18719806763285024 0.005555555555555556 0.021739130434782608
0 0.9020833333333333 0.1388888888888889 0.004166666666666667 0.021739130434782608
0 0.88125 0.19927536231884058 0.004166666666666667 0.016908212560386472
0 0.8979166666666667 0.1956521739130435 0.004166666666666667 0.014492753623188406
