0 0.3055555555555556 0.21256038647342995 0.022222222222222223 0.03864734299516908
0 0.38819444444444445 0.3417874396135266 0.02361111111111111 0.036231884057971016
0 0.9055555555555556 0.46859903381642515 0.019444444444444445 0.05314009661835749
0 0.8868055555555555 0.4975845410628019 0.015277777777777777 0.043478260869565216
0 0.8590277777777777 0.5144927536231884 0.018055555555555554 0.033816425120772944
0 0.9006944444444445 0.5446859903381642 0.015277777777777777 0.036231884057971016
0 0.7854166666666667 0.5905797101449275 0.020833333333333332 0.036231884057971016
0 0.5208333333333334 0.45652173913043476 0.011111111111111112 0.024154589371980676
0 0.4979166666666667 0.47342995169082125 0.009722222222222222 0.014492753623188406
0 0.4201388888888889 0.40458937198067635 0.02638888888888889 0.04589371980676329
0 0.4 0.4335748792270531 0.019444444444444445 0.05555555555555555
0 0.4083333333333333 0.7439613526570048 0.022222222222222223 0.028985507246376812
0 0.6854166666666667 0.8188405797101449 0.02638888888888889 0.028985507246376812
0 0.9131944444444444 0.6473429951690821 0.02361111111111111 0.033816425120772944
0 0.7006944444444444 0.9794685990338164 0.02361111111111111 0.03140096618357488
