0 0.36597 0.60734 0.02361 0.03303
0 0.50556 0.34495 0.025 0.05138
0 0.48056 0.34312 0.02778 0.04404
0 0.25833 0.12752 0.025 0.04587
0 0.17222 0.0422 0.01389 0.05872
0 0.13542 0.15596 0.01528 0.05138
0 0.01319 0.75321 0.02083 0.03853
0 0.01458 0.61284 0.01806 0.05872
0 0.03125 0.3633 0.0125 0.05138
0 0.15069 0.39541 0.02361 0.04587
0 0.13958 0.36055 0.0125 0.0422
0 0.14306 0.32936 0.01389 0.04587
0 0.17083 0.30092 0.01389 0.04404
0 0.11736 0.28716 0.0125 0.05321
0 0.03611 0.04771 0.01944 0.05872
0 0.12292 0.10183 0.02083 0.03486
