0 0.675 0.7862385321100918 0.025 0.07155963302752294
0 0.7 0.7532110091743119 0.025 0.060550458715596334
0 0.7291666666666666 0.7311926605504587 0.027777777777777776 0.060550458715596334
0 0.5319444444444444 0.5155963302752293 0.03333333333333333 0.05504587155963303
0 0.5881944444444445 0.3192660550458716 0.015277777777777777 0.05504587155963303
0 0.6013888888888889 0.3110091743119266 0.013888888888888888 0.04954128440366973
0 0.6513888888888889 0.18256880733944955 0.013888888888888888 0.04954128440366973
0 0.7916666666666666 0.3110091743119266 0.019444444444444445 0.060550458715596334
0 0.8090277777777778 0.14128440366972478 0.018055555555555554 0.03669724770642202
0 0.8694444444444445 0.06697247706422019 0.011111111111111112 0.031192660550458717
0 0.9284722222222223 0.01743119266055046 0.0125 0.03486238532110092
0 0.18888888888888888 0.5715596330275229 0.027777777777777776 0.06422018348623854
0 0.16944444444444445 0.5954128440366973 0.03333333333333333 0.060550458715596334
