0 0.7118055555555556 0.17995169082125603 0.004166666666666667 0.021739130434782608
0 0.7215277777777778 0.178743961352657 0.004166666666666667 0.024154589371980676
0 0.6152777777777778 0.3647342995169082 0.005555555555555556 0.01932367149758454
0 0.61875 0.5531400966183575 0.006944444444444444 0.028985507246376812
0 0.6305555555555555 0.5688405797101449 0.005555555555555556 0.026570048309178744
0 0.6243055555555556 0.928743961352657 0.009722222222222222 0.03140096618357488
0 0.6722222222222223 0.9589371980676329 0.005555555555555556 0.024154589371980676
0 0.6638888888888889 0.9553140096618358 0.005555555555555556 0.03140096618357488
0 0.6520833333333333 0.9722222222222222 0.009722222222222222 0.026570048309178744
0 0.6020833333333333 0.9939613526570048 0.009722222222222222 0.03140096618357488
0 0.55 0.9468599033816425 0.005555555555555556 0.028985507246376812
0 0.7819444444444444 0.9166666666666666 0.005555555555555556 0.026570048309178744
0 0.9423611111111111 0.8478260869565217 0.006944444444444444 0.028985507246376812
0 0.9270833333333334 0.857487922705314 0.006944444444444444 0.033816425120772944
0 0.8569444444444444 0.8405797101449275 0.005555555555555556 0.033816425120772944
0 0.7854166666666667 0.01932367149758454 0.004166666666666667 0.01932367149758454
0 0.7416666666666667 0.12198067632850242 0.005555555555555556 0.016908212560386472
0 0.7388888888888889 0.12560386473429952 0.005555555555555556 0.014492753623188406
0 0.7416666666666667 0.1473429951690821 0.005555555555555556 0.01932367149758454
0 0.7277777777777777 0.1751207729468599 0.002777777777777778 0.012077294685990338
