0 0.26666666666666666 0.10458715596330276 0.013888888888888888 0.05137614678899083
0 0.24791666666666667 0.13944954128440368 0.0125 0.05504587155963303
0 0.21805555555555556 0.12752293577981652 0.013888888888888888 0.06422018348623854
0 0.49930555555555556 0.13761467889908258 0.020833333333333332 0.06605504587155964
0 0.8506944444444444 0.2486238532110092 0.020833333333333332 0.07522935779816514
0 0.9118055555555555 0.3220183486238532 0.03194444444444444 0.08256880733944955
0 0.0875 0.14678899082568808 0.016666666666666666 0.05871559633027523
0 0.1125 0.05137614678899083 0.019444444444444445 0.05871559633027523
0 0.10208333333333333 0.023853211009174313 0.015277777777777777 0.04036697247706422
0 0.12638888888888888 0.01834862385321101 0.013888888888888888 0.03302752293577982
0 0.6256944444444444 0.0926605504587156 0.018055555555555554 0.06422018348623854
0 0.6583333333333333 0.10733944954128441 0.022222222222222223 0.060550458715596334
0 0.68125 0.10458715596330276 0.018055555555555554 0.05137614678899083
0 0.5854166666666667 0.3091743119266055 0.02361111111111111 0.06788990825688074
0 0.5756944444444444 0.26605504587155965 0.015277777777777777 0.05871559633027523
0 0.6798611111111111 0.22935779816513763 0.02638888888888889 0.06972477064220184
0 0.5680555555555555 0.05321100917431193 0.016666666666666666 0.05504587155963303
