0 0.3347222222222222 0.07247706422018349 0.019444444444444445 0.05688073394495413
0 0.29375 0.6137614678899083 0.0375 0.03853211009174312
0 0.29583333333333334 0.7394495412844037 0.022222222222222223 0.04036697247706422
0 0.29375 0.38807339449541284 0.034722222222222224 0.04954128440366973
0 0.31805555555555554 0.336697247706422 0.03333333333333333 0.04220183486238532
0 0.4791666666666667 0.7376146788990826 0.03611111111111111 0.04036697247706422
0 0.14722222222222223 0.8403669724770643 0.027777777777777776 0.044036697247706424
0 0.12430555555555556 0.8339449541284404 0.029166666666666667 0.05688073394495413
0 0.6104166666666667 0.09541284403669725 0.02638888888888889 0.05137614678899083
0 0.6916666666666667 0.19908256880733946 0.030555555555555555 0.05321100917431193
0 0.5069444444444444 0.181651376146789 0.027777777777777776 0.047706422018348627
0 0.48194444444444445 0.23669724770642203 0.027777777777777776 0.062385321100917435
0 0.5 0.23394495412844038 0.016666666666666666 0.03853211009174312
0 0.3145833333333333 0.7486238532110092 0.02361111111111111 0.03669724770642202
0 0.6826388888888889 0.5944954128440367 0.03194444444444444 0.044036697247706424
0 0.20277777777777778 0.01926605504587156 0.019444444444444445 0.03853211009174312
0 0.7722222222222223 0.03944954128440367 0.03333333333333333 0.04220183486238532
0 0.8333333333333334 0.21009174311926607 0.03611111111111111 0.04220183486238532
