0 0.4756944444444444 0.8091787439613527 0.009722222222222222 0.028985507246376812
0 0.48680555555555555 0.75 0.0125 0.026570048309178744
0 0.46805555555555556 0.7681159420289855 0.011111111111111112 0.03864734299516908
0 0.4548611111111111 0.9021739130434783 0.0125 0.036231884057971016
0 0.5819444444444445 0.9601449275362319 0.011111111111111112 0.036231884057971016
0 0.6548611111111111 0.9251207729468599 0.009722222222222222 0.024154589371980676
0 0.6333333333333333 0.6944444444444444 0.008333333333333333 0.036231884057971016
0 0.6888888888888889 0.4915458937198068 0.008333333333333333 0.026570048309178744
0 0.5715277777777777 0.25966183574879226 0.0125 0.03140096618357488
0 0.5638888888888889 0.2922705314009662 0.008333333333333333 0.024154589371980676
0 0.6 0.12318840579710146 0.011111111111111112 0.01932367149758454
0 0.5965277777777778 0.10144927536231885 0.004166666666666667 0.01932367149758454
0 0.7208333333333333 0.16183574879227053 0.008333333333333333 0.028985507246376812
0 0.7486111111111111 0.15338164251207728 0.008333333333333333 0.026570048309178744
0 0.7368055555555556 0.16908212560386474 0.006944444444444444 0.024154589371980676
0 0.6798611111111111 0.3804347826086957 0.006944444444444444 0.026570048309178744
0 0.7159722222222222 0.15942028985507245 0.006944444444444444 0.024154589371980676
0 0.7256944444444444 0.06280193236714976 0.006944444444444444 0.024154589371980676
