0 0.8569444444444444 0.8514492753623188 0.016666666666666666 0.07971014492753623
0 0.9104166666666667 0.5917874396135265 0.018055555555555554 0.06763285024154589
0 0.9263888888888889 0.5132850241545893 0.016666666666666666 0.06521739130434782
0 0.9888888888888889 0.4613526570048309 0.016666666666666666 0.05314009661835749
0 0.9652777777777778 0.47946859903381644 0.019444444444444445 0.06038647342995169
0 0.9513888888888888 0.28140096618357485 0.019444444444444445 0.04106280193236715
0 0.8986111111111111 0.20652173913043478 0.011111111111111112 0.05555555555555555
0 0.9236111111111112 0.18840579710144928 0.016666666666666666 0.06280193236714976
0 0.8708333333333333 0.10869565217391304 0.013888888888888888 0.06280193236714976
0 0.9458333333333333 0.13285024154589373 0.016666666666666666 0.04830917874396135
