0 0.86875 0.8495412844036697 0.029166666666666667 0.11009174311926606
0 0.6305555555555555 0.3871559633027523 0.044444444444444446 0.05871559633027523
0 0.7659722222222223 0.41559633027522935 0.029166666666666667 0.10458715596330276
0 0.7666666666666667 0.6275229357798165 0.03888888888888889 0.10642201834862386
0 0.91875 0.6357798165137615 0.020833333333333332 0.09357798165137615
0 0.9041666666666667 0.4614678899082569 0.03888888888888889 0.10458715596330276
0 0.1736111111111111 0.11651376146788991 0.044444444444444446 0.08990825688073395
0 0.36527777777777776 0.03669724770642202 0.022222222222222223 0.07339449541284404
0 0.46597222222222223 0.025688073394495414 0.02361111111111111 0.05137614678899083
0 0.6090277777777777 0.04954128440366973 0.02638888888888889 0.09908256880733946
0 0.6527777777777778 0.06330275229357799 0.022222222222222223 0.08623853211009175
0 0.6888888888888889 0.06513761467889909 0.019444444444444445 0.07522935779816514
0 0.5909722222222222 0.026605504587155965 0.02638888888888889 0.05321100917431193
