0 0.7805555555555556 0.5798165137614679 0.027777777777777776 0.05871559633027523
0 0.7145833333333333 0.5284403669724771 0.034722222222222224 0.062385321100917435
0 0.5541666666666667 0.41009174311926605 0.03611111111111111 0.060550458715596334
0 0.5763888888888888 0.41100917431192663 0.027777777777777776 0.062385321100917435
0 0.27152777777777776 0.20733944954128442 0.02361111111111111 0.047706422018348627
0 0.2833333333333333 0.20550458715596331 0.019444444444444445 0.044036697247706424
0 0.29444444444444445 0.19357798165137616 0.022222222222222223 0.04954128440366973
0 0.16875 0.12568807339449542 0.020833333333333332 0.045871559633027525
0 0.18125 0.12110091743119267 0.018055555555555554 0.044036697247706424
0 0.08402777777777778 0.11651376146788991 0.015277777777777777 0.05321100917431193
0 0.0875 0.10275229357798166 0.013888888888888888 0.05137614678899083
