0 0.30833333333333335 0.9128440366972477 0.030555555555555555 0.060550458715596334
0 0.43194444444444446 0.7642201834862385 0.03611111111111111 0.05688073394495413
0 0.48819444444444443 0.3798165137614679 0.02638888888888889 0.05504587155963303
0 0.5527777777777778 0.3614678899082569 0.025 0.05137614678899083
0 0.5944444444444444 0.3348623853211009 0.019444444444444445 0.05321100917431193
0 0.6875 0.24036697247706423 0.013888888888888888 0.03669724770642202
0 0.7125 0.23486238532110093 0.016666666666666666 0.044036697247706424
0 0.7270833333333333 0.21559633027522937 0.0125 0.04954128440366973
0 0.9097222222222222 0.14862385321100918 0.011111111111111112 0.03302752293577982
0 0.91875 0.11192660550458716 0.015277777777777777 0.03302752293577982
0 0.9451388888888889 0.05779816513761468 0.020833333333333332 0.027522935779816515
0 0.9638888888888889 0.043119266055045874 0.027777777777777776 0.027522935779816515
0 0.9715277777777778 0.3238532110091743 0.020833333333333332 0.05688073394495413
0 0.7729166666666667 0.826605504587156 0.0375 0.07889908256880734
