0 0.33402777777777776 0.9396135265700483 0.04027777777777778 0.05314009661835749
0 0.3263888888888889 0.9118357487922706 0.03888888888888889 0.04106280193236715
0 0.5722222222222222 0.47342995169082125 0.030555555555555555 0.06763285024154589
0 0.6201388888888889 0.47342995169082125 0.04027777777777778 0.05314009661835749
0 0.6277777777777778 0.40942028985507245 0.027777777777777776 0.04589371980676329
0 0.6027777777777777 0.3188405797101449 0.022222222222222223 0.057971014492753624
0 0.7145833333333333 0.3997584541062802 0.03194444444444444 0.05555555555555555
0 0.6722222222222223 0.24154589371980675 0.022222222222222223 0.057971014492753624
0 0.9173611111111111 0.22705314009661837 0.020833333333333332 0.04830917874396135
0 0.5097222222222222 0.03260869565217391 0.025 0.06521739130434782
