0 0.014583333333333334 0.23067632850241546 0.009722222222222222 0.021739130434782608
0 0.021527777777777778 0.213768115942029 0.004166666666666667 0.016908212560386472
0 0.022916666666666665 0.2922705314009662 0.009722222222222222 0.024154589371980676
0 0.059027777777777776 0.2210144927536232 0.006944444444444444 0.016908212560386472
0 0.15833333333333333 0.22584541062801933 0.011111111111111112 0.016908212560386472
0 0.1423611111111111 0.24154589371980675 0.006944444444444444 0.00966183574879227
0 0.1326388888888889 0.23067632850241546 0.006944444444444444 0.012077294685990338
0 0.11736111111111111 0.2536231884057971 0.009722222222222222 0.014492753623188406
0 0.12222222222222222 0.2717391304347826 0.008333333333333333 0.016908212560386472
0 0.13333333333333333 0.26207729468599034 0.008333333333333333 0.016908212560386472
0 0.1486111111111111 0.2560386473429952 0.005555555555555556 0.014492753623188406
0 0.16666666666666666 0.2560386473429952 0.011111111111111112 0.01932367149758454
0 0.2222222222222222 0.29347826086956524 0.011111111111111112 0.012077294685990338
0 0.18055555555555555 0.32608695652173914 0.008333333333333333 0.024154589371980676
0 0.1597222222222222 0.33695652173913043 0.008333333333333333 0.016908212560386472
0 0.13541666666666666 0.3538647342995169 0.009722222222222222 0.021739130434782608
0 0.2652777777777778 0.27898550724637683 0.005555555555555556 0.016908212560386472
0 0.26944444444444443 0.27657004830917875 0.008333333333333333 0.021739130434782608
0 0.3541666666666667 0.18961352657004832 0.011111111111111112 0.016908212560386472
0 0.34444444444444444 0.2246376811594203 0.008333333333333333 0.01932367149758454
0 0.35347222222222224 0.21618357487922704 0.006944444444444444 0.016908212560386472
0 0.3333333333333333 0.16183574879227053 0.008333333333333333 0.024154589371980676
0 0.2965277777777778 0.23067632850241546 0.004166666666666667 0.012077294685990338
0 0.28958333333333336 0.2391304347826087 0.004166666666666667 0.014492753623188406
0 0.30486111111111114 0.2246376811594203 0.006944444444444444 0.014492753623188406
0 0.31319444444444444 0.22584541062801933 0.004166666666666667 0.016908212560386472
0 0.3236111111111111 0.1570048309178744 0.002777777777777778 0.014492753623188406
0 0.4284722222222222 0.20893719806763286 0.006944444444444444 0.021739130434782608
0 0.48680555555555555 0.2463768115942029 0.006944444444444444 0.024154589371980676
0 0.3347222222222222 0.5314009661835749 0.008333333333333333 0.024154589371980676
0 0.7333333333333333 0.9685990338164251 0.008333333333333333 0.01932367149758454
0 0.5055555555555555 0.8019323671497585 0.005555555555555556 0.01932367149758454
0 0.49722222222222223 0.8079710144927537 0.008333333333333333 0.021739130434782608
0 0.5569444444444445 0.6871980676328503 0.005555555555555556 0.021739130434782608
0 0.5652777777777778 0.6823671497584541 0.005555555555555556 0.021739130434782608
0 0.6590277777777778 0.6545893719806763 0.006944444444444444 0.01932367149758454
0 0.6666666666666666 0.6268115942028986 0.005555555555555556 0.016908212560386472
0 0.6756944444444445 0.6183574879227053 0.004166666666666667 0.014492753623188406
0 0.675 0.6328502415458938 0.002777777777777778 0.014492753623188406
0 0.7833333333333333 0.5809178743961353 0.005555555555555556 0.021739130434782608
0 0.5034722222222222 0.22705314009661837 0.006944444444444444 0.024154589371980676
0 0.4979166666666667 0.23309178743961353 0.004166666666666667 0.016908212560386472
0 0.4965277777777778 0.1932367149758454 0.006944444444444444 0.01932367149758454
0 0.5145833333333333 0.17149758454106281 0.006944444444444444 0.01932367149758454
0 0.49027777777777776 0.17149758454106281 0.002777777777777778 0.014492753623188406
0 0.5826388888888889 0.12439613526570048 0.004166666666666667 0.016908212560386472
0 0.63125 0.15458937198067632 0.006944444444444444 0.01932367149758454
0 0.6243055555555556 0.15942028985507245 0.004166666666666667 0.014492753623188406
0 0.7597222222222222 0.033816425120772944 0.005555555555555556 0.014492753623188406
0 0.7326388888888888 0.05555555555555555 0.004166666666666667 0.00966183574879227
0 0.7270833333333333 0.0893719806763285 0.004166666666666667 0.01932367149758454
0 0.725 0.09782608695652174 0.005555555555555556 0.016908212560386472
0 0.7361111111111112 0.10507246376811594 0.005555555555555556 0.012077294685990338
0 0.7409722222222223 0.10386473429951691 0.004166666666666667 0.014492753623188406
0 0.7659722222222223 0.08695652173913043 0.004166666666666667 0.00966183574879227
0 0.7118055555555556 0.12077294685990338 0.006944444444444444 0.014492753623188406
0 0.7194444444444444 0.10748792270531402 0.005555555555555556 0.016908212560386472
0 0.7048611111111112 0.11956521739130435 0.004166666666666667 0.012077294685990338
0 0.7208333333333333 0.2391304347826087 0.008333333333333333 0.028985507246376812
0 0.6895833333333333 0.15338164251207728 0.004166666666666667 0.026570048309178744
0 0.6986111111111111 0.1570048309178744 0.002777777777777778 0.01932367149758454
0 0.7965277777777777 0.40096618357487923 0.004166666666666667 0.01932367149758454
0 0.8756944444444444 0.018115942028985508 0.004166666666666667 0.012077294685990338
0 0.8652777777777778 0.008454106280193236 0.005555555555555556 0.012077294685990338
0 0.8708333333333333 0.00966183574879227 0.005555555555555556 0.014492753623188406
0 0.9791666666666666 0.20048309178743962 0.005555555555555556 0.01932367149758454
0 0.9854166666666667 0.19927536231884058 0.004166666666666667 0.021739130434782608
0 0.9902777777777778 0.15096618357487923 0.005555555555555556 0.016908212560386472
0 0.9666666666666667 0.46256038647342995 0.005555555555555556 0.021739130434782608
0 0.95625 0.4553140096618358 0.006944444444444444 0.021739130434782608
0 0.9361111111111111 0.47705314009661837 0.005555555555555556 0.021739130434782608
0 0.9277777777777778 0.47705314009661837 0.005555555555555556 0.021739130434782608
0 0.9215277777777777 0.48429951690821255 0.006944444444444444 0.026570048309178744
0 0.9111111111111111 0.4855072463768116 0.005555555555555556 0.024154589371980676
0 0.9027777777777778 0.4939613526570048 0.005555555555555556 0.021739130434782608
