0 0.09583333333333334 0.7660550458715596 0.019444444444444445 0.03486238532110092
0 0.09236111111111112 0.7229357798165138 0.018055555555555554 0.03302752293577982
0 0.18888888888888888 0.744954128440367 0.019444444444444445 0.044036697247706424
0 0.17777777777777778 0.7009174311926606 0.011111111111111112 0.03669724770642202
0 0.19236111111111112 0.7036697247706422 0.015277777777777777 0.031192660550458717
0 0.2048611111111111 0.7045871559633028 0.015277777777777777 0.03669724770642202
0 0.36666666666666664 0.6807339449541284 0.013888888888888888 0.04036697247706422
0 0.4673611111111111 0.9963302752293578 0.02361111111111111 0.05137614678899083
0 0.5222222222222223 0.9119266055045872 0.013888888888888888 0.04036697247706422
0 0.76875 0.9100917431192661 0.018055555555555554 0.044036697247706424
0 0.6354166666666666 0.9403669724770642 0.02638888888888889 0.05688073394495413
0 0.8506944444444444 0.8660550458715597 0.020833333333333332 0.03669724770642202
0 0.50625 0.9165137614678899 0.018055555555555554 0.05688073394495413
0 0.8611111111111112 0.8403669724770643 0.019444444444444445 0.05871559633027523
