0 0.46944444444444444 0.9371980676328503 0.044444444444444446 0.057971014492753624
0 0.4576388888888889 0.961352657004831 0.029166666666666667 0.07729468599033816
0 0.2388888888888889 0.8900966183574879 0.03888888888888889 0.04589371980676329
0 0.26666666666666666 0.8695652173913043 0.030555555555555555 0.057971014492753624
0 0.25555555555555554 0.7789855072463768 0.03611111111111111 0.06038647342995169
0 0.15347222222222223 0.6364734299516909 0.0125 0.06521739130434782
0 0.11944444444444445 0.6497584541062802 0.016666666666666666 0.0821256038647343
0 0.11041666666666666 0.6256038647342995 0.018055555555555554 0.057971014492753624
0 0.14791666666666667 0.07608695652173914 0.015277777777777777 0.050724637681159424
0 0.15902777777777777 0.035024154589371984 0.018055555555555554 0.050724637681159424
0 0.11666666666666667 0.08454106280193237 0.016666666666666666 0.08695652173913043
0 0.4326388888888889 0.17753623188405798 0.020833333333333332 0.07004830917874397
0 0.49583333333333335 0.34782608695652173 0.025 0.09178743961352658
0 0.5006944444444444 0.38164251207729466 0.018055555555555554 0.057971014492753624
