0 0.23056 0.44444 0.025 0.04348
0 0.31736 0.42754 0.01806 0.04831
0 0.44722 0.34541 0.01389 0.03865
0 0.52153 0.36473 0.0125 0.04348
0 0.54028 0.40459 0.01389 0.04589
0 0.51806 0.4686 0.01944 0.04348
0 0.3625 0.50483 0.01389 0.03382
0 0.35903 0.53502 0.0125 0.03623
0 0.34583 0.55556 0.01389 0.03865
0 0.32986 0.56159 0.0125 0.04589
0 0.43889 0.82488 0.01944 0.03623
0 0.40972 0.83937 0.01389 0.04106
0 0.62153 0.83092 0.01528 0.05314
0 0.59792 0.71377 0.02083 0.03623
0 0.56667 0.56159 0.01667 0.0314
0 0.57292 0.57609 0.02361 0.03623
0 0.59236 0.69565 0.01806 0.03865
0 0.43264 0.85266 0.0125 0.02899
