0 0.88734 0.39154 0.01947 0.07353
0 0.52225 0.28585 0.02086 0.05699
0 0.46592 0.31985 0.02225 0.06618
0 0.40264 0.40441 0.02643 0.07353
0 0.89917 0.50551 0.02364 0.06985
0 0.87969 0.51471 0.01808 0.06985
0 0.71975 0.49357 0.02364 0.06066
0 0.77538 0.47059 0.01808 0.04044
0 0.84492 0.95956 0.03477 0.07353
0 0.8025 0.48438 0.01669 0.04228
0 0.68846 0.54044 0.02225 0.07353
0 0.379 0.60662 0.02364 0.07721
0 0.34423 0.62132 0.02364 0.06985
0 0.30737 0.67188 0.02782 0.05699
0 0.29346 0.69118 0.02225 0.05147
0 0.258 0.76011 0.03755 0.07169
0 0.49513 0.72702 0.03338 0.06801
0 0.48401 0.77482 0.0306 0.06434
0 0.38387 0.77114 0.03616 0.07169
0 0.35953 0.82445 0.04033 0.06434
0 0.36161 0.78952 0.03338 0.06434
0 0.39499 0.75643 0.02782 0.06801
0 0.36787 0.71507 0.03477 0.07353
0 0.34075 0.74724 0.0306 0.06066
0 0.3185 0.79963 0.03338 0.07353
0 0.30111 0.83088 0.02921 0.06985
0 0.32058 0.79504 0.03477 0.06801
0 0.22531 0.81066 0.04451 0.06985
0 0.18846 0.83364 0.03477 0.05699
0 0.17246 0.86029 0.04451 0.05515
0 0.07093 0.98254 0.04172 0.07537
0 0.379 0.99724 0.03199 0.07169
0 0.39152 0.97978 0.04033 0.07353
0 0.40403 0.96232 0.02643 0.06801
0 0.41446 0.95588 0.03338 0.07721
0 0.4388 0.92463 0.03477 0.06618
0 0.42559 0.90809 0.03338 0.0625
0 0.39847 0.92279 0.02086 0.07353
0 0.38734 0.91544 0.03199 0.05515
0 0.47636 0.85202 0.03199 0.07169
0 0.48887 0.81434 0.02643 0.05515
0 0.46662 0.86305 0.02921 0.06434
0 0.44993 0.88879 0.03199 0.07169
0 0.43811 0.84099 0.03338 0.06434
0 0.37413 0.91176 0.04172 0.06618
0 0.33727 0.9761 0.03199 0.06618
0 0.46871 0.68474 0.02782 0.06066
0 0.78234 0.98713 0.03477 0.06985
0 0.82128 0.97886 0.02086 0.05331
