0 0.83611 0.657 0.00833 0.04831
0 0.84028 0.5 0.00833 0.04831
0 0.85417 0.43841 0.00833 0.04106
0 0.85833 0.35266 0.00833 0.03382
0 0.88194 0.2814 0.00556 0.0314
0 0.91042 0.30676 0.00972 0.03865
0 0.96944 0.28019 0.00556 0.03382
0 0.9125 0.24034 0.00556 0.0314
0 0.975 0.1401 0.00556 0.02899
0 0.97569 0.2343 0.00694 0.03382
0 0.93611 0.27536 0.00833 0.02899
0 0.93125 0.25362 0.00694 0.03382
0 0.9375 0.25483 0.00556 0.0314
0 0.94097 0.24517 0.00694 0.0314
0 0.94792 0.24275 0.00694 0.0314
0 0.99097 0.24396 0.00417 0.01449
0 0.99514 0.23671 0.00694 0.03382
0 0.98819 0.17512 0.00694 0.0314
