0 0.45416666666666666 0.8339449541284404 0.075 0.13761467889908258
0 0.5770833333333333 0.8330275229357799 0.05694444444444444 0.13211009174311927
0 0.65625 0.6623853211009174 0.043055555555555555 0.14678899082568808
0 0.9048611111111111 0.8844036697247707 0.06805555555555555 0.12110091743119267
0 0.9083333333333333 0.7376146788990826 0.04722222222222222 0.10642201834862386
0 0.9180555555555555 0.5321100917431193 0.03333333333333333 0.10275229357798166
0 0.7090277777777778 0.5834862385321101 0.05416666666666667 0.09174311926605505
0 0.6201388888888889 0.5027522935779817 0.034722222222222224 0.11009174311926606
0 0.3902777777777778 0.6009174311926605 0.08888888888888889 0.10091743119266056
0 0.2604166666666667 0.48256880733944957 0.05694444444444444 0.12477064220183487
0 0.1597222222222222 0.6201834862385321 0.06388888888888888 0.12844036697247707
0 0.2152777777777778 0.7330275229357798 0.07222222222222222 0.12660550458715597
0 0.09027777777777778 0.8201834862385321 0.07222222222222222 0.14678899082568808
0 0.4263888888888889 0.744954128440367 0.07222222222222222 0.11009174311926606
0 0.3527777777777778 0.40642201834862385 0.03611111111111111 0.10458715596330276
0 0.38819444444444445 0.41651376146788993 0.04861111111111111 0.09174311926605505
0 0.9909722222222223 0.0981651376146789 0.0375 0.09724770642201835
0 0.9354166666666667 0.044954128440366975 0.034722222222222224 0.08990825688073395
