0 0.01875 0.8229357798165138 0.02638888888888889 0.060550458715596334
0 0.18611111111111112 0.5577981651376147 0.022222222222222223 0.07339449541284404
0 0.11666666666666667 0.30091743119266057 0.027777777777777776 0.06972477064220184
0 0.2826388888888889 0.363302752293578 0.015277777777777777 0.06605504587155964
0 0.3020833333333333 0.3889908256880734 0.020833333333333332 0.06605504587155964
0 0.3638888888888889 0.5082568807339449 0.013888888888888888 0.05504587155963303
0 0.5395833333333333 0.4743119266055046 0.02361111111111111 0.05688073394495413
0 0.5486111111111112 0.5 0.022222222222222223 0.05688073394495413
0 0.48125 0.5779816513761468 0.018055555555555554 0.05871559633027523
0 0.4791666666666667 0.8825688073394495 0.016666666666666666 0.044036697247706424
0 0.8291666666666667 0.25688073394495414 0.027777777777777776 0.07339449541284404
0 0.8972222222222223 0.022018348623853212 0.03333333333333333 0.044036697247706424
0 0.81875 0.5256880733944954 0.02638888888888889 0.060550458715596334
0 0.7944444444444444 0.5100917431192661 0.016666666666666666 0.05504587155963303
0 0.76875 0.7972477064220184 0.03194444444444444 0.05688073394495413
0 0.80625 0.8403669724770643 0.034722222222222224 0.062385321100917435
0 0.7090277777777778 0.7981651376146789 0.034722222222222224 0.06972477064220184
0 0.75625 0.8770642201834863 0.03194444444444444 0.06605504587155964
0 0.9243055555555556 0.7440366972477064 0.018055555555555554 0.05688073394495413
0 0.8944444444444445 0.7211009174311926 0.030555555555555555 0.05137614678899083
0 0.5916666666666667 0.9917431192660551 0.027777777777777776 0.05321100917431193
0 0.10416666666666667 0.4779816513761468 0.025 0.05321100917431193
