0 0.63611 0.56789 0.00833 0.02385
0 0.65139 0.56239 0.00833 0.02385
0 0.66458 0.5578 0.00694 0.02202
0 0.69236 0.58073 0.00694 0.02752
0 0.68194 0.58073 0.00556 0.02752
0 0.52708 0.68807 0.00694 0.02936
0 0.50903 0.67248 0.00694 0.02018
0 0.49028 0.65688 0.00833 0.02202
0 0.60694 0.73761 0.00833 0.02936
0 0.6 0.69725 0.00833 0.02936
0 0.51667 0.60183 0.00556 0.02202
0 0.57986 0.81101 0.00694 0.02202
0 0.50972 0.99541 0.00833 0.02752
0 0.52222 0.98807 0.00556 0.02752
0 0.53611 0.96606 0.00833 0.02752
0 0.55694 0.90275 0.00556 0.02569
0 0.48819 0.96697 0.00694 0.02569
0 0.79931 0.1844 0.00417 0.00917
0 0.75069 0.24312 0.00417 0.01284
0 0.75347 0.26514 0.00417 0.01284
0 0.76111 0.26606 0.00278 0.01101
0 0.76111 0.2789 0.00278 0.00734
0 0.73333 0.32294 0.00278 0.01468
0 0.72431 0.31835 0.00417 0.01651
0 0.80556 0.44954 0.00556 0.01101
0 0.79028 0.45596 0.00833 0.01284
