0 0.3347222222222222 0.051932367149758456 0.025 0.06521739130434782
0 0.30833333333333335 0.1292270531400966 0.025 0.10386473429951691
0 0.34305555555555556 0.15942028985507245 0.016666666666666666 0.06280193236714976
0 0.3659722222222222 0.21739130434782608 0.03194444444444444 0.07729468599033816
0 0.3145833333333333 0.07608695652173914 0.015277777777777777 0.07971014492753623
0 0.09375 0.14492753623188406 0.03194444444444444 0.0966183574879227
0 0.06875 0.17270531400966183 0.015277777777777777 0.06521739130434782
0 0.175 0.0640096618357488 0.013888888888888888 0.06038647342995169
0 0.16041666666666668 0.05314009661835749 0.015277777777777777 0.06280193236714976
0 0.47291666666666665 0.14251207729468598 0.02638888888888889 0.06763285024154589
0 0.5020833333333333 0.10748792270531402 0.02361111111111111 0.06038647342995169
0 0.5881944444444445 0.12198067632850242 0.020833333333333332 0.06521739130434782
0 0.50625 0.043478260869565216 0.02361111111111111 0.08695652173913043
0 0.6145833333333334 0.03864734299516908 0.02638888888888889 0.06280193236714976
0 0.8708333333333333 0.05676328502415459 0.04722222222222222 0.10386473429951691
0 0.9534722222222223 0.07125603864734299 0.02361111111111111 0.0893719806763285
0 0.6576388888888889 0.3079710144927536 0.029166666666666667 0.06521739130434782
0 0.7798611111111111 0.34299516908212563 0.03194444444444444 0.07729468599033816
0 0.9854166666666667 0.48188405797101447 0.029166666666666667 0.07004830917874397
0 0.9861111111111112 0.2971014492753623 0.022222222222222223 0.06280193236714976
