0 0.40694444444444444 0.007246376811594203 0.005555555555555556 0.014492753623188406
0 0.23541666666666666 0.06763285024154589 0.009722222222222222 0.024154589371980676
0 0.22430555555555556 0.11352657004830918 0.004166666666666667 0.014492753623188406
0 0.23402777777777778 0.12439613526570048 0.006944444444444444 0.016908212560386472
0 0.24583333333333332 0.14251207729468598 0.008333333333333333 0.014492753623188406
0 0.25555555555555554 0.14371980676328502 0.008333333333333333 0.016908212560386472
0 0.2659722222222222 0.13405797101449277 0.006944444444444444 0.016908212560386472
0 0.27291666666666664 0.13285024154589373 0.006944444444444444 0.01932367149758454
0 0.2916666666666667 0.19685990338164253 0.008333333333333333 0.016908212560386472
0 0.2965277777777778 0.2391304347826087 0.009722222222222222 0.024154589371980676
0 0.30625 0.20048309178743962 0.006944444444444444 0.01932367149758454
0 0.30416666666666664 0.178743961352657 0.005555555555555556 0.014492753623188406
0 0.33402777777777776 0.14855072463768115 0.006944444444444444 0.016908212560386472
0 0.3277777777777778 0.15096618357487923 0.008333333333333333 0.021739130434782608
0 0.25069444444444444 0.20772946859903382 0.006944444444444444 0.024154589371980676
0 0.11805555555555555 0.2584541062801932 0.008333333333333333 0.014492753623188406
0 0.2701388888888889 0.2971014492753623 0.009722222222222222 0.014492753623188406
0 0.27152777777777776 0.2753623188405797 0.009722222222222222 0.014492753623188406
0 0.21944444444444444 0.33816425120772947 0.005555555555555556 0.01932367149758454
0 0.2048611111111111 0.3285024154589372 0.006944444444444444 0.01932367149758454
0 0.16666666666666666 0.34782608695652173 0.011111111111111112 0.01932367149758454
0 0.21875 0.321256038647343 0.009722222222222222 0.01932367149758454
0 0.26875 0.3357487922705314 0.0125 0.01932367149758454
0 0.2590277777777778 0.3442028985507246 0.006944444444444444 0.012077294685990338
0 0.3541666666666667 0.4553140096618358 0.008333333333333333 0.016908212560386472
0 0.3527777777777778 0.47342995169082125 0.008333333333333333 0.014492753623188406
0 0.4375 0.3611111111111111 0.008333333333333333 0.016908212560386472
0 0.44375 0.37318840579710144 0.006944444444444444 0.012077294685990338
0 0.45416666666666666 0.3828502415458937 0.005555555555555556 0.016908212560386472
0 0.4597222222222222 0.39492753623188404 0.005555555555555556 0.016908212560386472
0 0.44583333333333336 0.4468599033816425 0.008333333333333333 0.014492753623188406
0 0.43819444444444444 0.45410628019323673 0.006944444444444444 0.01932367149758454
0 0.4875 0.3635265700483092 0.005555555555555556 0.021739130434782608
0 0.3013888888888889 0.7403381642512077 0.011111111111111112 0.016908212560386472
0 0.2923611111111111 0.7330917874396136 0.009722222222222222 0.012077294685990338
0 0.2875 0.7475845410628019 0.008333333333333333 0.012077294685990338
0 0.2611111111111111 0.7801932367149759 0.013888888888888888 0.014492753623188406
0 0.24930555555555556 0.782608695652174 0.006944444444444444 0.00966183574879227
0 0.32430555555555557 0.6835748792270532 0.006944444444444444 0.014492753623188406
0 0.3951388888888889 0.5748792270531401 0.009722222222222222 0.01932367149758454
0 0.38472222222222224 0.5748792270531401 0.005555555555555556 0.014492753623188406
0 0.35833333333333334 0.538647342995169 0.008333333333333333 0.014492753623188406
0 0.5652777777777778 0.7874396135265701 0.011111111111111112 0.028985507246376812
0 0.6361111111111111 0.6847826086956522 0.008333333333333333 0.021739130434782608
0 0.6291666666666667 0.6413043478260869 0.011111111111111112 0.021739130434782608
0 0.6180555555555556 0.6594202898550725 0.011111111111111112 0.01932367149758454
0 0.6069444444444444 0.6473429951690821 0.008333333333333333 0.01932367149758454
0 0.6951388888888889 0.6026570048309179 0.006944444444444444 0.021739130434782608
0 0.6847222222222222 0.5893719806763285 0.005555555555555556 0.01932367149758454
0 0.6784722222222223 0.5857487922705314 0.004166666666666667 0.016908212560386472
0 0.6881944444444444 0.6666666666666666 0.006944444444444444 0.01932367149758454
0 0.7055555555555556 0.6545893719806763 0.008333333333333333 0.01932367149758454
0 0.6861111111111111 0.6545893719806763 0.005555555555555556 0.014492753623188406
0 0.7243055555555555 0.7041062801932367 0.004166666666666667 0.016908212560386472
0 0.7423611111111111 0.6859903381642513 0.006944444444444444 0.01932367149758454
0 0.7527777777777778 0.678743961352657 0.008333333333333333 0.014492753623188406
0 0.76875 0.5954106280193237 0.004166666666666667 0.012077294685990338
0 0.7895833333333333 0.5277777777777778 0.006944444444444444 0.016908212560386472
0 0.7805555555555556 0.5990338164251208 0.008333333333333333 0.01932367149758454
0 0.7965277777777777 0.6364734299516909 0.004166666666666667 0.016908212560386472
0 0.8041666666666667 0.6497584541062802 0.008333333333333333 0.01932367149758454
0 0.8229166666666666 0.6231884057971014 0.006944444444444444 0.024154589371980676
0 0.6784722222222223 0.7777777777777778 0.009722222222222222 0.024154589371980676
0 0.7583333333333333 0.788647342995169 0.008333333333333333 0.016908212560386472
0 0.6673611111111111 0.8031400966183575 0.006944444444444444 0.012077294685990338
0 0.6701388888888888 0.8188405797101449 0.004166666666666667 0.00966183574879227
0 0.6583333333333333 0.8115942028985508 0.008333333333333333 0.014492753623188406
0 0.6854166666666667 0.8502415458937198 0.006944444444444444 0.014492753623188406
0 0.69375 0.8647342995169082 0.006944444444444444 0.01932367149758454
0 0.6875 0.8743961352657005 0.005555555555555556 0.014492753623188406
0 0.6201388888888889 0.8997584541062802 0.006944444444444444 0.007246376811594203
0 0.5930555555555556 0.9202898550724637 0.005555555555555556 0.01932367149758454
0 0.5625 0.8888888888888888 0.008333333333333333 0.014492753623188406
0 0.7388888888888889 0.4444444444444444 0.005555555555555556 0.024154589371980676
0 0.73125 0.43719806763285024 0.006944444444444444 0.01932367149758454
0 0.8215277777777777 0.46859903381642515 0.004166666666666667 0.024154589371980676
0 0.7840277777777778 0.2028985507246377 0.006944444444444444 0.01932367149758454
0 0.8229166666666666 0.23429951690821257 0.004166666666666667 0.014492753623188406
0 0.70625 0.21618357487922704 0.009722222222222222 0.026570048309178744
0 0.5861111111111111 0.32608695652173914 0.005555555555555556 0.014492753623188406
0 0.6319444444444444 0.22705314009661837 0.005555555555555556 0.01932367149758454
0 0.6284722222222222 0.23309178743961353 0.004166666666666667 0.016908212560386472
0 0.6173611111111111 0.18115942028985507 0.009722222222222222 0.01932367149758454
0 0.5493055555555556 0.1497584541062802 0.006944444444444444 0.014492753623188406
0 0.5354166666666667 0.15458937198067632 0.006944444444444444 0.024154589371980676
0 0.5611111111111111 0.06884057971014493 0.005555555555555556 0.021739130434782608
0 0.5576388888888889 0.012077294685990338 0.006944444444444444 0.01932367149758454
0 0.9097222222222222 0.23067632850241546 0.011111111111111112 0.026570048309178744
0 0.8895833333333333 0.15217391304347827 0.006944444444444444 0.024154589371980676
0 0.8784722222222222 0.1606280193236715 0.004166666666666667 0.012077294685990338
0 0.8263888888888888 0.25966183574879226 0.005555555555555556 0.021739130434782608
0 0.8270833333333333 0.24516908212560387 0.006944444444444444 0.012077294685990338
0 0.9888888888888889 0.29106280193236717 0.005555555555555556 0.016908212560386472
0 0.9930555555555556 0.3115942028985507 0.005555555555555556 0.01932367149758454
0 0.9027777777777778 0.35144927536231885 0.005555555555555556 0.021739130434782608
0 0.8715277777777778 0.46256038647342995 0.004166666666666667 0.016908212560386472
0 0.875 0.4758454106280193 0.005555555555555556 0.014492753623188406
0 0.8722222222222222 0.5 0.005555555555555556 0.014492753623188406
0 0.8666666666666667 0.49516908212560384 0.005555555555555556 0.014492753623188406
0 0.9777777777777777 0.4927536231884058 0.008333333333333333 0.01932367149758454
0 0.88125 0.5277777777777778 0.004166666666666667 0.012077294685990338
0 0.8645833333333334 0.5531400966183575 0.004166666666666667 0.014492753623188406
0 0.8694444444444445 0.5664251207729468 0.005555555555555556 0.012077294685990338
0 0.8402777777777778 0.6884057971014492 0.008333333333333333 0.014492753623188406
0 0.9861111111111112 0.6992753623188406 0.008333333333333333 0.016908212560386472
