0 0.5555555555555556 0.9990825688073395 0.027777777777777776 0.06422018348623854
0 0.5736111111111111 0.9963302752293578 0.016666666666666666 0.062385321100917435
0 0.5645833333333333 0.581651376146789 0.020833333333333332 0.047706422018348627
0 0.8826388888888889 0.5027522935779817 0.02638888888888889 0.05504587155963303
0 0.9347222222222222 0.4761467889908257 0.016666666666666666 0.045871559633027525
0 0.8576388888888888 0.5 0.02361111111111111 0.045871559633027525
0 0.4652777777777778 0.5761467889908257 0.022222222222222223 0.05504587155963303
0 0.6666666666666666 0.6045871559633027 0.019444444444444445 0.04954128440366973
0 0.8715277777777778 0.5724770642201835 0.02361111111111111 0.047706422018348627
0 0.5555555555555556 0.5935779816513761 0.011111111111111112 0.03486238532110092
