0 0.19028 0.4789 0.04167 0.09541
0 0.0125 0.41284 0.025 0.06239
0 0.10139 0.21743 0.03611 0.04954
0 0.40069 0.18991 0.02639 0.05321
0 0.36597 0.19083 0.02083 0.05138
0 0.33264 0.14312 0.02083 0.05138
0 0.42014 0.14128 0.01528 0.05505
0 0.38542 0.1633 0.01528 0.05138
0 0.36806 0.17523 0.01389 0.04954
0 0.36389 0.16514 0.01389 0.04771
0 0.37569 0.15138 0.0125 0.04587
0 0.47708 0.13578 0.01528 0.04771
0 0.49097 0.13028 0.01806 0.04037
0 0.48472 0.10642 0.01389 0.04037
0 0.51806 0.16422 0.01667 0.04587
0 0.54236 0.14495 0.01528 0.04771
0 0.57986 0.15596 0.01528 0.04404
0 0.56806 0.15046 0.01389 0.05138
0 0.56111 0.12661 0.01111 0.0367
0 0.54306 0.11743 0.01944 0.04037
0 0.50625 0.10183 0.01806 0.04954
0 0.51667 0.10642 0.01389 0.05138
0 0.52708 0.11193 0.00972 0.05505
0 0.78819 0.0789 0.01528 0.05505
0 0.77986 0.08624 0.0125 0.03303
0 0.83819 0.06972 0.01806 0.0367
0 0.82639 0.07431 0.01944 0.03853
