0 0.007638888888888889 0.06788990825688074 0.015277777777777777 0.06972477064220184
0 0.029861111111111113 0.06697247706422019 0.0125 0.060550458715596334
0 0.175 0.0963302752293578 0.013888888888888888 0.06422018348623854
0 0.18680555555555556 0.15045871559633028 0.015277777777777777 0.05871559633027523
0 0.18819444444444444 0.1651376146788991 0.015277777777777777 0.05871559633027523
0 0.1388888888888889 0.15229357798165138 0.022222222222222223 0.07339449541284404
0 0.20347222222222222 0.22660550458715598 0.018055555555555554 0.07155963302752294
0 0.014583333333333334 0.23944954128440368 0.02638888888888889 0.08256880733944955
0 0.041666666666666664 0.3155963302752294 0.025 0.07339449541284404
0 0.1597222222222222 0.3339449541284404 0.013888888888888888 0.05871559633027523
0 0.14375 0.28990825688073396 0.020833333333333332 0.06605504587155964
0 0.07222222222222222 0.23211009174311928 0.019444444444444445 0.06788990825688074
0 0.052083333333333336 0.22568807339449543 0.018055555555555554 0.07706422018348624
0 0.3159722222222222 0.9935779816513761 0.04583333333333333 0.10458715596330276
0 0.3423611111111111 0.8330275229357799 0.034722222222222224 0.09908256880733946
0 0.18263888888888888 0.6926605504587156 0.029166666666666667 0.08990825688073395
0 0.26180555555555557 0.708256880733945 0.02638888888888889 0.08073394495412844
0 0.4548611111111111 0.8137614678899082 0.029166666666666667 0.06788990825688074
0 0.4777777777777778 0.7990825688073394 0.041666666666666664 0.06788990825688074
0 0.3770833333333333 0.718348623853211 0.02361111111111111 0.05321100917431193
