0 0.7604166666666666 0.9110091743119266 0.018055555555555554 0.05321100917431193
0 0.7763888888888889 0.9018348623853211 0.013888888888888888 0.045871559633027525
0 0.7006944444444444 0.844954128440367 0.018055555555555554 0.04954128440366973
0 0.7111111111111111 0.826605504587156 0.016666666666666666 0.04954128440366973
0 0.7298611111111111 0.844954128440367 0.015277777777777777 0.045871559633027525
0 0.7319444444444444 0.8229357798165138 0.011111111111111112 0.045871559633027525
0 0.6881944444444444 0.7642201834862385 0.015277777777777777 0.04220183486238532
0 0.6729166666666667 0.7651376146788991 0.0125 0.04036697247706422
0 0.65 0.7660550458715596 0.011111111111111112 0.04220183486238532
0 0.6472222222222223 0.7211009174311926 0.011111111111111112 0.03669724770642202
0 0.6263888888888889 0.7275229357798165 0.011111111111111112 0.03486238532110092
0 0.6270833333333333 0.7128440366972477 0.009722222222222222 0.031192660550458717
0 0.7020833333333333 0.636697247706422 0.0125 0.03302752293577982
