0 0.28542 0.92874 0.00972 0.04106
0 0.30764 0.93237 0.00972 0.04348
0 0.30208 0.92633 0.00972 0.0314
0 0.29167 0.88527 0.00833 0.03623
0 0.27778 0.93961 0.00833 0.03382
0 0.26806 0.94565 0.00833 0.04106
0 0.29028 0.95048 0.00833 0.04106
0 0.30347 0.94565 0.00972 0.04589
0 0.30278 0.87802 0.00833 0.0314
0 0.31181 0.87923 0.0125 0.05797
0 0.26806 0.90459 0.01111 0.04589
0 0.26111 0.90821 0.00833 0.02899
0 0.28611 0.8599 0.00556 0.02899
0 0.29028 0.85386 0.00833 0.03623
0 0.26667 0.86594 0.01111 0.04106
0 0.27708 0.83575 0.00972 0.03865
0 0.26389 0.78502 0.00833 0.03382
0 0.25486 0.8128 0.00972 0.04106
0 0.26458 0.74517 0.00417 0.0314
0 0.25208 0.86111 0.00972 0.03623
0 0.26458 0.83575 0.00694 0.02899
0 0.27847 0.8128 0.00694 0.04106
0 0.27292 0.80797 0.00694 0.03623
0 0.27153 0.73913 0.00694 0.02899
0 0.25278 0.7343 0.00833 0.02899
0 0.25278 0.76932 0.01111 0.05072
0 0.24861 0.75121 0.00556 0.02415
0 0.27292 0.77174 0.00694 0.02657
0 0.28264 0.78986 0.00972 0.02415
