0 0.7270833333333333 0.8871559633027523 0.018055555555555554 0.04954128440366973
0 0.9076388888888889 0.7697247706422018 0.009722222222222222 0.02018348623853211
0 0.9430555555555555 0.7688073394495413 0.008333333333333333 0.022018348623853212
0 0.9638888888888889 0.7678899082568807 0.011111111111111112 0.027522935779816515
0 0.9256944444444445 0.8073394495412844 0.0125 0.03302752293577982
0 0.9423611111111111 0.8073394495412844 0.009722222222222222 0.03302752293577982
0 0.9784722222222222 0.7853211009174312 0.0125 0.029357798165137616
0 0.9791666666666666 0.7825688073394496 0.008333333333333333 0.01651376146788991
0 0.9944444444444445 0.7688073394495413 0.008333333333333333 0.022018348623853212
0 0.9875 0.7669724770642202 0.008333333333333333 0.025688073394495414
