0 0.8680555555555556 0.5376146788990825 0.025 0.03669724770642202
0 0.9055555555555556 0.6256880733944954 0.027777777777777776 0.025688073394495414
0 0.7972222222222223 0.4541284403669725 0.016666666666666666 0.023853211009174313
0 0.7743055555555556 0.44678899082568807 0.020833333333333332 0.02018348623853211
0 0.7277777777777777 0.3073394495412844 0.027777777777777776 0.027522935779816515
0 0.6638888888888889 0.08807339449541285 0.016666666666666666 0.025688073394495414
0 0.70625 0.0944954128440367 0.020833333333333332 0.031192660550458717
0 0.7805555555555556 0.10458715596330276 0.019444444444444445 0.022018348623853212
0 0.8458333333333333 0.13027522935779817 0.025 0.025688073394495414
0 0.8666666666666667 0.10366972477064221 0.030555555555555555 0.027522935779816515
