0 0.73958 0.95894 0.01806 0.06763
0 0.64097 0.60024 0.0125 0.02657
0 0.66944 0.71135 0.00833 0.04106
0 0.65556 0.71498 0.01111 0.02415
0 0.64236 0.70894 0.00972 0.02174
0 0.68333 0.8285 0.01111 0.02415
0 0.69583 0.83454 0.01111 0.04106
0 0.69861 0.86111 0.01389 0.03623
0 0.55 0.3756 0.00556 0.02174
0 0.55903 0.43478 0.00972 0.04348
0 0.50278 0.15942 0.00833 0.01932
0 0.48403 0.15821 0.0125 0.01691
0 0.49514 0.15459 0.00694 0.01932
0 0.53264 0.21739 0.00972 0.03865
0 0.50278 0.26087 0.01111 0.03865
