0 0.004861111111111111 0.46238532110091746 0.009722222222222222 0.025688073394495414
0 0.2611111111111111 0.46422018348623856 0.005555555555555556 0.022018348623853212
0 0.26666666666666666 0.463302752293578 0.008333333333333333 0.023853211009174313
0 0.40069444444444446 0.4651376146788991 0.009722222222222222 0.031192660550458717
0 0.4166666666666667 0.4614678899082569 0.008333333333333333 0.027522935779816515
0 0.4930555555555556 0.501834862385321 0.013888888888888888 0.031192660550458717
0 0.5048611111111111 0.5119266055045871 0.009722222222222222 0.029357798165137616
0 0.5131944444444444 0.5137614678899083 0.006944444444444444 0.029357798165137616
0 0.55625 0.5220183486238532 0.009722222222222222 0.027522935779816515
0 0.5638888888888889 0.5247706422018349 0.008333333333333333 0.03302752293577982
0 0.5715277777777777 0.5266055045871559 0.006944444444444444 0.029357798165137616
0 0.14930555555555555 0.4651376146788991 0.009722222222222222 0.023853211009174313
0 0.7708333333333334 0.5825688073394495 0.016666666666666666 0.03853211009174312
0 0.9201388888888888 0.6266055045871559 0.015277777777777777 0.045871559633027525
0 0.9111111111111111 0.6220183486238532 0.016666666666666666 0.04036697247706422
0 0.9263888888888889 0.6229357798165137 0.013888888888888888 0.045871559633027525
0 0.9361111111111111 0.6266055045871559 0.016666666666666666 0.04220183486238532
0 0.5243055555555556 0.6944954128440367 0.018055555555555554 0.04954128440366973
0 0.44930555555555557 0.9853211009174312 0.018055555555555554 0.06605504587155964
0 0.2326388888888889 0.9752293577981651 0.018055555555555554 0.06422018348623854
0 0.17569444444444443 0.865137614678899 0.0125 0.05321100917431193
0 0.13958333333333334 0.8385321100917431 0.0125 0.047706422018348627
0 0.16597222222222222 0.8366972477064221 0.015277777777777777 0.05504587155963303
0 0.12569444444444444 0.863302752293578 0.018055555555555554 0.060550458715596334
0 0.15555555555555556 0.810091743119266 0.016666666666666666 0.05321100917431193
0 0.1527777777777778 0.8577981651376146 0.016666666666666666 0.060550458715596334
0 0.09236111111111112 0.7275229357798165 0.015277777777777777 0.05688073394495413
0 0.11458333333333333 0.728440366972477 0.015277777777777777 0.047706422018348627
0 0.10902777777777778 0.7146788990825688 0.015277777777777777 0.045871559633027525
0 0.03333333333333333 0.6761467889908257 0.011111111111111112 0.03853211009174312
0 0.029861111111111113 0.6541284403669725 0.0125 0.03853211009174312
0 0.06319444444444444 0.6605504587155964 0.009722222222222222 0.04036697247706422
0 0.09166666666666666 0.6724770642201835 0.013888888888888888 0.045871559633027525
0 0.07430555555555556 0.6587155963302752 0.009722222222222222 0.044036697247706424
0 0.07222222222222222 0.6238532110091743 0.011111111111111112 0.04036697247706422
0 0.058333333333333334 0.6293577981651376 0.011111111111111112 0.03669724770642202
0 0.05694444444444444 0.6128440366972477 0.008333333333333333 0.03669724770642202
0 0.04513888888888889 0.5981651376146789 0.009722222222222222 0.03669724770642202
0 0.06736111111111111 0.581651376146789 0.009722222222222222 0.03302752293577982
0 0.059722222222222225 0.573394495412844 0.008333333333333333 0.03853211009174312
0 0.04791666666666667 0.5715596330275229 0.009722222222222222 0.03486238532110092
0 0.05 0.5642201834862385 0.008333333333333333 0.031192660550458717
0 0.03333333333333333 0.5844036697247706 0.011111111111111112 0.03853211009174312
0 0.021527777777777778 0.5743119266055046 0.009722222222222222 0.04036697247706422
0 0.03611111111111111 0.5651376146788991 0.011111111111111112 0.03302752293577982
0 0.019444444444444445 0.5330275229357798 0.013888888888888888 0.031192660550458717
