0 0.6895833333333333 0.6954128440366972 0.02361111111111111 0.06605504587155964
0 0.7097222222222223 0.691743119266055 0.016666666666666666 0.06605504587155964
0 0.7215277777777778 0.691743119266055 0.018055555555555554 0.06605504587155964
0 0.5694444444444444 0.8128440366972477 0.030555555555555555 0.07706422018348624
0 0.5798611111111112 0.7825688073394496 0.03194444444444444 0.07522935779816514
0 0.5381944444444444 0.9045871559633027 0.034722222222222224 0.06972477064220184
0 0.5236111111111111 0.8963302752293578 0.019444444444444445 0.06788990825688074
0 0.4013888888888889 0.9036697247706422 0.03333333333333333 0.07522935779816514
0 0.3784722222222222 0.9477064220183486 0.03194444444444444 0.07155963302752294
0 0.3125 0.9412844036697248 0.05 0.08440366972477065
0 0.34097222222222223 0.881651376146789 0.043055555555555555 0.08990825688073395
0 0.15902777777777777 0.9623853211009175 0.05694444444444444 0.08990825688073395
0 0.1125 0.8238532110091743 0.05277777777777778 0.07706422018348624
0 0.02847222222222222 0.7522935779816514 0.05694444444444444 0.07706422018348624
0 0.01597222222222222 0.8018348623853211 0.03194444444444444 0.06972477064220184
0 0.6916666666666667 0.6339449541284403 0.019444444444444445 0.06788990825688074
0 0.7215277777777778 0.5889908256880734 0.018055555555555554 0.05871559633027523
0 0.6645833333333333 0.6 0.018055555555555554 0.05871559633027523
0 0.6798611111111111 0.5963302752293578 0.018055555555555554 0.05871559633027523
0 0.6909722222222222 0.5954128440366973 0.020833333333333332 0.05688073394495413
0 0.6784722222222223 0.5678899082568807 0.015277777777777777 0.04220183486238532
0 0.6916666666666667 0.5651376146788991 0.016666666666666666 0.047706422018348627
0 0.64375 0.5495412844036697 0.020833333333333332 0.060550458715596334
0 0.6604166666666667 0.5403669724770642 0.020833333333333332 0.060550458715596334
0 0.675 0.5385321100917431 0.016666666666666666 0.05321100917431193
0 0.6902777777777778 0.5339449541284403 0.022222222222222223 0.05871559633027523
0 0.6131944444444445 0.5110091743119266 0.018055555555555554 0.05321100917431193
0 0.63125 0.5293577981651376 0.015277777777777777 0.04954128440366973
0 0.6270833333333333 0.5073394495412844 0.015277777777777777 0.04220183486238532
0 0.6451388888888889 0.5110091743119266 0.015277777777777777 0.03853211009174312
0 0.6576388888888889 0.5091743119266054 0.015277777777777777 0.04220183486238532
0 0.7993055555555556 0.3541284403669725 0.015277777777777777 0.047706422018348627
0 0.8090277777777778 0.3532110091743119 0.0125 0.04954128440366973
0 0.8180555555555555 0.3522935779816514 0.013888888888888888 0.05137614678899083
0 0.8319444444444445 0.3541284403669725 0.016666666666666666 0.047706422018348627
0 0.8305555555555556 0.3669724770642202 0.016666666666666666 0.047706422018348627
0 0.8486111111111111 0.3678899082568807 0.013888888888888888 0.04220183486238532
0 0.8430555555555556 0.3339449541284404 0.013888888888888888 0.04036697247706422
0 0.8583333333333333 0.3302752293577982 0.013888888888888888 0.04036697247706422
0 0.8715277777777778 0.3201834862385321 0.0125 0.04220183486238532
0 0.9097222222222222 0.3504587155963303 0.013888888888888888 0.047706422018348627
0 0.9 0.3403669724770642 0.011111111111111112 0.045871559633027525
0 0.8506944444444444 0.2889908256880734 0.015277777777777777 0.045871559633027525
0 0.8180555555555555 0.25504587155963304 0.011111111111111112 0.044036697247706424
0 0.8083333333333333 0.25688073394495414 0.011111111111111112 0.044036697247706424
0 0.8 0.25871559633027524 0.013888888888888888 0.04036697247706422
0 0.7895833333333333 0.25779816513761467 0.0125 0.04220183486238532
0 0.7694444444444445 0.25688073394495414 0.013888888888888888 0.04036697247706422
0 0.7590277777777777 0.25321100917431194 0.0125 0.03302752293577982
0 0.7659722222222223 0.24311926605504589 0.015277777777777777 0.03486238532110092
0 0.7527777777777778 0.24036697247706423 0.011111111111111112 0.03669724770642202
0 0.7444444444444445 0.24311926605504589 0.011111111111111112 0.03486238532110092
0 0.7763888888888889 0.1908256880733945 0.011111111111111112 0.025688073394495414
0 0.6680555555555555 0.13669724770642203 0.008333333333333333 0.023853211009174313
0 0.6291666666666667 0.19541284403669726 0.011111111111111112 0.031192660550458717
0 0.6347222222222222 0.1926605504587156 0.011111111111111112 0.03302752293577982
