0 0.04236111111111111 0.6477064220183486 0.018055555555555554 0.05137614678899083
0 0.07083333333333333 0.6467889908256881 0.022222222222222223 0.05321100917431193
0 0.059027777777777776 0.6321100917431193 0.015277777777777777 0.04220183486238532
0 0.19583333333333333 0.6155963302752293 0.022222222222222223 0.04220183486238532
0 0.24791666666666667 0.673394495412844 0.018055555555555554 0.05137614678899083
0 0.36041666666666666 0.6284403669724771 0.015277777777777777 0.04954128440366973
0 0.35694444444444445 0.6119266055045871 0.022222222222222223 0.04954128440366973
0 0.09375 0.773394495412844 0.018055555555555554 0.03853211009174312
0 0.08263888888888889 0.7779816513761468 0.02361111111111111 0.05137614678899083
0 0.0625 0.7990825688073394 0.022222222222222223 0.045871559633027525
0 0.04791666666666667 0.8055045871559633 0.020833333333333332 0.05871559633027523
0 0.022222222222222223 0.8541284403669724 0.019444444444444445 0.04954128440366973
0 0.2611111111111111 0.42477064220183486 0.022222222222222223 0.06422018348623854
0 0.8875 0.6935779816513762 0.041666666666666664 0.047706422018348627
0 0.8833333333333333 0.689908256880734 0.03333333333333333 0.044036697247706424
