0 0.3333333333333333 0.03140096618357488 0.016666666666666666 0.06280193236714976
0 0.6180555555555556 0.18478260869565216 0.025 0.06038647342995169
0 0.9305555555555556 0.5084541062801933 0.030555555555555555 0.06038647342995169
0 0.9284722222222223 0.5664251207729468 0.029166666666666667 0.07004830917874397
0 0.9756944444444444 0.4758454106280193 0.02361111111111111 0.057971014492753624
0 0.9729166666666667 0.40942028985507245 0.02638888888888889 0.06521739130434782
0 0.9777777777777777 0.4396135265700483 0.027777777777777776 0.057971014492753624
0 0.9513888888888888 0.5628019323671497 0.030555555555555555 0.06280193236714976
0 0.9805555555555555 0.6727053140096618 0.025 0.04589371980676329
0 0.56875 0.18478260869565216 0.018055555555555554 0.06521739130434782
0 0.5548611111111111 0.19806763285024154 0.02361111111111111 0.07246376811594203
0 0.34305555555555556 0.0640096618357488 0.019444444444444445 0.05555555555555555
