0 0.5486111111111112 0.7427536231884058 0.005555555555555556 0.016908212560386472
0 0.6305555555555555 0.7657004830917874 0.005555555555555556 0.00966183574879227
0 0.6368055555555555 0.7596618357487923 0.004166666666666667 0.012077294685990338
0 0.65 0.7584541062801933 0.005555555555555556 0.01932367149758454
0 0.6576388888888889 0.7584541062801933 0.004166666666666667 0.01932367149758454
0 0.7131944444444445 0.7415458937198067 0.004166666666666667 0.014492753623188406
0 0.7763888888888889 0.6980676328502415 0.005555555555555556 0.01932367149758454
0 0.7854166666666667 0.717391304347826 0.004166666666666667 0.01932367149758454
0 0.7673611111111112 0.6920289855072463 0.004166666666666667 0.016908212560386472
0 0.7729166666666667 0.7137681159420289 0.004166666666666667 0.012077294685990338
0 0.9597222222222223 0.8731884057971014 0.005555555555555556 0.021739130434782608
0 0.7625 0.9263285024154589 0.005555555555555556 0.021739130434782608
0 0.6618055555555555 0.9806763285024155 0.006944444444444444 0.01932367149758454
