0 0.2125 0.13669724770642203 0.005555555555555556 0.005504587155963303
0 0.1909722222222222 0.2467889908256881 0.004166666666666667 0.012844036697247707
0 0.22847222222222222 0.2724770642201835 0.004166666666666667 0.009174311926605505
0 0.2826388888888889 0.28073394495412846 0.004166666666666667 0.011009174311926606
0 0.1701388888888889 0.3284403669724771 0.004166666666666667 0.014678899082568808
0 0.2548611111111111 0.3559633027522936 0.004166666666666667 0.011009174311926606
0 0.3611111111111111 0.41467889908256883 0.005555555555555556 0.01834862385321101
0 0.41388888888888886 0.43853211009174314 0.005555555555555556 0.022018348623853212
0 0.14444444444444443 0.7293577981651376 0.008333333333333333 0.02018348623853211
0 0.18055555555555555 0.7155963302752294 0.011111111111111112 0.03302752293577982
0 0.13125 0.4926605504587156 0.004166666666666667 0.02018348623853211
