0 0.8388888888888889 0.13302752293577982 0.025 0.03853211009174312
0 0.8986111111111111 0.12752293577981652 0.03333333333333333 0.05321100917431193
0 0.7881944444444444 0.17339449541284405 0.02638888888888889 0.03486238532110092
0 0.6375 0.3623853211009174 0.030555555555555555 0.03853211009174312
0 0.3701388888888889 0.5559633027522936 0.02361111111111111 0.029357798165137616
0 0.3645833333333333 0.5614678899082569 0.020833333333333332 0.025688073394495414
0 0.38125 0.5504587155963303 0.020833333333333332 0.022018348623853212
0 0.3486111111111111 0.5642201834862385 0.025 0.02018348623853211
0 0.29791666666666666 0.6908256880733945 0.02638888888888889 0.03486238532110092
0 0.33125 0.5880733944954128 0.03194444444444444 0.027522935779816515
