0 0.6423611111111112 0.023853211009174313 0.006944444444444444 0.029357798165137616
0 0.6645833333333333 0.14311926605504588 0.009722222222222222 0.03302752293577982
0 0.6305555555555555 0.009174311926605505 0.005555555555555556 0.01834862385321101
0 0.6083333333333333 0.8 0.008333333333333333 0.04036697247706422
0 0.6166666666666667 0.791743119266055 0.008333333333333333 0.04220183486238532
0 0.6763888888888889 0.13853211009174313 0.005555555555555556 0.02018348623853211
0 0.9680555555555556 0.0834862385321101 0.005555555555555556 0.023853211009174313
0 0.7979166666666667 0.3284403669724771 0.006944444444444444 0.029357798165137616
0 0.9486111111111111 0.42935779816513764 0.013888888888888888 0.03669724770642202
0 0.9791666666666666 0.25137614678899084 0.008333333333333333 0.03669724770642202
0 0.9895833333333334 0.25229357798165136 0.006944444444444444 0.027522935779816515
0 0.9902777777777778 0.6422018348623854 0.013888888888888888 0.03302752293577982
