0 0.7444444444444445 0.6316425120772947 0.008333333333333333 0.04106280193236715
0 0.725 0.6268115942028986 0.011111111111111112 0.04589371980676329
0 0.7361111111111112 0.6195652173913043 0.008333333333333333 0.036231884057971016
0 0.7298611111111111 0.6014492753623188 0.009722222222222222 0.03864734299516908
0 0.7291666666666666 0.3188405797101449 0.005555555555555556 0.033816425120772944
0 0.7388888888888889 0.3176328502415459 0.005555555555555556 0.03140096618357488
0 0.7319444444444444 0.30917874396135264 0.008333333333333333 0.033816425120772944
0 0.7395833333333334 0.30193236714975846 0.006944444444444444 0.028985507246376812
0 0.7465277777777778 0.30917874396135264 0.006944444444444444 0.03864734299516908
0 0.9993055555555556 0.2584541062801932 0.006944444444444444 0.033816425120772944
0 0.9777777777777777 0.24033816425120774 0.005555555555555556 0.026570048309178744
0 0.8256944444444444 0.00966183574879227 0.004166666666666667 0.01932367149758454
0 0.89375 0.11835748792270531 0.006944444444444444 0.028985507246376812
