0 0.18542 0.63211 0.01806 0.07156
0 0.2125 0.63578 0.02222 0.07523
0 0.24931 0.65046 0.02083 0.07523
0 0.28611 0.64037 0.01944 0.06606
0 0.4 0.65138 0.02222 0.07339
0 0.40208 0.71835 0.02083 0.08257
0 0.45833 0.81193 0.025 0.09725
0 0.55694 0.70275 0.02778 0.08807
0 0.62153 0.70917 0.03472 0.10826
0 0.675 0.71927 0.025 0.10275
0 0.55694 0.61193 0.025 0.07156
0 0.33056 0.50642 0.01667 0.04037
0 0.37361 0.52844 0.01111 0.03303
0 0.37708 0.49633 0.01528 0.04954
0 0.72361 0.74037 0.03611 0.10459
0 0.78125 0.77706 0.02917 0.0789
0 0.79375 0.7633 0.02361 0.0844
0 0.64375 0.64404 0.02361 0.08073
0 0.40347 0.84587 0.03194 0.10642
0 0.54236 0.82385 0.0375 0.09541
0 0.54236 0.86881 0.03472 0.10459
0 0.51806 0.94771 0.03611 0.10459
0 0.48472 0.91743 0.04167 0.12477
0 0.49375 0.8789 0.03194 0.10642
0 0.44931 0.87982 0.03194 0.10826
0 0.42778 0.90367 0.025 0.07156
0 0.52639 0.52477 0.01667 0.04404
0 0.52153 0.51284 0.01528 0.0422
0 0.49236 0.49633 0.01528 0.0422
0 0.43403 0.49266 0.01528 0.04954
0 0.55278 0.94954 0.03889 0.10092
0 0.52083 0.94587 0.03611 0.10826
0 0.49653 0.96422 0.02917 0.07156
0 0.44097 0.94954 0.0375 0.10092
0 0.37639 0.3578 0.00833 0.01835
0 0.36389 0.35688 0.00833 0.02018
0 0.39514 0.40642 0.00694 0.03119
0 0.38472 0.40459 0.00556 0.02385
0 0.44583 0.49358 0.01111 0.0367
0 0.45278 0.48991 0.01111 0.04771
0 0.45903 0.4789 0.0125 0.04771
0 0.425 0.44862 0.00833 0.03486
0 0.39931 0.44404 0.00972 0.0367
0 0.41667 0.40734 0.01111 0.02936
0 0.40764 0.43211 0.00972 0.03119
0 0.40486 0.42477 0.00694 0.03853
0 0.43542 0.44954 0.00972 0.0367
0 0.41944 0.44862 0.00833 0.02752
0 0.55 0.54954 0.01667 0.05688
0 0.72639 0.59083 0.01944 0.06606
0 0.83194 0.96972 0.04167 0.06055
0 0.10972 0.41927 0.00833 0.03119
