0 0.79722 0.32569 0.04722 0.07156
0 0.05694 0.17798 0.02778 0.04037
0 0.07708 0.24495 0.02361 0.05321
0 0.21667 0.13761 0.01944 0.04404
0 0.20694 0.6422 0.03056 0.04404
0 0.44861 0.54312 0.02222 0.04771
0 0.48056 0.02569 0.03611 0.0367
0 0.49653 0.69908 0.03194 0.05505
0 0.47708 0.67798 0.01806 0.03853
0 0.41181 0.79174 0.03194 0.06422
0 0.69583 0.89083 0.04722 0.0422
0 0.68472 0.85046 0.03889 0.03486
0 0.17917 0.0211 0.025 0.0422
0 0.06458 0.09541 0.03194 0.04771
0 0.40417 0.65505 0.03056 0.05138
0 0.41875 0.6422 0.02917 0.04771
0 0.19792 0.19083 0.02083 0.04404
0 0.21042 0.20734 0.0125 0.03303
0 0.27222 0.60826 0.02778 0.04587
