0 0.00694 0.75845 0.01389 0.04831
0 0.02708 0.74396 0.0125 0.05314
0 0.02639 0.75845 0.01667 0.05797
0 0.04653 0.54106 0.0125 0.04831
0 0.03403 0.53502 0.0125 0.06522
0 0.02361 0.48551 0.01667 0.04831
0 0.00764 0.09662 0.01528 0.0628
0 0.25 0.53744 0.01389 0.04106
0 0.26528 0.54106 0.01667 0.02899
0 0.28333 0.43961 0.01667 0.04831
0 0.30069 0.40459 0.00972 0.05072
0 0.14653 0.50966 0.04028 0.02899
0 0.14097 0.47222 0.01528 0.0314
0 0.08819 0.40217 0.01528 0.03623
0 0.10347 0.39976 0.01806 0.03623
0 0.16319 0.31763 0.0125 0.0314
0 0.17014 0.24879 0.0125 0.05797
0 0.14306 0.30072 0.01389 0.0314
0 0.11389 0.37319 0.01111 0.0314
0 0.22917 0.15097 0.01111 0.02657
0 0.03958 0.31643 0.01528 0.03382
0 0.03889 0.30314 0.01389 0.03623
0 0.10625 0.29227 0.01528 0.04831
0 0.11944 0.29348 0.00833 0.0314
