0 0.3333333333333333 0.23302752293577983 0.013888888888888888 0.03302752293577982
0 0.54375 0.3100917431192661 0.0125 0.03669724770642202
0 0.5534722222222223 0.3100917431192661 0.0125 0.03669724770642202
0 0.3784722222222222 0.9119266055045872 0.04027777777777778 0.05871559633027523
0 0.37569444444444444 0.9495412844036697 0.043055555555555555 0.07889908256880734
0 0.42291666666666666 0.9467889908256881 0.04861111111111111 0.06605504587155964
0 0.42569444444444443 0.9256880733944954 0.04027777777777778 0.060550458715596334
0 0.9361111111111111 0.8954128440366973 0.058333333333333334 0.09908256880733946
0 0.9833333333333333 0.9385321100917431 0.03333333333333333 0.08990825688073395
0 0.95625 0.9458715596330275 0.02638888888888889 0.06422018348623854
0 0.027083333333333334 0.344954128440367 0.0125 0.047706422018348627
