0 0.9055555555555556 0.9706422018348624 0.011111111111111112 0.022018348623853212
0 0.90625 0.9642201834862385 0.009722222222222222 0.02018348623853211
0 0.8194444444444444 0.8339449541284404 0.011111111111111112 0.02018348623853211
0 0.7673611111111112 0.7357798165137615 0.009722222222222222 0.022018348623853212
0 0.8840277777777777 0.5825688073394495 0.006944444444444444 0.012844036697247707
0 0.9451388888888889 0.5825688073394495 0.009722222222222222 0.012844036697247707
0 0.6541666666666667 0.5541284403669725 0.013888888888888888 0.01834862385321101
0 0.7375 0.42293577981651376 0.013888888888888888 0.01651376146788991
0 0.96875 0.3357798165137615 0.009722222222222222 0.01834862385321101
0 0.8319444444444445 0.05321100917431193 0.008333333333333333 0.01834862385321101
0 0.7708333333333334 0.3458715596330275 0.008333333333333333 0.027522935779816515
0 0.7 0.3302752293577982 0.008333333333333333 0.025688073394495414
