0 0.73958 0.52844 0.04583 0.10642
0 0.10972 0.43211 0.03611 0.08991
0 0.04722 0.48532 0.025 0.08991
0 0.72778 0.99908 0.06944 0.1156
0 0.51111 0.64587 0.05 0.09908
0 0.14931 0.2789 0.02361 0.07706
0 0.16389 0.30642 0.01944 0.07339
0 0.18194 0.29908 0.025 0.07706
0 0.17778 0.29083 0.02222 0.09725
0 0.16875 0.27064 0.02361 0.08257
0 0.14861 0.25321 0.02778 0.08807
0 0.10625 0.17706 0.0125 0.06789
0 0.12014 0.16881 0.01806 0.0367
0 0.90208 0.05505 0.01528 0.05505
0 0.86875 0.04037 0.02361 0.05872
0 0.91181 0.03028 0.0125 0.04954
0 0.92986 0.03578 0.02361 0.03119
0 0.93819 0.12294 0.02361 0.05138
0 0.93125 0.15596 0.02083 0.0367
0 0.81181 0.14771 0.02917 0.04954
0 0.81042 0.06789 0.02083 0.04037
0 0.82361 0.04771 0.01944 0.05505
0 0.83472 0.04404 0.02222 0.06239
