0 0.7715277777777778 0.5862385321100917 0.006944444444444444 0.02018348623853211
0 0.775 0.6119266055045871 0.011111111111111112 0.027522935779816515
0 0.7305555555555555 0.41651376146788993 0.008333333333333333 0.01834862385321101
0 0.7201388888888889 0.563302752293578 0.0125 0.025688073394495414
0 0.8388888888888889 0.755045871559633 0.011111111111111112 0.02018348623853211
0 0.8763888888888889 0.7275229357798165 0.008333333333333333 0.02018348623853211
0 0.8625 0.7045871559633028 0.008333333333333333 0.01834862385321101
0 0.7805555555555556 0.9743119266055046 0.005555555555555556 0.025688073394495414
0 0.41458333333333336 0.5045871559633027 0.009722222222222222 0.014678899082568808
0 0.9465277777777777 0.43577981651376146 0.009722222222222222 0.01651376146788991
0 0.9638888888888889 0.46605504587155966 0.011111111111111112 0.01834862385321101
0 0.9972222222222222 0.43669724770642204 0.008333333333333333 0.022018348623853212
0 0.9833333333333333 0.42568807339449544 0.005555555555555556 0.025688073394495414
0 0.9 0.8642201834862385 0.013888888888888888 0.03302752293577982
0 0.8381944444444445 0.9522935779816514 0.009722222222222222 0.029357798165137616
0 0.5791666666666667 0.8706422018348624 0.011111111111111112 0.027522935779816515
0 0.5888888888888889 0.8458715596330275 0.011111111111111112 0.025688073394495414
0 0.60625 0.8376146788990826 0.0125 0.01651376146788991
0 0.6 0.8458715596330275 0.013888888888888888 0.025688073394495414
0 0.10625 0.8761467889908257 0.018055555555555554 0.027522935779816515
