0 0.7041666666666667 0.2886473429951691 0.013888888888888888 0.04106280193236715
0 0.6881944444444444 0.2717391304347826 0.009722222222222222 0.012077294685990338
0 0.7833333333333333 0.2632850241545894 0.022222222222222223 0.04830917874396135
0 0.7736111111111111 0.3442028985507246 0.016666666666666666 0.03140096618357488
0 0.7611111111111111 0.178743961352657 0.013888888888888888 0.043478260869565216
0 0.7333333333333333 0.18961352657004832 0.013888888888888888 0.050724637681159424
0 0.7465277777777778 0.18478260869565216 0.018055555555555554 0.06038647342995169
0 0.8909722222222223 0.6678743961352657 0.018055555555555554 0.04589371980676329
0 0.8708333333333333 0.6304347826086957 0.016666666666666666 0.03864734299516908
0 0.9055555555555556 0.6328502415458938 0.016666666666666666 0.043478260869565216
0 0.9840277777777777 0.27898550724637683 0.018055555555555554 0.04106280193236715
0 0.6965277777777777 0.22946859903381642 0.018055555555555554 0.057971014492753624
0 0.8826388888888889 0.027777777777777776 0.020833333333333332 0.05555555555555555
