0 0.3729166666666667 0.25 0.0125 0.050724637681159424
0 0.4222222222222222 0.322463768115942 0.016666666666666666 0.050724637681159424
0 0.38333333333333336 0.3055555555555556 0.011111111111111112 0.03140096618357488
0 0.40625 0.3248792270531401 0.0125 0.04106280193236715
0 0.40625 0.3417874396135266 0.009722222222222222 0.04106280193236715
0 0.41597222222222224 0.357487922705314 0.009722222222222222 0.03864734299516908
0 0.6298611111111111 0.42028985507246375 0.006944444444444444 0.033816425120772944
0 0.26666666666666666 0.6461352657004831 0.019444444444444445 0.04589371980676329
0 0.20972222222222223 0.5567632850241546 0.016666666666666666 0.04589371980676329
0 0.13194444444444445 0.4420289855072464 0.013888888888888888 0.03864734299516908
0 0.1597222222222222 0.4227053140096618 0.022222222222222223 0.05314009661835749
0 0.14305555555555555 0.4082125603864734 0.016666666666666666 0.04830917874396135
0 0.15138888888888888 0.3997584541062802 0.011111111111111112 0.05555555555555555
0 0.1597222222222222 0.3973429951690821 0.013888888888888888 0.04589371980676329
0 0.6270833333333333 0.4468599033816425 0.018055555555555554 0.043478260869565216
0 0.12986111111111112 0.44806763285024154 0.015277777777777777 0.050724637681159424
0 0.22708333333333333 0.5905797101449275 0.020833333333333332 0.050724637681159424
0 0.24375 0.6533816425120773 0.020833333333333332 0.06038647342995169
0 0.8270833333333333 0.051932367149758456 0.0125 0.050724637681159424
0 0.8618055555555556 0.06280193236714976 0.0125 0.043478260869565216
0 0.7895833333333333 0.15096618357487923 0.0125 0.04589371980676329
0 0.8208333333333333 0.1473429951690821 0.013888888888888888 0.05314009661835749
0 0.8069444444444445 0.11835748792270531 0.005555555555555556 0.028985507246376812
0 0.8555555555555555 0.10144927536231885 0.011111111111111112 0.043478260869565216
0 0.8729166666666667 0.10265700483091787 0.0125 0.04589371980676329
0 0.8951388888888889 0.1292270531400966 0.0125 0.04589371980676329
0 0.9201388888888888 0.022946859903381644 0.009722222222222222 0.04589371980676329
0 0.9368055555555556 0.06884057971014493 0.009722222222222222 0.04106280193236715
0 0.9673611111111111 0.0640096618357488 0.009722222222222222 0.04106280193236715
0 0.9576388888888889 0.06280193236714976 0.006944444444444444 0.043478260869565216
0 0.8486111111111111 0.35990338164251207 0.011111111111111112 0.03864734299516908
0 0.8430555555555556 0.0929951690821256 0.013888888888888888 0.04106280193236715
0 0.9701388888888889 0.036231884057971016 0.015277777777777777 0.033816425120772944
0 0.8152777777777778 0.10507246376811594 0.011111111111111112 0.036231884057971016
0 0.8486111111111111 0.5615942028985508 0.011111111111111112 0.03140096618357488
