0 0.5861111111111111 0.06521739130434782 0.008333333333333333 0.033816425120772944
0 0.20347222222222222 0.007246376811594203 0.009722222222222222 0.014492753623188406
0 0.20833333333333334 0.0893719806763285 0.011111111111111112 0.033816425120772944
0 0.23402777777777778 0.1473429951690821 0.009722222222222222 0.03864734299516908
0 0.2298611111111111 0.15579710144927536 0.009722222222222222 0.036231884057971016
0 0.22847222222222222 0.20652173913043478 0.0125 0.04106280193236715
0 0.24305555555555555 0.20048309178743962 0.011111111111111112 0.033816425120772944
0 0.23819444444444443 0.19082125603864733 0.0125 0.03864734299516908
0 0.2604166666666667 0.19806763285024154 0.009722222222222222 0.043478260869565216
0 0.22777777777777777 0.20531400966183574 0.011111111111111112 0.03864734299516908
0 0.22916666666666666 0.23309178743961353 0.013888888888888888 0.04106280193236715
0 0.2388888888888889 0.2669082125603865 0.011111111111111112 0.036231884057971016
0 0.3215277777777778 0.5664251207729468 0.0125 0.036231884057971016
0 0.33055555555555555 0.6594202898550725 0.013888888888888888 0.043478260869565216
0 0.3819444444444444 0.8309178743961353 0.011111111111111112 0.043478260869565216
0 0.3611111111111111 0.9130434782608695 0.011111111111111112 0.057971014492753624
