0 0.39305555555555555 0.26330275229357797 0.041666666666666664 0.11192660550458716
0 0.46111111111111114 0.1963302752293578 0.05 0.11009174311926606
0 0.7381944444444445 0.07155963302752294 0.029166666666666667 0.10642201834862386
0 0.17708333333333334 0.07522935779816514 0.0375 0.09541284403669725
0 0.6930555555555555 0.2706422018348624 0.03333333333333333 0.11926605504587157
0 0.6986111111111111 0.29174311926605506 0.027777777777777776 0.09541284403669725
0 0.3458333333333333 0.08256880733944955 0.03611111111111111 0.06972477064220184
0 0.3215277777777778 0.0779816513761468 0.034722222222222224 0.060550458715596334
0 0.019444444444444445 0.18623853211009175 0.03888888888888889 0.08990825688073395
0 0.022222222222222223 0.22660550458715598 0.044444444444444446 0.05688073394495413
0 0.10208333333333333 0.07339449541284404 0.04027777777777778 0.06605504587155964
0 0.14583333333333334 0.06788990825688074 0.03333333333333333 0.08440366972477065
0 0.08888888888888889 0.10091743119266056 0.030555555555555555 0.08073394495412844
0 0.12083333333333333 0.0963302752293578 0.03333333333333333 0.08256880733944955
0 0.08680555555555555 0.14220183486238533 0.029166666666666667 0.04954128440366973
0 0.11458333333333333 0.13027522935779817 0.04583333333333333 0.062385321100917435
0 0.0875 0.20917431192660552 0.03611111111111111 0.06972477064220184
0 0.08263888888888889 0.1963302752293578 0.0375 0.07706422018348624
0 0.13541666666666666 0.18990825688073396 0.0375 0.06422018348623854
0 0.20416666666666666 0.16422018348623854 0.044444444444444446 0.07155963302752294
0 0.20625 0.18073394495412845 0.0375 0.06788990825688074
