0 0.14305555555555555 0.34057971014492755 0.008333333333333333 0.028985507246376812
0 0.13125 0.3393719806763285 0.006944444444444444 0.026570048309178744
0 0.3451388888888889 0.46256038647342995 0.006944444444444444 0.03140096618357488
0 0.3638888888888889 0.4492753623188406 0.005555555555555556 0.024154589371980676
0 0.37916666666666665 0.46497584541062803 0.005555555555555556 0.026570048309178744
0 0.3888888888888889 0.463768115942029 0.005555555555555556 0.024154589371980676
0 0.3548611111111111 0.4673913043478261 0.006944444444444444 0.03140096618357488
0 0.46875 0.6461352657004831 0.0125 0.016908212560386472
0 0.8625 0.6340579710144928 0.008333333333333333 0.036231884057971016
0 0.9881944444444445 0.7137681159420289 0.009722222222222222 0.04589371980676329
0 0.8041666666666667 0.8538647342995169 0.013888888888888888 0.026570048309178744
0 0.7986111111111112 0.8103864734299517 0.013888888888888888 0.012077294685990338
0 0.8208333333333333 0.8538647342995169 0.011111111111111112 0.026570048309178744
0 0.8409722222222222 0.8804347826086957 0.006944444444444444 0.026570048309178744
