0 0.14444 0.62661 0.00833 0.02018
0 0.18403 0.64771 0.00694 0.01101
0 0.21042 0.67615 0.00694 0.01651
0 0.17986 0.67064 0.00972 0.01651
0 0.15625 0.68991 0.00694 0.01835
0 0.12708 0.49358 0.00694 0.01101
0 0.1125 0.46239 0.00833 0.01468
0 0.09861 0.45138 0.00556 0.01101
0 0.075 0.34954 0.00556 0.01284
0 0.09097 0.35138 0.00694 0.01284
0 0.07083 0.31376 0.00556 0.00734
0 0.3 0.61193 0.00556 0.01651
0 0.29306 0.61193 0.00556 0.02018
0 0.28056 0.61101 0.00556 0.02202
0 0.27708 0.61468 0.00694 0.02202
0 0.22778 0.55046 0.00556 0.01468
0 0.24097 0.55321 0.00417 0.01651
