0 0.88889 0.28624 0.02222 0.05872
0 0.65833 0.17982 0.01944 0.06239
0 0.62708 0.18807 0.01806 0.05321
0 0.57639 0.19174 0.01667 0.04954
0 0.42431 0.17615 0.02083 0.05505
0 0.49514 0.11835 0.02083 0.04954
0 0.52361 0.14862 0.01944 0.04404
0 0.52153 0.11468 0.0125 0.05321
0 0.54861 0.12202 0.01667 0.04954
0 0.5625 0.12018 0.01667 0.0422
0 0.56528 0.0945 0.01944 0.0422
0 0.51181 0.03119 0.01528 0.02569
0 0.525 0.07156 0.01667 0.02569
0 0.52778 0.08624 0.01389 0.02569
0 0.58125 0.15413 0.01528 0.05138
0 0.575 0.14862 0.01389 0.05138
0 0.53194 0.18073 0.01944 0.03119
0 0.37083 0.2633 0.025 0.05688
0 0.40486 0.26055 0.02639 0.05505
0 0.37361 0.23119 0.02222 0.05138
0 0.38403 0.22569 0.01806 0.04771
0 0.40069 0.21927 0.02639 0.06055
0 0.38472 0.2055 0.025 0.05872
0 0.69792 0.39633 0.01806 0.04037
