0 0.08680555555555555 0.9214975845410628 0.015277777777777777 0.04589371980676329
0 0.375 0.9468599033816425 0.016666666666666666 0.05314009661835749
0 0.3854166666666667 0.966183574879227 0.018055555555555554 0.057971014492753624
0 0.42083333333333334 0.8128019323671497 0.019444444444444445 0.05555555555555555
0 0.4527777777777778 0.7318840579710145 0.022222222222222223 0.05314009661835749
0 0.47291666666666665 0.7898550724637681 0.018055555555555554 0.05314009661835749
0 0.4625 0.783816425120773 0.013888888888888888 0.07004830917874397
0 0.5847222222222223 0.42632850241545894 0.019444444444444445 0.04589371980676329
0 0.17777777777777778 0.9082125603864735 0.022222222222222223 0.043478260869565216
0 0.04791666666666667 0.9927536231884058 0.018055555555555554 0.057971014492753624
0 0.04583333333333333 0.9879227053140096 0.013888888888888888 0.043478260869565216
0 0.46944444444444444 0.748792270531401 0.016666666666666666 0.05314009661835749
0 0.5173611111111112 0.5664251207729468 0.015277777777777777 0.050724637681159424
0 0.5111111111111111 0.5905797101449275 0.011111111111111112 0.021739130434782608
