0 0.6548611111111111 0.8442028985507246 0.004166666666666667 0.016908212560386472
0 0.6416666666666667 0.8128019323671497 0.005555555555555556 0.016908212560386472
0 0.6520833333333333 0.8405797101449275 0.004166666666666667 0.014492753623188406
0 0.5826388888888889 0.7077294685990339 0.004166666666666667 0.014492753623188406
0 0.8611111111111112 0.8900966183574879 0.008333333333333333 0.03140096618357488
0 0.8930555555555556 0.9082125603864735 0.005555555555555556 0.024154589371980676
0 0.8763888888888889 0.9359903381642513 0.008333333333333333 0.03140096618357488
0 0.9 0.8864734299516909 0.005555555555555556 0.024154589371980676
0 0.9152777777777777 0.9021739130434783 0.005555555555555556 0.021739130434782608
0 0.9263888888888889 0.9154589371980676 0.005555555555555556 0.028985507246376812
