0 0.21875 0.357487922705314 0.006944444444444444 0.043478260869565216
0 0.10972222222222222 0.18357487922705315 0.005555555555555556 0.01932367149758454
0 0.10347222222222222 0.18478260869565216 0.004166666666666667 0.021739130434782608
0 0.24513888888888888 0.17149758454106281 0.043055555555555555 0.05314009661835749
0 0.21805555555555556 0.07125603864734299 0.005555555555555556 0.026570048309178744
0 0.2222222222222222 0.043478260869565216 0.005555555555555556 0.024154589371980676
0 0.07083333333333333 0.04710144927536232 0.005555555555555556 0.021739130434782608
0 0.4576388888888889 0.33695652173913043 0.006944444444444444 0.016908212560386472
0 0.4583333333333333 0.3538647342995169 0.005555555555555556 0.021739130434782608
0 0.13958333333333334 0.7801932367149759 0.006944444444444444 0.024154589371980676
0 0.75 0.3285024154589372 0.005555555555555556 0.024154589371980676
