0 0.44513888888888886 0.5229468599033816 0.02361111111111111 0.07004830917874397
0 0.8652777777777778 0.36231884057971014 0.019444444444444445 0.06763285024154589
0 0.16805555555555557 0.3538647342995169 0.019444444444444445 0.04589371980676329
0 0.3993055555555556 0.39009661835748793 0.020833333333333332 0.07971014492753623
0 0.1326388888888889 0.3997584541062802 0.02361111111111111 0.05555555555555555
0 0.1111111111111111 0.40096618357487923 0.030555555555555555 0.057971014492753624
0 0.1111111111111111 0.4166666666666667 0.016666666666666666 0.04106280193236715
0 0.3145833333333333 0.4601449275362319 0.015277777777777777 0.050724637681159424
0 0.1638888888888889 0.4359903381642512 0.022222222222222223 0.06038647342995169
0 0.47638888888888886 0.025362318840579712 0.019444444444444445 0.050724637681159424
0 0.9923611111111111 0.9927536231884058 0.018055555555555554 0.057971014492753624
0 0.9902777777777778 0.9879227053140096 0.013888888888888888 0.043478260869565216
