0 0.43472222222222223 0.27522935779816515 0.027777777777777776 0.09174311926605505
0 0.3375 0.1871559633027523 0.019444444444444445 0.07706422018348624
0 0.2743055555555556 0.21467889908256882 0.020833333333333332 0.08807339449541285
0 0.24722222222222223 0.26513761467889907 0.025 0.08256880733944955
0 0.15902777777777777 0.07889908256880734 0.020833333333333332 0.07706422018348624
0 0.14166666666666666 0.06422018348623854 0.019444444444444445 0.062385321100917435
0 0.2111111111111111 0.05871559633027523 0.022222222222222223 0.07706422018348624
0 0.18125 0.0779816513761468 0.020833333333333332 0.060550458715596334
0 0.34652777777777777 0.3192660550458716 0.020833333333333332 0.08073394495412844
0 0.3548611111111111 0.3412844036697248 0.02361111111111111 0.08807339449541285
0 0.6361111111111111 0.7926605504587156 0.044444444444444446 0.09174311926605505
0 0.6736111111111112 0.8623853211009175 0.05277777777777778 0.09541284403669725
0 0.6861111111111111 0.9146788990825688 0.04722222222222222 0.08990825688073395
0 0.7131944444444445 0.9403669724770642 0.04861111111111111 0.11192660550458716
0 0.4027777777777778 0.7155963302752294 0.016666666666666666 0.05137614678899083
0 0.2625 0.46055045871559636 0.03333333333333333 0.07339449541284404
0 0.05555555555555555 0.024770642201834864 0.022222222222222223 0.04954128440366973
0 0.6395833333333333 0.7055045871559633 0.0375 0.10091743119266056
0 0.6513888888888889 0.7256880733944954 0.044444444444444446 0.08256880733944955
