0 0.5576388888888889 0.2036697247706422 0.015277777777777777 0.05137614678899083
0 0.5444444444444444 0.2036697247706422 0.013888888888888888 0.047706422018348627
0 0.5493055555555556 0.13944954128440368 0.0125 0.047706422018348627
0 0.5368055555555555 0.14036697247706423 0.0125 0.04954128440366973
0 0.4576388888888889 0.0944954128440367 0.015277777777777777 0.04954128440366973
0 0.47708333333333336 0.0963302752293578 0.015277777777777777 0.04954128440366973
0 0.5006944444444444 0.11651376146788991 0.0125 0.03853211009174312
0 0.5166666666666667 0.11834862385321102 0.011111111111111112 0.04220183486238532
0 0.5263888888888889 0.11743119266055047 0.011111111111111112 0.047706422018348627
0 0.32083333333333336 0.03486238532110092 0.011111111111111112 0.022018348623853212
0 0.4131944444444444 0.5009174311926605 0.015277777777777777 0.029357798165137616
0 0.29583333333333334 0.5642201834862385 0.013888888888888888 0.027522935779816515
