0 0.81319 0.60826 0.01528 0.03853
0 0.88611 0.70275 0.01667 0.05138
0 0.82847 0.81101 0.02083 0.06239
0 0.73889 0.79266 0.025 0.06972
0 0.69167 0.82202 0.02222 0.05872
0 0.61181 0.69541 0.01528 0.04771
0 0.63611 0.68165 0.01111 0.04587
0 0.58125 0.80917 0.01806 0.06606
0 0.58056 0.87982 0.02222 0.06422
0 0.4375 0.91284 0.01944 0.06789
0 0.41806 0.94404 0.02222 0.0789
0 0.4875 0.97248 0.01111 0.05505
0 0.25347 0.95413 0.02083 0.0844
0 0.19514 0.94771 0.01528 0.08257
0 0.22847 0.95688 0.01806 0.08257
0 0.21597 0.92385 0.03194 0.03853
0 0.09792 0.85505 0.0125 0.06606
0 0.76111 0.93761 0.03333 0.0367
