0 0.7777777777777778 0.3091743119266055 0.05555555555555555 0.11926605504587157
0 0.5104166666666666 0.2834862385321101 0.05416666666666667 0.12660550458715597
0 0.3763888888888889 0.2761467889908257 0.05277777777777778 0.13027522935779817
0 0.13541666666666666 0.21376146788990827 0.05138888888888889 0.11926605504587157
0 0.2798611111111111 0.41926605504587156 0.07916666666666666 0.12293577981651377
0 0.30625 0.3926605504587156 0.0625 0.12477064220183487
0 0.12916666666666668 0.07522935779816514 0.03888888888888889 0.10275229357798166
0 0.14097222222222222 0.05137614678899083 0.04583333333333333 0.08807339449541285
0 0.5645833333333333 0.21100917431192662 0.0375 0.12110091743119267
0 0.6069444444444444 0.20458715596330276 0.041666666666666664 0.09357798165137615
0 0.7569444444444444 0.10275229357798166 0.041666666666666664 0.09541284403669725
0 0.5256944444444445 0.10366972477064221 0.04027777777777778 0.08256880733944955
0 0.6652777777777777 0.05321100917431193 0.044444444444444446 0.08440366972477065
0 0.6576388888888889 0.045871559633027525 0.0375 0.09174311926605505
