0 0.02014 0.39493 0.02083 0.05072
0 0.00972 0.43357 0.01944 0.04589
0 0.00972 0.49396 0.01944 0.04589
0 0.03125 0.46498 0.02083 0.04106
0 0.04514 0.4529 0.02083 0.04106
0 0.02153 0.50362 0.02083 0.04106
0 0.03472 0.53502 0.02778 0.05556
0 0.04444 0.52295 0.025 0.04106
0 0.05417 0.50242 0.02778 0.04831
0 0.06875 0.5314 0.02083 0.03865
0 0.07014 0.5157 0.02083 0.04589
0 0.08194 0.51329 0.01667 0.04589
0 0.08403 0.54952 0.02361 0.05072
0 0.08681 0.53623 0.02361 0.04831
0 0.07361 0.57246 0.02222 0.04831
0 0.10694 0.57488 0.02222 0.04348
0 0.13125 0.56522 0.02361 0.04348
0 0.08403 0.62077 0.02083 0.04348
0 0.10486 0.65338 0.02083 0.04589
0 0.14444 0.62198 0.02222 0.05556
0 0.16111 0.60386 0.02778 0.05797
0 0.13194 0.67995 0.025 0.05556
0 0.12569 0.66908 0.0125 0.02415
0 0.17431 0.68116 0.02639 0.04831
0 0.16736 0.69444 0.02083 0.04106
0 0.16667 0.67874 0.02222 0.03865
0 0.14722 0.71135 0.02222 0.04106
0 0.14444 0.7343 0.02222 0.05314
0 0.15903 0.72826 0.02083 0.04106
0 0.16458 0.71739 0.02083 0.03865
0 0.18333 0.77415 0.02222 0.05072
0 0.18611 0.65217 0.025 0.04831
0 0.19375 0.63647 0.02639 0.05072
0 0.21319 0.65097 0.02083 0.05072
0 0.21319 0.69807 0.02083 0.04348
0 0.20139 0.71498 0.025 0.04831
0 0.26181 0.70894 0.02083 0.05072
0 0.26944 0.69082 0.01944 0.03865
0 0.25069 0.74275 0.02083 0.04589
0 0.27083 0.80435 0.02222 0.05314
0 0.27986 0.78502 0.02361 0.05314
0 0.32153 0.79831 0.02083 0.04589
0 0.31319 0.81159 0.02083 0.04348
0 0.34653 0.80918 0.02361 0.04348
0 0.38958 0.86715 0.02083 0.04831
0 0.28264 0.8913 0.02361 0.04831
0 0.29097 0.8442 0.02361 0.04589
0 0.32083 0.86594 0.02222 0.05072
0 0.32917 0.8599 0.01667 0.05314
0 0.3375 0.89251 0.02222 0.04589
0 0.32083 0.92995 0.02222 0.04831
0 0.33264 0.95169 0.01528 0.02415
0 0.33056 0.97343 0.01944 0.03865
0 0.34514 0.91546 0.01806 0.05314
0 0.35278 0.93357 0.01944 0.04589
0 0.35486 0.96256 0.02639 0.04589
0 0.98681 0.69444 0.01528 0.03623
0 0.975 0.75845 0.01111 0.05314
0 0.9875 0.76329 0.01389 0.04831
0 0.92222 0.83454 0.01111 0.05072
0 0.92778 0.86111 0.01111 0.05072
0 0.97014 0.87077 0.0125 0.04106
0 0.85833 0.96981 0.01667 0.04589
0 0.86875 0.99396 0.00972 0.0314
