0 0.22847 0.18357 0.02361 0.06763
0 0.59583 0.01691 0.01111 0.03382
0 0.66806 0.02778 0.01667 0.05556
0 0.68681 0.07126 0.01806 0.07488
0 0.77292 0.04227 0.01528 0.07005
0 0.63194 0.01329 0.00833 0.02657
0 0.80903 0.05676 0.02083 0.07488
0 0.89653 0.82126 0.01528 0.08213
0 0.92292 0.88406 0.01806 0.0628
0 0.94236 0.83092 0.02917 0.07246
0 0.96806 0.8587 0.02778 0.07971
0 0.98333 0.8128 0.01944 0.07005
0 0.99097 0.83333 0.01528 0.04831
0 0.93681 0.89493 0.02083 0.08454
0 0.90972 0.97585 0.01667 0.08213
