0 0.16458333333333333 0.4335748792270531 0.009722222222222222 0.04106280193236715
0 0.3680555555555556 0.8695652173913043 0.016666666666666666 0.06280193236714976
0 0.3527777777777778 0.8647342995169082 0.008333333333333333 0.05314009661835749
0 0.35694444444444445 0.8671497584541062 0.008333333333333333 0.043478260869565216
0 0.8840277777777777 0.9384057971014492 0.015277777777777777 0.06521739130434782
0 0.9444444444444444 0.15579710144927536 0.011111111111111112 0.04589371980676329
0 0.9354166666666667 0.15217391304347827 0.009722222222222222 0.04830917874396135
0 0.8347222222222223 0.09903381642512077 0.011111111111111112 0.03864734299516908
0 0.925 0.043478260869565216 0.011111111111111112 0.028985507246376812
0 0.9145833333333333 0.049516908212560384 0.009722222222222222 0.021739130434782608
