0 0.5013888888888889 0.5495169082125604 0.030555555555555555 0.0748792270531401
0 0.47291666666666665 0.5881642512077294 0.020833333333333332 0.06038647342995169
0 0.49027777777777776 0.42995169082125606 0.03333333333333333 0.0821256038647343
0 0.7645833333333333 0.5314009661835749 0.03194444444444444 0.06763285024154589
0 0.9263888888888889 0.7004830917874396 0.025 0.07729468599033816
0 0.5666666666666667 0.033816425120772944 0.030555555555555555 0.06763285024154589
0 0.5541666666666667 0.03864734299516908 0.022222222222222223 0.07729468599033816
0 0.2743055555555556 0.5676328502415459 0.034722222222222224 0.07729468599033816
0 0.2916666666666667 0.5519323671497585 0.030555555555555555 0.06521739130434782
0 0.26180555555555557 0.533816425120773 0.02361111111111111 0.06763285024154589
0 0.28194444444444444 0.501207729468599 0.030555555555555555 0.06521739130434782
0 0.2611111111111111 0.4855072463768116 0.03333333333333333 0.07246376811594203
0 0.4909722222222222 0.9408212560386473 0.029166666666666667 0.050724637681159424
0 0.49722222222222223 0.8707729468599034 0.044444444444444446 0.04589371980676329
0 0.7951388888888888 0.12560386473429952 0.02638888888888889 0.057971014492753624
0 0.7986111111111112 0.09541062801932366 0.027777777777777776 0.06038647342995169
