0 0.04791666666666667 0.14009661835748793 0.004166666666666667 0.01932367149758454
0 0.04375 0.14009661835748793 0.004166666666666667 0.01932367149758454
0 0.17916666666666667 0.00966183574879227 0.005555555555555556 0.01932367149758454
0 0.21041666666666667 0.09541062801932366 0.004166666666666667 0.016908212560386472
0 0.20416666666666666 0.09057971014492754 0.005555555555555556 0.016908212560386472
0 0.18680555555555556 0.08333333333333333 0.004166666666666667 0.016908212560386472
0 0.1840277777777778 0.10265700483091787 0.004166666666666667 0.012077294685990338
0 0.17777777777777778 0.10144927536231885 0.005555555555555556 0.014492753623188406
0 0.17083333333333334 0.10869565217391304 0.005555555555555556 0.014492753623188406
0 0.20833333333333334 0.12439613526570048 0.005555555555555556 0.016908212560386472
0 0.20347222222222222 0.12439613526570048 0.004166666666666667 0.021739130434782608
0 0.1798611111111111 0.1280193236714976 0.004166666666666667 0.014492753623188406
0 0.1875 0.1388888888888889 0.005555555555555556 0.021739130434782608
0 0.19652777777777777 0.1461352657004831 0.004166666666666667 0.016908212560386472
0 0.19166666666666668 0.15579710144927536 0.005555555555555556 0.016908212560386472
0 0.20069444444444445 0.17632850241545894 0.004166666666666667 0.01932367149758454
0 0.1451388888888889 0.04106280193236715 0.004166666666666667 0.01932367149758454
0 0.13541666666666666 0.04106280193236715 0.004166666666666667 0.014492753623188406
0 0.13958333333333334 0.07004830917874397 0.004166666666666667 0.014492753623188406
0 0.1326388888888889 0.07246376811594203 0.004166666666666667 0.01932367149758454
0 0.14583333333333334 0.32367149758454106 0.005555555555555556 0.028985507246376812
0 0.18055555555555555 0.48188405797101447 0.005555555555555556 0.021739130434782608
0 0.19375 0.45652173913043476 0.004166666666666667 0.01932367149758454
0 0.18333333333333332 0.9057971014492754 0.005555555555555556 0.024154589371980676
0 0.1763888888888889 0.9033816425120773 0.005555555555555556 0.01932367149758454
0 0.1701388888888889 0.8985507246376812 0.004166666666666667 0.01932367149758454
0 0.1375 0.9456521739130435 0.008333333333333333 0.026570048309178744
0 0.07430555555555556 0.9903381642512077 0.006944444444444444 0.01932367149758454
0 0.4013888888888889 0.9830917874396136 0.008333333333333333 0.024154589371980676
0 0.26319444444444445 0.998792270531401 0.006944444444444444 0.016908212560386472
0 0.35138888888888886 0.7910628019323671 0.008333333333333333 0.016908212560386472
0 0.44583333333333336 0.856280193236715 0.005555555555555556 0.012077294685990338
0 0.45625 0.8768115942028986 0.004166666666666667 0.01932367149758454
0 0.24305555555555555 0.7789855072463768 0.005555555555555556 0.016908212560386472
0 0.2548611111111111 0.7475845410628019 0.009722222222222222 0.016908212560386472
0 0.22569444444444445 0.7620772946859904 0.004166666666666667 0.012077294685990338
0 0.23333333333333334 0.7608695652173914 0.005555555555555556 0.024154589371980676
0 0.2423611111111111 0.7004830917874396 0.004166666666666667 0.01932367149758454
0 0.2513888888888889 0.6980676328502415 0.002777777777777778 0.01932367149758454
0 0.2520833333333333 0.6714975845410628 0.004166666666666667 0.014492753623188406
0 0.30972222222222223 0.7053140096618358 0.002777777777777778 0.01932367149758454
0 0.39375 0.677536231884058 0.004166666666666667 0.026570048309178744
0 0.4125 0.6316425120772947 0.002777777777777778 0.016908212560386472
0 0.40694444444444444 0.6256038647342995 0.005555555555555556 0.014492753623188406
0 0.39861111111111114 0.5760869565217391 0.005555555555555556 0.016908212560386472
0 0.41041666666666665 0.5990338164251208 0.004166666666666667 0.024154589371980676
0 0.31666666666666665 0.6243961352657005 0.005555555555555556 0.016908212560386472
0 0.30833333333333335 0.6183574879227053 0.005555555555555556 0.01932367149758454
0 0.27847222222222223 0.571256038647343 0.006944444444444444 0.021739130434782608
0 0.2722222222222222 0.571256038647343 0.005555555555555556 0.016908212560386472
0 0.30277777777777776 0.5241545893719807 0.005555555555555556 0.014492753623188406
0 0.35347222222222224 0.5929951690821256 0.004166666666666667 0.012077294685990338
0 0.3486111111111111 0.5869565217391305 0.005555555555555556 0.014492753623188406
0 0.33958333333333335 0.533816425120773 0.004166666666666667 0.01932367149758454
0 0.35555555555555557 0.4891304347826087 0.005555555555555556 0.021739130434782608
0 0.35 0.4963768115942029 0.005555555555555556 0.021739130434782608
0 0.2361111111111111 0.5869565217391305 0.005555555555555556 0.014492753623188406
0 0.24166666666666667 0.5748792270531401 0.002777777777777778 0.014492753623188406
0 0.21875 0.5700483091787439 0.004166666666666667 0.01932367149758454
0 0.2569444444444444 0.535024154589372 0.005555555555555556 0.012077294685990338
0 0.37083333333333335 0.6147342995169082 0.005555555555555556 0.012077294685990338
0 0.3527777777777778 0.44806763285024154 0.005555555555555556 0.016908212560386472
0 0.3284722222222222 0.49879227053140096 0.004166666666666667 0.012077294685990338
0 0.3326388888888889 0.4963768115942029 0.004166666666666667 0.021739130434782608
0 0.33611111111111114 0.48188405797101447 0.005555555555555556 0.016908212560386472
0 0.34444444444444444 0.5652173913043478 0.005555555555555556 0.024154589371980676
0 0.33958333333333335 0.5543478260869565 0.004166666666666667 0.012077294685990338
0 0.25277777777777777 0.004830917874396135 0.005555555555555556 0.00966183574879227
0 0.25972222222222224 0.00966183574879227 0.005555555555555556 0.014492753623188406
0 0.275 0.013285024154589372 0.002777777777777778 0.007246376811594203
0 0.29791666666666666 0.03260869565217391 0.004166666666666667 0.012077294685990338
0 0.3090277777777778 0.05434782608695652 0.004166666666666667 0.016908212560386472
0 0.31319444444444444 0.033816425120772944 0.004166666666666667 0.01932367149758454
0 0.30069444444444443 0.050724637681159424 0.004166666666666667 0.014492753623188406
0 0.29375 0.05676328502415459 0.004166666666666667 0.026570048309178744
0 0.34652777777777777 0.13526570048309178 0.006944444444444444 0.01932367149758454
0 0.37083333333333335 0.1570048309178744 0.005555555555555556 0.01932367149758454
0 0.3770833333333333 0.1570048309178744 0.006944444444444444 0.01932367149758454
0 0.4097222222222222 0.2391304347826087 0.005555555555555556 0.01932367149758454
0 0.30833333333333335 0.3695652173913043 0.005555555555555556 0.024154589371980676
0 0.3 0.3719806763285024 0.002777777777777778 0.01932367149758454
0 0.2861111111111111 0.37318840579710144 0.002777777777777778 0.016908212560386472
0 0.325 0.6908212560386473 0.002777777777777778 0.01932367149758454
0 0.32013888888888886 0.6920289855072463 0.006944444444444444 0.026570048309178744
0 0.575 0.5676328502415459 0.005555555555555556 0.01932367149758454
0 0.5645833333333333 0.571256038647343 0.006944444444444444 0.016908212560386472
