0 0.5451388888888888 0.6376811594202898 0.020833333333333332 0.057971014492753624
0 0.4979166666666667 0.4830917874396135 0.0125 0.05314009661835749
0 0.5104166666666666 0.46618357487922707 0.015277777777777777 0.04830917874396135
0 0.49166666666666664 0.4504830917874396 0.011111111111111112 0.04106280193236715
0 0.5 0.45169082125603865 0.005555555555555556 0.03864734299516908
0 0.5763888888888888 0.3140096618357488 0.013888888888888888 0.024154589371980676
0 0.5597222222222222 0.29589371980676327 0.011111111111111112 0.03140096618357488
0 0.5423611111111111 0.2886473429951691 0.0125 0.026570048309178744
0 0.5506944444444445 0.2632850241545894 0.009722222222222222 0.028985507246376812
0 0.5770833333333333 0.286231884057971 0.0125 0.021739130434782608
0 0.5659722222222222 0.27053140096618356 0.015277777777777777 0.028985507246376812
0 0.5527777777777778 0.3103864734299517 0.011111111111111112 0.036231884057971016
0 0.6291666666666667 0.3079710144927536 0.013888888888888888 0.036231884057971016
0 0.6159722222222223 0.2971014492753623 0.009722222222222222 0.033816425120772944
0 0.6493055555555556 0.3285024154589372 0.009722222222222222 0.024154589371980676
0 0.6472222222222223 0.358695652173913 0.011111111111111112 0.026570048309178744
