0 0.28125 0.618348623853211 0.006944444444444444 0.03302752293577982
0 0.29375 0.7036697247706422 0.009722222222222222 0.04220183486238532
0 0.3013888888888889 0.7018348623853211 0.011111111111111112 0.03853211009174312
0 0.31527777777777777 0.710091743119266 0.008333333333333333 0.03302752293577982
0 0.32013888888888886 0.7045871559633028 0.009722222222222222 0.03669724770642202
0 0.03333333333333333 0.8091743119266055 0.011111111111111112 0.04036697247706422
0 0.05555555555555555 0.7944954128440367 0.011111111111111112 0.044036697247706424
0 0.04097222222222222 0.7889908256880734 0.0125 0.044036697247706424
0 0.2791666666666667 0.6412844036697247 0.011111111111111112 0.03486238532110092
0 0.2916666666666667 0.6321100917431193 0.008333333333333333 0.03853211009174312
0 0.29930555555555555 0.6577981651376147 0.009722222222222222 0.03486238532110092
0 0.30972222222222223 0.6972477064220184 0.008333333333333333 0.04036697247706422
