0 0.4930555555555556 0.27294685990338163 0.013888888888888888 0.033816425120772944
0 0.5986111111111111 0.2898550724637681 0.011111111111111112 0.028985507246376812
0 0.6604166666666667 0.2584541062801932 0.009722222222222222 0.028985507246376812
0 0.6791666666666667 0.2608695652173913 0.008333333333333333 0.028985507246376812
0 0.6736111111111112 0.2427536231884058 0.008333333333333333 0.026570048309178744
0 0.5597222222222222 0.6859903381642513 0.011111111111111112 0.033816425120772944
0 0.46458333333333335 0.7137681159420289 0.015277777777777777 0.026570048309178744
0 0.3458333333333333 0.7971014492753623 0.011111111111111112 0.028985507246376812
0 0.3506944444444444 0.8357487922705314 0.009722222222222222 0.028985507246376812
0 0.35555555555555557 0.9794685990338164 0.013888888888888888 0.03140096618357488
0 0.825 0.6545893719806763 0.016666666666666666 0.03864734299516908
0 0.8006944444444445 0.20048309178743962 0.0125 0.028985507246376812
0 0.9631944444444445 0.12439613526570048 0.009722222222222222 0.04106280193236715
0 0.8076388888888889 0.13647342995169082 0.006944444444444444 0.03140096618357488
0 0.9256944444444445 0.14251207729468598 0.009722222222222222 0.03864734299516908
0 0.5680555555555555 0.643719806763285 0.008333333333333333 0.036231884057971016
0 0.6013888888888889 0.6292270531400966 0.008333333333333333 0.026570048309178744
