0 0.19444 0.75046 0.01111 0.02202
0 0.24028 0.75505 0.01111 0.02018
0 0.39236 0.91743 0.0125 0.03303
0 0.41181 0.90367 0.0125 0.03853
0 0.3625 0.89174 0.00833 0.03303
0 0.50903 0.88532 0.00972 0.02752
0 0.39236 0.88899 0.00694 0.02018
0 0.39792 0.88991 0.00694 0.02202
0 0.38194 0.85872 0.01111 0.01468
0 0.39514 0.86055 0.00972 0.01835
0 0.34514 0.91193 0.00972 0.02202
0 0.34722 0.91743 0.00556 0.01835
0 0.29861 0.91101 0.00833 0.02752
0 0.49722 0.89174 0.01389 0.02936
0 0.53125 0.8789 0.00694 0.02569
0 0.54306 0.8633 0.01111 0.02752
0 0.40833 0.8578 0.00833 0.02752
0 0.73056 0.84679 0.00833 0.02752
0 0.85694 0.84862 0.00833 0.02385
0 0.86736 0.84954 0.00694 0.02202
0 0.91042 0.91927 0.00972 0.02202
0 0.94167 0.90734 0.01111 0.02385
0 0.97222 0.88991 0.01111 0.02202
