0 0.57014 0.65229 0.07083 0.10826
0 0.54653 0.34128 0.07083 0.05505
0 0.49514 0.54312 0.07639 0.07339
0 0.37292 0.50459 0.0875 0.08073
0 0.44444 0.54037 0.07778 0.07523
0 0.41389 0.61284 0.08056 0.07339
0 0.40139 0.55596 0.06667 0.05872
0 0.23194 0.57156 0.07778 0.06789
0 0.25556 0.51101 0.08056 0.07156
0 0.26458 0.45688 0.09028 0.07339
0 0.19375 0.4789 0.08472 0.06239
0 0.83194 0.09633 0.03889 0.05688
0 0.80486 0.16697 0.04306 0.05505
0 0.82153 0.24771 0.04306 0.05872
0 0.83681 0.30092 0.0375 0.06606
0 0.13472 0.0578 0.075 0.06422
