0 0.51875 0.1461352657004831 0.02638888888888889 0.07004830917874397
0 0.3375 0.26811594202898553 0.05 0.11594202898550725
0 0.4465277777777778 0.10265700483091787 0.02638888888888889 0.06521739130434782
0 0.3680555555555556 0.15579710144927536 0.025 0.06038647342995169
0 0.2798611111111111 0.2210144927536232 0.03194444444444444 0.06521739130434782
0 0.31527777777777777 0.1473429951690821 0.03888888888888889 0.08695652173913043
0 0.14166666666666666 0.32367149758454106 0.022222222222222223 0.06763285024154589
0 0.16805555555555557 0.358695652173913 0.03888888888888889 0.07004830917874397
0 0.20972222222222223 0.3248792270531401 0.044444444444444446 0.0893719806763285
0 0.06666666666666667 0.3140096618357488 0.022222222222222223 0.06763285024154589
0 0.022916666666666665 0.3272946859903382 0.0375 0.05555555555555555
