0 0.15486111111111112 0.826605504587156 0.018055555555555554 0.04220183486238532
0 0.3451388888888889 0.8944954128440367 0.015277777777777777 0.05321100917431193
0 0.08125 0.8688073394495412 0.015277777777777777 0.04220183486238532
0 0.07083333333333333 0.865137614678899 0.011111111111111112 0.045871559633027525
0 0.08402777777777778 0.9568807339449541 0.0125 0.045871559633027525
0 0.0763888888888889 0.9467889908256881 0.013888888888888888 0.044036697247706424
0 0.05625 0.8944954128440367 0.020833333333333332 0.03853211009174312
0 0.13194444444444445 0.8137614678899082 0.011111111111111112 0.045871559633027525
0 0.12013888888888889 0.8155963302752294 0.015277777777777777 0.04954128440366973
0 0.6319444444444444 0.810091743119266 0.013888888888888888 0.027522935779816515
0 0.6583333333333333 0.8146788990825689 0.011111111111111112 0.022018348623853212
