0 0.6569444444444444 0.046788990825688076 0.005555555555555556 0.027522935779816515
0 0.6527777777777778 0.11834862385321102 0.008333333333333333 0.01651376146788991
0 0.6743055555555556 0.07706422018348624 0.006944444444444444 0.01834862385321101
0 0.6590277777777778 0.10091743119266056 0.009722222222222222 0.025688073394495414
0 0.7180555555555556 0.6100917431192661 0.013888888888888888 0.031192660550458717
0 0.6791666666666667 0.691743119266055 0.011111111111111112 0.029357798165137616
0 0.7027777777777777 0.7293577981651376 0.016666666666666666 0.027522935779816515
0 0.7166666666666667 0.5935779816513761 0.013888888888888888 0.023853211009174313
0 0.7020833333333333 0.3642201834862385 0.009722222222222222 0.031192660550458717
0 0.6923611111111111 0.363302752293578 0.006944444444444444 0.03302752293577982
0 0.6833333333333333 0.3688073394495413 0.008333333333333333 0.025688073394495414
0 0.6743055555555556 0.363302752293578 0.009722222222222222 0.025688073394495414
0 0.7326388888888888 0.03302752293577982 0.006944444444444444 0.025688073394495414
0 0.49444444444444446 0.7192660550458716 0.011111111111111112 0.029357798165137616
0 0.5513888888888889 0.718348623853211 0.019444444444444445 0.03486238532110092
0 0.4305555555555556 0.8045871559633028 0.013888888888888888 0.027522935779816515
0 0.4409722222222222 0.7908256880733945 0.015277777777777777 0.025688073394495414
0 0.45694444444444443 0.7844036697247706 0.016666666666666666 0.027522935779816515
0 0.47152777777777777 0.8559633027522936 0.015277777777777777 0.027522935779816515
0 0.5354166666666667 0.8330275229357799 0.0125 0.029357798165137616
0 0.5888888888888889 0.8697247706422019 0.013888888888888888 0.03669724770642202
0 0.6222222222222222 0.8889908256880734 0.013888888888888888 0.027522935779816515
0 0.6069444444444444 0.8669724770642202 0.011111111111111112 0.031192660550458717
0 0.7340277777777777 0.9339449541284404 0.0125 0.029357798165137616
0 0.6958333333333333 0.9825688073394495 0.011111111111111112 0.03486238532110092
0 0.6423611111111112 0.9440366972477064 0.018055555555555554 0.027522935779816515
0 0.6 0.955045871559633 0.022222222222222223 0.03853211009174312
0 0.6479166666666667 0.9587155963302753 0.015277777777777777 0.01651376146788991
