0 0.24444444444444444 0.7198067632850241 0.027777777777777776 0.06280193236714976
0 0.1875 0.6594202898550725 0.022222222222222223 0.04830917874396135
0 0.19444444444444445 0.6231884057971014 0.019444444444444445 0.03864734299516908
0 0.2048611111111111 0.5615942028985508 0.018055555555555554 0.036231884057971016
0 0.3958333333333333 0.38768115942028986 0.013888888888888888 0.04589371980676329
0 0.4666666666666667 0.2427536231884058 0.016666666666666666 0.036231884057971016
0 0.28402777777777777 0.1859903381642512 0.015277777777777777 0.03864734299516908
0 0.4576388888888889 0.23792270531400966 0.0125 0.03140096618357488
0 0.4083333333333333 0.3756038647342995 0.022222222222222223 0.04106280193236715
0 0.2916666666666667 0.17149758454106281 0.013888888888888888 0.03864734299516908
0 0.2965277777777778 0.15821256038647344 0.015277777777777777 0.036231884057971016
0 0.21180555555555555 0.5446859903381642 0.02361111111111111 0.04589371980676329
