0 0.2 0.08092 0.04167 0.13768
0 0.30903 0.30314 0.03194 0.08454
0 0.39514 0.58213 0.03194 0.06763
0 0.25764 0.86836 0.02917 0.06522
0 0.45486 0.5942 0.02917 0.06763
0 0.36181 0.72343 0.03472 0.06039
0 0.29167 0.67874 0.03611 0.05797
0 0.18681 0.91304 0.02639 0.05797
0 0.13194 0.83333 0.03333 0.05314
0 0.07083 0.92633 0.03333 0.06039
0 0.15 0.907 0.02222 0.05556
0 0.24861 0.65338 0.03889 0.07005
0 0.20972 0.66425 0.02222 0.07729
0 0.3125 0.60145 0.03889 0.07246
0 0.35 0.54952 0.01944 0.07488
0 0.19444 0.61232 0.04444 0.10386
0 0.20903 0.62077 0.01528 0.06763
0 0.36319 0.51087 0.03194 0.07488
0 0.55556 0.13043 0.04444 0.07729
0 0.57431 0.23309 0.05139 0.07005
0 0.24306 0.97101 0.025 0.05314
