0 0.9902777777777778 0.9477064220183486 0.022222222222222223 0.07522935779816514
0 0.9833333333333333 0.9293577981651376 0.025 0.07522935779816514
0 0.9486111111111111 0.955045871559633 0.022222222222222223 0.07155963302752294
0 0.9388888888888889 0.9174311926605505 0.025 0.07339449541284404
0 0.8694444444444445 0.9605504587155963 0.030555555555555555 0.05688073394495413
0 0.8701388888888889 0.9477064220183486 0.029166666666666667 0.06422018348623854
0 0.8333333333333334 0.9522935779816514 0.025 0.07706422018348624
0 0.8027777777777778 0.9908256880733946 0.025 0.07706422018348624
0 0.1111111111111111 0.6862385321100918 0.027777777777777776 0.05871559633027523
0 0.09305555555555556 0.6752293577981652 0.022222222222222223 0.05871559633027523
0 0.11875 0.6568807339449542 0.029166666666666667 0.047706422018348627
0 0.14444444444444443 0.6577981651376147 0.022222222222222223 0.04954128440366973
0 0.6354166666666666 0.38623853211009174 0.0125 0.031192660550458717
0 0.5868055555555556 0.3495412844036697 0.0125 0.03853211009174312
0 0.5986111111111111 0.3504587155963303 0.013888888888888888 0.04036697247706422
0 0.625 0.20825688073394497 0.008333333333333333 0.023853211009174313
0 0.6347222222222222 0.20825688073394497 0.008333333333333333 0.027522935779816515
0 0.6034722222222222 0.2036697247706422 0.009722222222222222 0.025688073394495414
0 0.6104166666666667 0.2036697247706422 0.009722222222222222 0.025688073394495414
