0 0.7055555555555556 0.10144927536231885 0.011111111111111112 0.033816425120772944
0 0.75 0.13647342995169082 0.011111111111111112 0.04106280193236715
0 0.6243055555555556 0.07246376811594203 0.015277777777777777 0.03864734299516908
0 0.5520833333333334 0.035024154589371984 0.018055555555555554 0.04589371980676329
0 0.5520833333333334 0.1932367149758454 0.015277777777777777 0.03864734299516908
0 0.5284722222222222 0.2041062801932367 0.015277777777777777 0.04106280193236715
0 0.5055555555555555 0.22342995169082125 0.013888888888888888 0.036231884057971016
0 0.6465277777777778 0.2898550724637681 0.009722222222222222 0.043478260869565216
0 0.61875 0.2922705314009662 0.0125 0.033816425120772944
0 0.6416666666666667 0.38768115942028986 0.016666666666666666 0.03140096618357488
0 0.6138888888888889 0.3695652173913043 0.011111111111111112 0.043478260869565216
0 0.5881944444444445 0.35990338164251207 0.020833333333333332 0.043478260869565216
0 0.47291666666666665 0.32004830917874394 0.0125 0.04106280193236715
0 0.4847222222222222 0.37077294685990336 0.011111111111111112 0.03140096618357488
0 0.4173611111111111 0.4577294685990338 0.0125 0.04589371980676329
0 0.4013888888888889 0.4468599033816425 0.013888888888888888 0.03864734299516908
0 0.525 0.7101449275362319 0.013888888888888888 0.033816425120772944
0 0.5069444444444444 0.6956521739130435 0.013888888888888888 0.03864734299516908
0 0.375 0.6582125603864735 0.016666666666666666 0.050724637681159424
0 0.3506944444444444 0.7016908212560387 0.015277777777777777 0.050724637681159424
0 0.3333333333333333 0.7222222222222222 0.016666666666666666 0.043478260869565216
0 0.6326388888888889 0.9637681159420289 0.015277777777777777 0.04830917874396135
0 0.5166666666666667 0.9565217391304348 0.016666666666666666 0.033816425120772944
0 0.4361111111111111 0.32971014492753625 0.016666666666666666 0.04106280193236715
0 0.5277777777777778 0.06763285024154589 0.008333333333333333 0.028985507246376812
0 0.5201388888888889 0.051932367149758456 0.009722222222222222 0.03140096618357488
0 0.5361111111111111 0.06038647342995169 0.016666666666666666 0.03864734299516908
0 0.5319444444444444 0.010869565217391304 0.013888888888888888 0.021739130434782608
0 0.6833333333333333 0.05555555555555555 0.013888888888888888 0.033816425120772944
0 0.6993055555555555 0.03743961352657005 0.009722222222222222 0.03140096618357488
0 0.7118055555555556 0.05555555555555555 0.009722222222222222 0.028985507246376812
0 0.7027777777777777 0.059178743961352656 0.008333333333333333 0.03140096618357488
0 0.6791666666666667 0.12318840579710146 0.011111111111111112 0.03864734299516908
0 0.6722222222222223 0.1388888888888889 0.008333333333333333 0.036231884057971016
0 0.6534722222222222 0.13285024154589373 0.009722222222222222 0.03864734299516908
0 0.4847222222222222 0.32004830917874394 0.011111111111111112 0.04106280193236715
0 0.5291666666666667 0.9516908212560387 0.013888888888888888 0.033816425120772944
0 0.5979166666666667 0.2995169082125604 0.015277777777777777 0.033816425120772944
