0 0.58125 0.03761467889908257 0.0125 0.03853211009174312
0 0.8430555555555556 0.06788990825688074 0.013888888888888888 0.047706422018348627
0 0.7006944444444444 0.13394495412844037 0.0125 0.025688073394495414
0 0.66875 0.0944954128440367 0.015277777777777777 0.02018348623853211
0 0.6208333333333333 0.07614678899082569 0.016666666666666666 0.02018348623853211
0 0.5868055555555556 0.09541284403669725 0.015277777777777777 0.01834862385321101
0 0.6576388888888889 0.13027522935779817 0.0125 0.01834862385321101
0 0.8541666666666666 0.4504587155963303 0.013888888888888888 0.03486238532110092
0 0.8868055555555555 0.02110091743119266 0.0125 0.04220183486238532
0 0.8715277777777778 0.022935779816513763 0.0125 0.045871559633027525
