0 0.56528 0.63761 0.01944 0.03119
0 0.43889 0.39725 0.01667 0.03486
0 0.68333 0.57798 0.01944 0.0367
0 0.6375 0.4945 0.01944 0.03486
0 0.64792 0.48899 0.01528 0.03853
0 0.925 0.21009 0.01944 0.0422
0 0.52361 0.07798 0.01389 0.03853
0 0.43472 0.06789 0.01111 0.03303
0 0.38264 0.14587 0.01528 0.03486
0 0.30278 0.24404 0.01667 0.03303
0 0.33542 0.16606 0.01528 0.02752
0 0.32083 0.0945 0.01111 0.03119
0 0.48194 0.01835 0.01389 0.03303
0 0.21458 0.01651 0.0125 0.03303
0 0.23194 0.01468 0.00833 0.02936
0 0.13611 0.2211 0.01111 0.03486
0 0.17639 0.24862 0.01389 0.03853
0 0.21458 0.32018 0.00972 0.03486
0 0.20764 0.30734 0.0125 0.03486
0 0.1625 0.31651 0.01389 0.03119
0 0.16319 0.36789 0.00972 0.03486
0 0.15 0.43945 0.00833 0.03486
0 0.17778 0.42294 0.00833 0.03853
0 0.23264 0.38991 0.01528 0.02752
0 0.27153 0.3945 0.0125 0.0367
0 0.27083 0.37798 0.01389 0.04404
