0 0.03888888888888889 0.1559633027522936 0.005555555555555556 0.022018348623853212
0 0.1326388888888889 0.025688073394495414 0.004166666666666667 0.01834862385321101
0 0.14583333333333334 0.03486238532110092 0.005555555555555556 0.01834862385321101
0 0.18333333333333332 0.0779816513761468 0.005555555555555556 0.01651376146788991
0 0.20208333333333334 0.2 0.006944444444444444 0.025688073394495414
0 0.19027777777777777 0.21009174311926607 0.008333333333333333 0.027522935779816515
0 0.17291666666666666 0.20275229357798166 0.006944444444444444 0.027522935779816515
0 0.1798611111111111 0.20733944954128442 0.006944444444444444 0.025688073394495414
0 0.00625 0.07247706422018349 0.004166666666666667 0.012844036697247707
0 0.06388888888888888 0.11743119266055047 0.008333333333333333 0.014678899082568808
0 0.013194444444444444 0.1926605504587156 0.004166666666666667 0.014678899082568808
0 0.11805555555555555 0.27889908256880735 0.005555555555555556 0.014678899082568808
0 0.01875 0.07522935779816514 0.004166666666666667 0.014678899082568808
0 0.18194444444444444 0.7779816513761468 0.008333333333333333 0.022018348623853212
