0 0.2152777777777778 0.07339449541284404 0.022222222222222223 0.06605504587155964
0 0.14791666666666667 0.16788990825688074 0.02361111111111111 0.04954128440366973
0 0.18194444444444444 0.1944954128440367 0.025 0.07706422018348624
0 0.20416666666666666 0.13853211009174313 0.027777777777777776 0.05321100917431193
0 0.24861111111111112 0.16605504587155964 0.022222222222222223 0.060550458715596334
0 0.25833333333333336 0.21467889908256882 0.030555555555555555 0.07706422018348624
0 0.29375 0.1761467889908257 0.029166666666666667 0.07339449541284404
0 0.49930555555555556 0.12935779816513762 0.0375 0.08256880733944955
0 0.5993055555555555 0.3146788990825688 0.04583333333333333 0.08623853211009175
0 0.5979166666666667 0.26972477064220185 0.04861111111111111 0.08440366972477065
