0 0.2652777777777778 0.7862318840579711 0.013888888888888888 0.016908212560386472
0 0.28888888888888886 0.8526570048309179 0.013888888888888888 0.014492753623188406
0 0.28958333333333336 0.893719806763285 0.0125 0.014492753623188406
0 0.2743055555555556 0.8828502415458938 0.015277777777777777 0.016908212560386472
0 0.2951388888888889 0.9251207729468599 0.0125 0.014492753623188406
0 0.45902777777777776 0.8260869565217391 0.009722222222222222 0.014492753623188406
0 0.7173611111111111 0.9710144927536232 0.009722222222222222 0.014492753623188406
0 0.7125 0.9794685990338164 0.008333333333333333 0.012077294685990338
0 0.6555555555555556 0.8780193236714976 0.011111111111111112 0.012077294685990338
0 0.6493055555555556 0.8876811594202898 0.006944444444444444 0.012077294685990338
0 0.6534722222222222 0.9021739130434783 0.006944444444444444 0.007246376811594203
0 0.6666666666666666 0.9323671497584541 0.011111111111111112 0.00966183574879227
0 0.6368055555555555 0.928743961352657 0.004166666666666667 0.012077294685990338
0 0.6423611111111112 0.9444444444444444 0.006944444444444444 0.014492753623188406
0 0.6631944444444444 0.9202898550724637 0.006944444444444444 0.00966183574879227
0 0.7069444444444445 0.9154589371980676 0.011111111111111112 0.01932367149758454
0 0.8083333333333333 0.49033816425120774 0.005555555555555556 0.024154589371980676
