0 0.15486 0.3789 0.00694 0.01651
0 0.13889 0.41376 0.00556 0.01284
0 0.15069 0.37982 0.00417 0.01101
0 0.14861 0.30459 0.00556 0.01835
0 0.12917 0.29633 0.00556 0.01651
0 0.44653 0.15321 0.00694 0.01284
0 0.38889 0.45963 0.00556 0.02018
0 0.425 0.23028 0.00556 0.00917
0 0.31528 0.51101 0.00556 0.00917
0 0.66806 0.13119 0.00833 0.01284
0 0.68333 0.2055 0.00833 0.01101
0 0.8625 0.17798 0.00833 0.01468
0 0.71875 0.6945 0.00972 0.01651
0 0.6875 0.82294 0.00833 0.01284
0 0.69167 0.98991 0.00833 0.01651
