0 0.04791666666666667 0.15045871559633028 0.018055555555555554 0.03302752293577982
0 0.06041666666666667 0.15229357798165138 0.015277777777777777 0.044036697247706424
0 0.22569444444444445 0.636697247706422 0.020833333333333332 0.03669724770642202
0 0.14722222222222223 0.9458715596330275 0.022222222222222223 0.031192660550458717
0 0.034722222222222224 0.8798165137614679 0.022222222222222223 0.04220183486238532
0 0.2388888888888889 0.7844036697247706 0.016666666666666666 0.04954128440366973
0 0.20625 0.9862385321100917 0.018055555555555554 0.03853211009174312
0 0.015277777777777777 0.9715596330275229 0.016666666666666666 0.023853211009174313
0 0.7416666666666667 0.5238532110091743 0.025 0.03853211009174312
0 0.5541666666666667 0.7844036697247706 0.025 0.03486238532110092
0 0.45 0.7761467889908257 0.022222222222222223 0.04036697247706422
0 0.45416666666666666 0.7348623853211009 0.03333333333333333 0.031192660550458717
