0 0.33333 0.59266 0.03333 0.09541
0 0.84792 0.46881 0.02639 0.09358
0 0.9 0.48899 0.03056 0.09358
0 0.94444 0.49817 0.02778 0.09358
0 0.93681 0.45963 0.02639 0.09725
0 0.91667 0.45596 0.02222 0.07523
0 0.66458 0.25321 0.01806 0.05872
0 0.85139 0.20183 0.01944 0.06972
0 0.82361 0.19633 0.02222 0.06606
0 0.71736 0.20826 0.01806 0.05688
0 0.73333 0.20917 0.01389 0.06606
0 0.77847 0.17431 0.01806 0.05138
0 0.79444 0.17706 0.01389 0.05688
0 0.80417 0.18165 0.01389 0.05505
0 0.99861 0.04404 0.01944 0.04771
0 0.99931 0.03211 0.01806 0.04954
