0 0.6611111111111111 0.41545893719806765 0.008333333333333333 0.03864734299516908
0 0.66875 0.4178743961352657 0.006944444444444444 0.033816425120772944
0 0.6972222222222222 0.4830917874396135 0.016666666666666666 0.043478260869565216
0 0.7180555555555556 0.4939613526570048 0.011111111111111112 0.04106280193236715
0 0.7486111111111111 0.4311594202898551 0.008333333333333333 0.04106280193236715
0 0.7847222222222222 0.4384057971014493 0.011111111111111112 0.036231884057971016
0 0.625 0.6026570048309179 0.005555555555555556 0.03140096618357488
0 0.63125 0.6099033816425121 0.009722222222222222 0.03140096618357488
0 0.5798611111111112 0.5917874396135265 0.006944444444444444 0.03864734299516908
0 0.5770833333333333 0.5917874396135265 0.009722222222222222 0.03864734299516908
0 0.3875 0.31521739130434784 0.005555555555555556 0.021739130434782608
0 0.38819444444444445 0.32971014492753625 0.006944444444444444 0.03140096618357488
0 0.24791666666666667 0.29106280193236717 0.006944444444444444 0.026570048309178744
0 0.11736111111111111 0.28140096618357485 0.009722222222222222 0.03140096618357488
0 0.02361111111111111 0.5845410628019324 0.013888888888888888 0.043478260869565216
0 0.25 0.6618357487922706 0.011111111111111112 0.043478260869565216
0 0.26180555555555557 0.6714975845410628 0.009722222222222222 0.024154589371980676
0 0.2875 0.6739130434782609 0.013888888888888888 0.033816425120772944
