0 0.4673611111111111 0.05321100917431193 0.034722222222222224 0.10642201834862386
0 0.21805555555555556 0.4963302752293578 0.044444444444444446 0.11192660550458716
0 0.3958333333333333 0.5688073394495413 0.044444444444444446 0.10642201834862386
0 0.5236111111111111 0.27339449541284405 0.04722222222222222 0.07706422018348624
0 0.5395833333333333 0.45871559633027525 0.043055555555555555 0.10642201834862386
0 0.6243055555555556 0.5669724770642202 0.04583333333333333 0.10275229357798166
0 0.55 0.536697247706422 0.058333333333333334 0.13394495412844037
0 0.5145833333333333 0.3422018348623853 0.06527777777777778 0.10458715596330276
0 0.7479166666666667 0.5587155963302752 0.07361111111111111 0.13761467889908258
0 0.7645833333333333 0.2036697247706422 0.04583333333333333 0.09174311926605505
0 0.7277777777777777 0.25045871559633026 0.04722222222222222 0.11559633027522936
0 0.09444444444444444 0.5055045871559632 0.05277777777777778 0.10091743119266056
