0 0.45069444444444445 0.8647342995169082 0.006944444444444444 0.028985507246376812
0 0.44166666666666665 0.8611111111111112 0.011111111111111112 0.04589371980676329
0 0.4527777777777778 0.8272946859903382 0.011111111111111112 0.04106280193236715
0 0.4756944444444444 0.821256038647343 0.009722222222222222 0.03864734299516908
0 0.5423611111111111 0.7053140096618358 0.006944444444444444 0.024154589371980676
0 0.42986111111111114 0.8611111111111112 0.009722222222222222 0.03140096618357488
0 0.4166666666666667 0.8635265700483091 0.011111111111111112 0.04589371980676329
0 0.4222222222222222 0.856280193236715 0.008333333333333333 0.04106280193236715
0 0.5645833333333333 0.6642512077294686 0.006944444444444444 0.01932367149758454
0 0.5625 0.6630434782608695 0.005555555555555556 0.021739130434782608
0 0.6548611111111111 0.6594202898550725 0.004166666666666667 0.024154589371980676
0 0.5493055555555556 0.6642512077294686 0.004166666666666667 0.014492753623188406
0 0.5215277777777778 0.6714975845410628 0.004166666666666667 0.014492753623188406
0 0.2625 0.9698067632850241 0.011111111111111112 0.04589371980676329
