0 0.02013888888888889 0.023853211009174313 0.006944444444444444 0.01834862385321101
0 0.6479166666666667 0.3403669724770642 0.0125 0.02018348623853211
0 0.75 0.41559633027522935 0.013888888888888888 0.027522935779816515
0 0.8743055555555556 0.47889908256880737 0.0125 0.029357798165137616
0 0.8805555555555555 0.44770642201834865 0.013888888888888888 0.029357798165137616
0 0.9354166666666667 0.3743119266055046 0.009722222222222222 0.022018348623853212
0 0.9270833333333334 0.39541284403669724 0.015277777777777777 0.031192660550458717
0 0.9284722222222223 0.4504587155963303 0.015277777777777777 0.027522935779816515
0 0.9368055555555556 0.4944954128440367 0.0125 0.023853211009174313
0 0.9770833333333333 0.44954128440366975 0.009722222222222222 0.025688073394495414
0 0.9680555555555556 0.44862385321100917 0.008333333333333333 0.03486238532110092
0 0.9881944444444445 0.3577981651376147 0.015277777777777777 0.025688073394495414
0 0.9138888888888889 0.5293577981651376 0.013888888888888888 0.023853211009174313
0 0.8868055555555555 0.5311926605504587 0.009722222222222222 0.027522935779816515
0 0.8847222222222222 0.563302752293578 0.011111111111111112 0.025688073394495414
0 0.875 0.5431192660550459 0.013888888888888888 0.029357798165137616
0 0.8555555555555555 0.5532110091743119 0.013888888888888888 0.027522935779816515
0 0.8451388888888889 0.5660550458715596 0.0125 0.027522935779816515
