0 0.2986111111111111 0.8285024154589372 0.022222222222222223 0.05314009661835749
0 0.2708333333333333 0.49879227053140096 0.025 0.050724637681159424
0 0.3236111111111111 0.34903381642512077 0.016666666666666666 0.04589371980676329
0 0.35555555555555557 0.2572463768115942 0.022222222222222223 0.05555555555555555
0 0.41597222222222224 0.19444444444444445 0.018055555555555554 0.04589371980676329
0 0.3951388888888889 0.22705314009661837 0.018055555555555554 0.03864734299516908
0 0.3729166666666667 0.20772946859903382 0.018055555555555554 0.05314009661835749
0 0.3375 0.3417874396135266 0.016666666666666666 0.04589371980676329
0 0.4236111111111111 0.3647342995169082 0.019444444444444445 0.04830917874396135
0 0.5819444444444445 0.5495169082125604 0.016666666666666666 0.05555555555555555
0 0.5583333333333333 0.6642512077294686 0.027777777777777776 0.04830917874396135
0 0.23472222222222222 0.9806763285024155 0.025 0.033816425120772944
