0 0.6826388888888889 0.23550724637681159 0.015277777777777777 0.06038647342995169
0 0.6972222222222222 0.2318840579710145 0.013888888888888888 0.06280193236714976
0 0.8694444444444445 0.25 0.016666666666666666 0.06521739130434782
0 0.8652777777777778 0.213768115942029 0.013888888888888888 0.07004830917874397
0 0.7548611111111111 0.25483091787439616 0.018055555555555554 0.04106280193236715
0 0.9243055555555556 0.8804347826086957 0.018055555555555554 0.0748792270531401
0 0.9923611111111111 0.8913043478260869 0.015277777777777777 0.06763285024154589
0 0.9930555555555556 0.8514492753623188 0.016666666666666666 0.05555555555555555
0 0.9881944444444445 0.6570048309178744 0.0125 0.06280193236714976
0 0.9819444444444444 0.4963768115942029 0.016666666666666666 0.05555555555555555
0 0.9756944444444444 0.535024154589372 0.018055555555555554 0.04589371980676329
0 0.9902777777777778 0.3526570048309179 0.013888888888888888 0.06280193236714976
0 0.9388888888888889 0.22826086956521738 0.019444444444444445 0.04106280193236715
0 0.9625 0.26811594202898553 0.016666666666666666 0.03864734299516908
0 0.9722222222222222 0.24879227053140096 0.011111111111111112 0.043478260869565216
