0 0.07708333333333334 0.11956521739130435 0.004166666666666667 0.016908212560386472
0 0.09861111111111111 0.15821256038647344 0.002777777777777778 0.016908212560386472
0 0.1125 0.20652173913043478 0.002777777777777778 0.021739130434782608
0 0.11736111111111111 0.19444444444444445 0.004166666666666667 0.016908212560386472
0 0.12708333333333333 0.24879227053140096 0.004166666666666667 0.01932367149758454
0 0.11319444444444444 0.2463768115942029 0.004166666666666667 0.01932367149758454
0 0.1326388888888889 0.24879227053140096 0.004166666666666667 0.01932367149758454
0 0.12569444444444444 0.213768115942029 0.004166666666666667 0.016908212560386472
0 0.11458333333333333 0.1570048309178744 0.004166666666666667 0.014492753623188406
0 0.15208333333333332 0.2898550724637681 0.004166666666666667 0.024154589371980676
0 0.1625 0.34541062801932365 0.002777777777777778 0.014492753623188406
0 0.16875 0.3442028985507246 0.004166666666666667 0.026570048309178744
0 0.17916666666666667 0.3393719806763285 0.005555555555555556 0.021739130434782608
0 0.1736111111111111 0.3466183574879227 0.002777777777777778 0.021739130434782608
0 0.1451388888888889 0.2946859903381642 0.004166666666666667 0.01932367149758454
0 0.12222222222222222 0.32367149758454106 0.005555555555555556 0.024154589371980676
0 0.09236111111111112 0.10748792270531402 0.004166666666666667 0.016908212560386472
0 0.18888888888888888 0.06884057971014493 0.002777777777777778 0.021739130434782608
0 0.10972222222222222 0.15821256038647344 0.002777777777777778 0.016908212560386472
0 0.08125 0.15217391304347827 0.004166666666666667 0.014492753623188406
0 0.11736111111111111 0.25120772946859904 0.004166666666666667 0.01932367149758454
0 0.12430555555555556 0.23309178743961353 0.004166666666666667 0.016908212560386472
0 0.18888888888888888 0.4033816425120773 0.005555555555555556 0.028985507246376812
0 0.19722222222222222 0.40217391304347827 0.005555555555555556 0.03140096618357488
0 0.1840277777777778 0.40458937198067635 0.004166666666666667 0.026570048309178744
0 0.20972222222222223 0.5096618357487923 0.005555555555555556 0.024154589371980676
0 0.20069444444444445 0.5 0.006944444444444444 0.024154589371980676
0 0.37916666666666665 0.9879227053140096 0.008333333333333333 0.033816425120772944
0 0.33194444444444443 0.8719806763285024 0.005555555555555556 0.03864734299516908
0 0.31805555555555554 0.8128019323671497 0.005555555555555556 0.036231884057971016
0 0.32222222222222224 0.7065217391304348 0.005555555555555556 0.026570048309178744
0 0.3458333333333333 0.75 0.005555555555555556 0.036231884057971016
0 0.3701388888888889 0.7741545893719807 0.006944444444444444 0.036231884057971016
0 0.3138888888888889 0.7137681159420289 0.005555555555555556 0.03140096618357488
0 0.27291666666666664 0.7137681159420289 0.004166666666666667 0.026570048309178744
0 0.28055555555555556 0.7210144927536232 0.005555555555555556 0.03140096618357488
0 0.28958333333333336 0.7536231884057971 0.004166666666666667 0.028985507246376812
0 0.29583333333333334 0.716183574879227 0.005555555555555556 0.036231884057971016
0 0.3138888888888889 0.8188405797101449 0.005555555555555556 0.03864734299516908
0 0.30694444444444446 0.7125603864734299 0.005555555555555556 0.033816425120772944
0 0.325 0.8683574879227053 0.008333333333333333 0.04106280193236715
0 0.2465277777777778 0.6485507246376812 0.004166666666666667 0.03140096618357488
0 0.23819444444444443 0.5748792270531401 0.006944444444444444 0.033816425120772944
0 0.25416666666666665 0.6461352657004831 0.005555555555555556 0.03140096618357488
0 0.23472222222222222 0.6086956521739131 0.005555555555555556 0.028985507246376812
0 0.2465277777777778 0.6159420289855072 0.004166666666666667 0.024154589371980676
0 0.24930555555555556 0.6111111111111112 0.004166666666666667 0.024154589371980676
0 0.23402777777777778 0.6340579710144928 0.004166666666666667 0.021739130434782608
0 0.23819444444444443 0.6159420289855072 0.004166666666666667 0.024154589371980676
0 0.27361111111111114 0.5591787439613527 0.005555555555555556 0.03140096618357488
0 0.34305555555555556 0.7053140096618358 0.005555555555555556 0.024154589371980676
0 0.24166666666666667 0.4722222222222222 0.005555555555555556 0.026570048309178744
0 0.23333333333333334 0.4746376811594203 0.008333333333333333 0.026570048309178744
0 0.34930555555555554 0.30676328502415456 0.009722222222222222 0.028985507246376812
0 0.3076388888888889 0.24879227053140096 0.009722222222222222 0.024154589371980676
0 0.3104166666666667 0.2318840579710145 0.006944444444444444 0.01932367149758454
0 0.4152777777777778 0.6702898550724637 0.008333333333333333 0.036231884057971016
0 0.4597222222222222 0.7210144927536232 0.008333333333333333 0.036231884057971016
0 0.41875 0.6956521739130435 0.006944444444444444 0.028985507246376812
0 0.42569444444444443 0.7016908212560387 0.006944444444444444 0.03140096618357488
0 0.4354166666666667 0.7089371980676329 0.004166666666666667 0.03140096618357488
0 0.5395833333333333 0.9021739130434783 0.006944444444444444 0.036231884057971016
0 0.49444444444444446 0.8466183574879227 0.008333333333333333 0.036231884057971016
0 0.5090277777777777 0.8586956521739131 0.006944444444444444 0.03140096618357488
0 0.5666666666666667 0.9504830917874396 0.008333333333333333 0.04106280193236715
0 0.5847222222222223 0.9468599033816425 0.005555555555555556 0.028985507246376812
0 0.5930555555555556 0.9625603864734299 0.005555555555555556 0.03140096618357488
0 0.9868055555555556 0.927536231884058 0.015277777777777777 0.05314009661835749
