0 0.24097222222222223 0.7761467889908257 0.0375 0.09908256880733946
0 0.18888888888888888 0.7596330275229358 0.030555555555555555 0.08807339449541285
0 0.12777777777777777 0.37889908256880733 0.027777777777777776 0.07522935779816514
0 0.05138888888888889 0.2706422018348624 0.022222222222222223 0.07889908256880734
0 0.07430555555555556 0.26238532110091745 0.02638888888888889 0.07339449541284404
0 0.2902777777777778 0.43119266055045874 0.03888888888888889 0.08440366972477065
0 0.16944444444444445 0.28440366972477066 0.03333333333333333 0.062385321100917435
0 0.2388888888888889 0.13761467889908258 0.030555555555555555 0.062385321100917435
0 0.8881944444444444 0.03669724770642202 0.029166666666666667 0.062385321100917435
0 0.9597222222222223 0.047706422018348627 0.03888888888888889 0.062385321100917435
0 0.35138888888888886 0.7064220183486238 0.03888888888888889 0.08440366972477065
