0 0.02778 0.88991 0.01111 0.02202
0 0.17639 0.8367 0.00833 0.02569
0 0.22361 0.82752 0.00833 0.02202
0 0.21875 0.81284 0.00694 0.02202
0 0.17222 0.82018 0.00833 0.02202
0 0.12847 0.81835 0.00694 0.01835
0 0.15833 0.8211 0.00556 0.02018
0 0.16319 0.82385 0.00694 0.01468
0 0.13472 0.83578 0.01111 0.02385
0 0.13264 0.82294 0.00417 0.02018
0 0.13889 0.82752 0.00833 0.02569
0 0.19792 0.75321 0.00694 0.02018
0 0.18125 0.74037 0.00694 0.02018
0 0.22708 0.76147 0.00694 0.01835
0 0.23403 0.7633 0.00694 0.01835
0 0.24514 0.80459 0.00694 0.02018
0 0.24653 0.79633 0.00694 0.02202
0 0.26458 0.82752 0.00972 0.02569
0 0.32083 0.83211 0.00556 0.02385
0 0.30208 0.79633 0.00972 0.01468
0 0.29861 0.79358 0.00833 0.01651
0 0.40972 0.98349 0.01111 0.02569
0 0.44236 0.84404 0.00972 0.02569
0 0.41181 0.92018 0.00694 0.02752
0 0.49722 0.91376 0.00833 0.02936
0 0.56875 0.8945 0.00694 0.02385
0 0.58472 0.84771 0.00833 0.02569
