0 0.9770833333333333 0.9715596330275229 0.0375 0.05688073394495413
0 0.8944444444444445 0.6192660550458715 0.03888888888888889 0.07155963302752294
0 0.84375 0.5899082568807339 0.02361111111111111 0.07522935779816514
0 0.8631944444444445 0.5788990825688073 0.02361111111111111 0.07522935779816514
0 0.8388888888888889 0.3678899082568807 0.022222222222222223 0.06422018348623854
0 0.8097222222222222 0.43761467889908257 0.019444444444444445 0.060550458715596334
0 0.825 0.43119266055045874 0.019444444444444445 0.05871559633027523
0 0.6340277777777777 0.40642201834862385 0.029166666666666667 0.060550458715596334
0 0.6756944444444445 0.4596330275229358 0.02638888888888889 0.07155963302752294
0 0.7 0.4577981651376147 0.025 0.06788990825688074
0 0.7395833333333334 0.45321100917431195 0.020833333333333332 0.05871559633027523
0 0.75625 0.4504587155963303 0.018055555555555554 0.05688073394495413
0 0.7729166666666667 0.3311926605504587 0.020833333333333332 0.060550458715596334
0 0.8104166666666667 0.30458715596330277 0.02361111111111111 0.06972477064220184
0 0.7111111111111111 0.181651376146789 0.022222222222222223 0.05871559633027523
0 0.7291666666666666 0.17339449541284405 0.019444444444444445 0.05688073394495413
0 0.7743055555555556 0.10458715596330276 0.02361111111111111 0.05504587155963303
0 0.7833333333333333 0.09174311926605505 0.016666666666666666 0.05504587155963303
0 0.8027777777777778 0.08073394495412844 0.022222222222222223 0.06605504587155964
0 0.6784722222222223 0.06605504587155964 0.02361111111111111 0.062385321100917435
0 0.6951388888888889 0.07155963302752294 0.020833333333333332 0.05871559633027523
0 0.7138888888888889 0.06422018348623854 0.019444444444444445 0.05504587155963303
0 0.7256944444444444 0.05596330275229358 0.020833333333333332 0.05688073394495413
0 0.6798611111111111 0.024770642201834864 0.015277777777777777 0.04954128440366973
0 0.6951388888888889 0.026605504587155965 0.018055555555555554 0.05321100917431193
0 0.6243055555555556 0.028440366972477066 0.018055555555555554 0.05688073394495413
0 0.6451388888888889 0.027522935779816515 0.020833333333333332 0.05504587155963303
0 0.04722222222222222 0.9532110091743119 0.06388888888888888 0.07522935779816514
0 0.013194444444444444 0.9467889908256881 0.02638888888888889 0.07339449541284404
