0 0.09097222222222222 0.24516908212560387 0.015277777777777777 0.07004830917874397
0 0.07847222222222222 0.2391304347826087 0.009722222222222222 0.057971014492753624
0 0.06527777777777778 0.23671497584541062 0.013888888888888888 0.04830917874396135
0 0.11458333333333333 0.4782608695652174 0.015277777777777777 0.06763285024154589
0 0.25763888888888886 0.8828502415458938 0.02361111111111111 0.07004830917874397
0 0.07708333333333334 0.18719806763285024 0.015277777777777777 0.06521739130434782
0 0.10138888888888889 0.1859903381642512 0.016666666666666666 0.057971014492753624
0 0.022916666666666665 0.29830917874396135 0.015277777777777777 0.05555555555555555
0 0.011111111111111112 0.28743961352657005 0.013888888888888888 0.057971014492753624
0 0.36041666666666666 0.9758454106280193 0.02361111111111111 0.043478260869565216
0 0.27569444444444446 0.9867149758454107 0.018055555555555554 0.021739130434782608
