0 0.91736 0.20367 0.0125 0.04037
0 0.925 0.18716 0.01111 0.0367
0 0.85903 0.2 0.00972 0.0367
0 0.76667 0.21376 0.01111 0.03853
0 0.86944 0.20092 0.00833 0.03853
0 0.83958 0.24312 0.0125 0.02018
0 0.7125 0.24404 0.01111 0.04771
0 0.02361 0.75413 0.02778 0.04771
0 0.02222 0.72661 0.025 0.04771
0 0.58125 0.70367 0.01806 0.04954
0 0.62014 0.63945 0.01806 0.0422
0 0.62361 0.66789 0.01944 0.05138
0 0.67431 0.62844 0.01528 0.04587
0 0.63056 0.4945 0.01389 0.03853
0 0.67431 0.5055 0.01806 0.04587
0 0.675 0.46239 0.01944 0.04404
0 0.77986 0.42294 0.0125 0.04587
0 0.79097 0.39633 0.0125 0.04404
0 0.83333 0.38349 0.01111 0.04771
0 0.88125 0.38899 0.0125 0.04037
0 0.90278 0.29908 0.01111 0.02936
0 0.90556 0.2844 0.01667 0.02936
0 0.95694 0.25046 0.01389 0.02752
