0 0.8791666666666667 0.3146788990825688 0.08611111111111111 0.09357798165137615
0 0.8152777777777778 0.22844036697247708 0.044444444444444446 0.04954128440366973
0 0.8395833333333333 0.20458715596330276 0.0625 0.07155963302752294
0 0.7923611111111111 0.13577981651376148 0.05694444444444444 0.06972477064220184
0 0.6840277777777778 0.23486238532110093 0.05138888888888889 0.07706422018348624
0 0.6597222222222222 0.344954128440367 0.05555555555555555 0.07339449541284404
0 0.5715277777777777 0.3 0.059722222222222225 0.09724770642201835
0 0.40069444444444446 0.3568807339449541 0.06805555555555555 0.10458715596330276
0 0.5006944444444444 0.42201834862385323 0.043055555555555555 0.07706422018348624
0 0.53125 0.41100917431192663 0.05694444444444444 0.09174311926605505
0 0.4479166666666667 0.5009174311926605 0.05138888888888889 0.09541284403669725
0 0.09444444444444444 0.5486238532110091 0.05 0.07339449541284404
0 0.10138888888888889 0.47155963302752296 0.05277777777777778 0.08073394495412844
0 0.08472222222222223 0.40275229357798165 0.058333333333333334 0.07889908256880734
0 0.24513888888888888 0.3688073394495413 0.05138888888888889 0.08440366972477065
0 0.28888888888888886 0.4669724770642202 0.05 0.10091743119266056
