0 0.9534722222222223 0.44323671497584544 0.009722222222222222 0.05555555555555555
0 0.9291666666666667 0.4504830917874396 0.008333333333333333 0.07004830917874397
0 0.9006944444444445 0.4613526570048309 0.0125 0.06280193236714976
0 0.5458333333333333 0.4939613526570048 0.011111111111111112 0.04589371980676329
0 0.5388888888888889 0.4758454106280193 0.011111111111111112 0.04830917874396135
0 0.3194444444444444 0.8454106280193237 0.013888888888888888 0.07729468599033816
0 0.2972222222222222 0.9033816425120773 0.016666666666666666 0.057971014492753624
0 0.2916666666666667 0.8683574879227053 0.019444444444444445 0.05555555555555555
0 0.3138888888888889 0.572463768115942 0.022222222222222223 0.057971014492753624
0 0.27361111111111114 0.7669082125603864 0.013888888888888888 0.04589371980676329
0 0.2701388888888889 0.8067632850241546 0.018055555555555554 0.057971014492753624
