0 0.10833 0.97156 0.04444 0.08257
0 0.01806 0.68349 0.02778 0.03853
0 0.07014 0.66606 0.03194 0.04037
0 0.09167 0.65046 0.03611 0.03486
0 0.11528 0.64495 0.02778 0.03853
0 0.13403 0.63303 0.02639 0.03303
0 0.15972 0.62477 0.03333 0.03119
0 0.91042 0.37339 0.02083 0.04587
0 0.07778 0.38349 0.02222 0.04037
0 0.09444 0.38165 0.02222 0.04404
0 0.15556 0.4422 0.03056 0.05872
0 0.16944 0.42936 0.025 0.05872
0 0.2625 0.42477 0.02222 0.0422
0 0.27639 0.41193 0.01944 0.05321
0 0.35764 0.40734 0.01806 0.04404
0 0.36875 0.39725 0.02361 0.04954
0 0.40903 0.39633 0.01806 0.04404
0 0.44514 0.39725 0.01528 0.0422
0 0.45278 0.38257 0.01389 0.03486
0 0.52083 0.32936 0.01389 0.03853
