0 0.9131944444444444 0.9412844036697248 0.018055555555555554 0.05504587155963303
0 0.9284722222222223 0.9467889908256881 0.0125 0.05871559633027523
0 0.9402777777777778 0.9403669724770642 0.013888888888888888 0.05688073394495413
0 0.6979166666666666 0.7348623853211009 0.018055555555555554 0.05321100917431193
0 0.6680555555555555 0.7027522935779816 0.008333333333333333 0.047706422018348627
0 0.7625 0.8247706422018348 0.016666666666666666 0.045871559633027525
0 0.6555555555555556 0.634862385321101 0.013888888888888888 0.044036697247706424
0 0.7180555555555556 0.744954128440367 0.011111111111111112 0.044036697247706424
0 0.7104166666666667 0.6954128440366972 0.015277777777777777 0.04036697247706422
0 0.03819444444444445 0.1908256880733945 0.015277777777777777 0.03302752293577982
0 0.2513888888888889 0.3871559633027523 0.016666666666666666 0.044036697247706424
0 0.26180555555555557 0.3853211009174312 0.015277777777777777 0.04036697247706422
0 0.30069444444444443 0.41926605504587156 0.018055555555555554 0.03853211009174312
0 0.3055555555555556 0.41284403669724773 0.013888888888888888 0.04036697247706422
0 0.2875 0.41376146788990825 0.013888888888888888 0.03486238532110092
0 0.225 0.3889908256880734 0.016666666666666666 0.044036697247706424
0 0.26319444444444445 0.43211009174311926 0.015277777777777777 0.04220183486238532
0 0.42916666666666664 0.808256880733945 0.011111111111111112 0.045871559633027525
