0 0.23958333333333334 0.07971014492753623 0.004166666666666667 0.01932367149758454
0 0.26319444444444445 0.08816425120772947 0.004166666666666667 0.021739130434782608
0 0.25416666666666665 0.10144927536231885 0.002777777777777778 0.01932367149758454
0 0.10625 0.20652173913043478 0.006944444444444444 0.021739130434782608
0 0.6048611111111111 0.21014492753623187 0.006944444444444444 0.01932367149758454
0 0.5993055555555555 0.35507246376811596 0.004166666666666667 0.014492753623188406
0 0.5930555555555556 0.36231884057971014 0.002777777777777778 0.014492753623188406
0 0.5909722222222222 0.34541062801932365 0.004166666666666667 0.014492753623188406
0 0.11736111111111111 0.7789855072463768 0.004166666666666667 0.021739130434782608
0 0.14097222222222222 0.7862318840579711 0.006944444444444444 0.021739130434782608
0 0.14375 0.7669082125603864 0.006944444444444444 0.021739130434782608
0 0.2076388888888889 0.7077294685990339 0.006944444444444444 0.00966183574879227
0 0.24166666666666667 0.6799516908212561 0.005555555555555556 0.021739130434782608
0 0.21458333333333332 0.6521739130434783 0.006944444444444444 0.014492753623188406
0 0.7798611111111111 0.9842995169082126 0.0125 0.026570048309178744
0 0.7951388888888888 0.9879227053140096 0.009722222222222222 0.028985507246376812
