0 0.1361111111111111 0.6111111111111112 0.011111111111111112 0.05314009661835749
0 0.058333333333333334 0.6871980676328503 0.011111111111111112 0.050724637681159424
0 0.5340277777777778 0.7475845410628019 0.02361111111111111 0.07004830917874397
0 0.6194444444444445 0.45410628019323673 0.013888888888888888 0.043478260869565216
0 0.6368055555555555 0.4806763285024155 0.0125 0.043478260869565216
0 0.725 0.40700483091787437 0.019444444444444445 0.050724637681159424
0 0.7347222222222223 0.42028985507246375 0.019444444444444445 0.05314009661835749
0 0.9909722222222223 0.21739130434782608 0.0125 0.04830917874396135
0 0.6555555555555556 0.2427536231884058 0.011111111111111112 0.04589371980676329
0 0.6486111111111111 0.22705314009661837 0.013888888888888888 0.043478260869565216
0 0.85 0.20893719806763286 0.013888888888888888 0.026570048309178744
0 0.8395833333333333 0.20772946859903382 0.009722222222222222 0.028985507246376812
