0 0.11388888888888889 0.5770642201834862 0.008333333333333333 0.03853211009174312
0 0.46458333333333335 0.009174311926605505 0.004166666666666667 0.014678899082568808
0 0.5520833333333334 0.3110091743119266 0.009722222222222222 0.027522935779816515
0 0.7548611111111111 0.6018348623853211 0.004166666666666667 0.022018348623853212
0 0.7444444444444445 0.5972477064220183 0.011111111111111112 0.031192660550458717
0 0.4236111111111111 0.006422018348623854 0.005555555555555556 0.012844036697247707
0 0.42777777777777776 0.047706422018348627 0.005555555555555556 0.011009174311926606
0 0.4201388888888889 0.07614678899082569 0.006944444444444444 0.009174311926605505
0 0.45 0.14403669724770643 0.008333333333333333 0.01651376146788991
0 0.6222222222222222 0.2853211009174312 0.011111111111111112 0.02018348623853211
0 0.28888888888888886 0.7 0.008333333333333333 0.02018348623853211
0 0.24513888888888888 0.8752293577981651 0.015277777777777777 0.029357798165137616
