0 0.1388888888888889 0.7495412844036697 0.016666666666666666 0.03853211009174312
0 0.21458333333333332 0.6981651376146789 0.015277777777777777 0.03853211009174312
0 0.28541666666666665 0.6201834862385321 0.0125 0.044036697247706424
0 0.37777777777777777 0.5669724770642202 0.013888888888888888 0.03302752293577982
0 0.5381944444444444 0.44220183486238535 0.009722222222222222 0.029357798165137616
0 0.6166666666666667 0.763302752293578 0.011111111111111112 0.04036697247706422
0 0.8027777777777778 0.15045871559633028 0.005555555555555556 0.011009174311926606
0 0.8138888888888889 0.15412844036697249 0.005555555555555556 0.011009174311926606
0 0.7916666666666666 0.17889908256880735 0.005555555555555556 0.012844036697247707
0 0.7847222222222222 0.1944954128440367 0.005555555555555556 0.014678899082568808
0 0.7097222222222223 0.2706422018348624 0.008333333333333333 0.023853211009174313
0 0.7013888888888888 0.3165137614678899 0.008333333333333333 0.023853211009174313
0 0.7673611111111112 0.24495412844036699 0.0125 0.01651376146788991
0 0.6631944444444444 0.3339449541284404 0.006944444444444444 0.014678899082568808
