0 0.5458333333333333 0.11651376146788991 0.03333333333333333 0.031192660550458717
0 0.5034722222222222 0.22201834862385322 0.029166666666666667 0.025688073394495414
0 0.50625 0.5431192660550459 0.029166666666666667 0.04036697247706422
0 0.46597222222222223 0.43944954128440367 0.03194444444444444 0.03486238532110092
0 0.4041666666666667 0.42018348623853213 0.03333333333333333 0.029357798165137616
0 0.24444444444444444 0.25688073394495414 0.025 0.03302752293577982
0 0.20625 0.30642201834862387 0.02361111111111111 0.03669724770642202
0 0.11527777777777778 0.15504587155963304 0.027777777777777776 0.03486238532110092
0 0.09375 0.20825688073394497 0.029166666666666667 0.04220183486238532
0 0.41458333333333336 0.8770642201834863 0.0375 0.05137614678899083
0 0.10486111111111111 0.5522935779816514 0.03194444444444444 0.044036697247706424
0 0.12916666666666668 0.5807339449541284 0.022222222222222223 0.03486238532110092
0 0.16458333333333333 0.634862385321101 0.02361111111111111 0.04036697247706422
0 0.17569444444444443 0.6477064220183486 0.020833333333333332 0.03302752293577982
0 0.20833333333333334 0.7055045871559633 0.027777777777777776 0.045871559633027525
0 0.07083333333333333 0.4917431192660551 0.025 0.03669724770642202
