0 0.6145833333333334 0.9440366972477064 0.0375 0.08256880733944955
0 0.6104166666666667 0.9853211009174312 0.04027777777777778 0.08807339449541285
0 0.5944444444444444 0.7614678899082569 0.030555555555555555 0.06972477064220184
0 0.6006944444444444 0.7981651376146789 0.04027777777777778 0.09174311926605505
0 0.9027777777777778 0.6559633027522935 0.03611111111111111 0.09357798165137615
0 0.7131944444444445 0.1981651376146789 0.02638888888888889 0.08073394495412844
0 0.6708333333333333 0.22293577981651377 0.027777777777777776 0.08256880733944955
0 0.6826388888888889 0.05596330275229358 0.02361111111111111 0.07522935779816514
0 0.7791666666666667 0.1889908256880734 0.022222222222222223 0.06972477064220184
0 0.6131944444444445 0.40825688073394495 0.02638888888888889 0.08256880733944955
