0 0.43472222222222223 0.4384057971014493 0.013888888888888888 0.04106280193236715
0 0.4708333333333333 0.4855072463768116 0.011111111111111112 0.033816425120772944
0 0.4666666666666667 0.5024154589371981 0.016666666666666666 0.043478260869565216
0 0.47152777777777777 0.5374396135265701 0.0125 0.036231884057971016
0 0.46944444444444444 0.5555555555555556 0.013888888888888888 0.043478260869565216
0 0.5569444444444445 0.6727053140096618 0.022222222222222223 0.036231884057971016
0 0.5743055555555555 0.6630434782608695 0.0125 0.036231884057971016
0 0.55625 0.642512077294686 0.018055555555555554 0.01932367149758454
0 0.6111111111111112 0.8840579710144928 0.013888888888888888 0.033816425120772944
0 0.6423611111111112 0.966183574879227 0.018055555555555554 0.033816425120772944
0 0.6618055555555555 0.9625603864734299 0.018055555555555554 0.03140096618357488
