0 0.27153 0.89372 0.00972 0.03382
0 0.30625 0.81884 0.00972 0.04831
0 0.29444 0.82246 0.00833 0.04589
0 0.26042 0.79952 0.00694 0.04348
0 0.26806 0.82609 0.01111 0.04831
0 0.27292 0.8285 0.00972 0.04348
0 0.27361 0.78261 0.00833 0.02415
0 0.27083 0.80435 0.00556 0.02415
0 0.24306 0.76691 0.00833 0.04589
0 0.27083 0.66787 0.01111 0.04589
0 0.24167 0.56401 0.00833 0.04106
0 0.26736 0.55072 0.00972 0.04348
0 0.22708 0.52415 0.00694 0.04831
0 0.26042 0.49758 0.00694 0.03865
0 0.25208 0.43961 0.00972 0.04348
0 0.24722 0.42512 0.00833 0.03382
0 0.26319 0.44082 0.00694 0.03623
0 0.2125 0.32005 0.00833 0.03623
0 0.23264 0.31401 0.00972 0.02899
0 0.21944 0.13647 0.00556 0.03623
0 0.22083 0.15821 0.00556 0.0314
0 0.22917 0.1401 0.00833 0.03382
0 0.22847 0.15217 0.00694 0.02415
0 0.23125 0.19928 0.00694 0.03623
0 0.30764 0.25845 0.00972 0.03865
0 0.28542 0.22705 0.00694 0.03865
0 0.30486 0.31763 0.00694 0.03623
0 0.28472 0.32609 0.01111 0.03865
0 0.27014 0.32126 0.00694 0.03382
0 0.26181 0.31884 0.00694 0.03382
0 0.24444 0.31159 0.00833 0.03865
0 0.25278 0.31643 0.00833 0.03382
0 0.27639 0.3128 0.00833 0.0314
0 0.26875 0.26932 0.00972 0.03623
0 0.28333 0.27415 0.01111 0.02174
0 0.22847 0.24758 0.00694 0.0314
0 0.23819 0.24879 0.00694 0.03382
0 0.25139 0.25 0.01111 0.03623
0 0.25903 0.22705 0.00694 0.03382
