0 0.9701388888888889 0.033816425120772944 0.015277777777777777 0.06280193236714976
0 0.9652777777777778 0.7222222222222222 0.025 0.07729468599033816
0 0.9729166666666667 0.822463768115942 0.02638888888888889 0.05555555555555555
0 0.5701388888888889 0.4782608695652174 0.018055555555555554 0.043478260869565216
0 0.48819444444444443 0.7451690821256038 0.029166666666666667 0.07004830917874397
0 0.42569444444444443 0.6884057971014492 0.018055555555555554 0.06763285024154589
0 0.48055555555555557 0.607487922705314 0.030555555555555555 0.06521739130434782
0 0.6798611111111111 0.5519323671497585 0.020833333333333332 0.05555555555555555
0 0.7243055555555555 0.5591787439613527 0.015277777777777777 0.04106280193236715
0 0.5388888888888889 0.40700483091787437 0.016666666666666666 0.04589371980676329
0 0.7930555555555555 0.15579710144927536 0.013888888888888888 0.05555555555555555
0 0.8208333333333333 0.1606280193236715 0.013888888888888888 0.050724637681159424
0 0.7930555555555555 0.09178743961352658 0.022222222222222223 0.04830917874396135
0 0.8097222222222222 0.10024154589371981 0.016666666666666666 0.05555555555555555
0 0.8354166666666667 0.11835748792270531 0.015277777777777777 0.043478260869565216
0 0.8465277777777778 0.1292270531400966 0.018055555555555554 0.04589371980676329
0 0.8472222222222222 0.10265700483091787 0.013888888888888888 0.04589371980676329
0 0.9909722222222223 0.8152173913043478 0.018055555555555554 0.07004830917874397
