0 0.03681 0.56239 0.00694 0.02018
0 0.04583 0.57523 0.00556 0.01651
0 0.05278 0.57431 0.00556 0.01835
0 0.11458 0.59633 0.00694 0.02202
0 0.31528 0.76606 0.00833 0.03119
0 0.34236 0.7789 0.00972 0.03119
0 0.55417 0.77798 0.01111 0.03303
0 0.57986 0.75596 0.00972 0.0367
0 0.72014 0.78899 0.00972 0.0367
0 0.78681 0.8211 0.0125 0.03853
0 0.83542 0.7578 0.00972 0.02569
0 0.69097 0.86881 0.00694 0.03486
0 0.95417 0.89817 0.01111 0.03853
0 0.90278 0.66514 0.00833 0.03119
0 0.93194 0.66239 0.00833 0.02936
0 0.93958 0.66422 0.00694 0.02936
