0 0.058333333333333334 0.20917431192660552 0.011111111111111112 0.03669724770642202
0 0.13472222222222222 0.5807339449541284 0.019444444444444445 0.04220183486238532
0 0.12916666666666668 0.5504587155963303 0.019444444444444445 0.05137614678899083
0 0.09166666666666666 0.44954128440366975 0.013888888888888888 0.03669724770642202
0 0.07708333333333334 0.21100917431192662 0.0125 0.03302752293577982
0 0.2263888888888889 0.5119266055045871 0.019444444444444445 0.06605504587155964
0 0.1798611111111111 0.23302752293577983 0.009722222222222222 0.025688073394495414
0 0.18888888888888888 0.23669724770642203 0.008333333333333333 0.022018348623853212
0 0.27847222222222223 0.29174311926605506 0.015277777777777777 0.03669724770642202
0 0.20347222222222222 0.29724770642201837 0.009722222222222222 0.04036697247706422
0 0.24513888888888888 0.9899082568807339 0.034722222222222224 0.09357798165137615
0 0.01597222222222222 0.2889908256880734 0.018055555555555554 0.04220183486238532
