0 0.04444 0.92752 0.01667 0.06055
0 0.08681 0.94771 0.0125 0.06055
0 0.10347 0.95596 0.01528 0.06972
0 0.15417 0.95229 0.01667 0.06972
0 0.17986 0.95321 0.01528 0.06055
0 0.19444 0.94771 0.01389 0.04954
0 0.15347 0.9367 0.01528 0.06055
0 0.10278 0.92385 0.01389 0.06055
0 0.12986 0.92661 0.00972 0.06239
0 0.11736 0.9055 0.0125 0.06422
0 0.12708 0.90917 0.0125 0.06055
0 0.15903 0.87431 0.00972 0.06055
0 0.14514 0.88257 0.01528 0.05872
0 0.14028 0.86881 0.01111 0.06055
0 0.17708 0.88807 0.00972 0.05872
0 0.175 0.86789 0.01111 0.06239
0 0.19653 0.89174 0.0125 0.05872
