0 0.030555555555555555 0.9396135265700483 0.013888888888888888 0.04830917874396135
0 0.13472222222222222 0.7753623188405797 0.016666666666666666 0.06280193236714976
0 0.18125 0.7717391304347826 0.0125 0.03140096618357488
0 0.16875 0.7681159420289855 0.009722222222222222 0.028985507246376812
0 0.15 0.7608695652173914 0.011111111111111112 0.043478260869565216
0 0.1125 0.7536231884057971 0.022222222222222223 0.043478260869565216
0 0.09722222222222222 0.7463768115942029 0.013888888888888888 0.043478260869565216
0 0.07569444444444444 0.7391304347826086 0.0125 0.03864734299516908
0 0.06041666666666667 0.7342995169082126 0.018055555555555554 0.043478260869565216
0 0.13680555555555557 0.7596618357487923 0.0125 0.03140096618357488
0 0.15833333333333333 0.75 0.008333333333333333 0.036231884057971016
0 0.07013888888888889 0.5253623188405797 0.009722222222222222 0.036231884057971016
0 0.2298611111111111 0.4806763285024155 0.009722222222222222 0.05314009661835749
0 0.3034722222222222 0.7572463768115942 0.03194444444444444 0.036231884057971016
0 0.5347222222222222 0.5688405797101449 0.005555555555555556 0.04589371980676329
0 0.8291666666666667 0.16183574879227053 0.008333333333333333 0.033816425120772944
