0 0.04652777777777778 0.01743119266055046 0.015277777777777777 0.03486238532110092
0 0.39375 0.38073394495412843 0.03194444444444444 0.08256880733944955
0 0.3729166666666667 0.29908256880733947 0.02361111111111111 0.062385321100917435
0 0.56875 0.2853211009174312 0.03194444444444444 0.07889908256880734
0 0.5013888888888889 0.20642201834862386 0.03333333333333333 0.07522935779816514
0 0.5173611111111112 0.38256880733944953 0.02361111111111111 0.08990825688073395
0 0.5375 0.3688073394495413 0.030555555555555555 0.08807339449541285
0 0.525 0.336697247706422 0.025 0.06788990825688074
0 0.63125 0.4889908256880734 0.04027777777777778 0.09357798165137615
0 0.4236111111111111 0.13302752293577982 0.019444444444444445 0.06422018348623854
0 0.3875 0.12110091743119267 0.022222222222222223 0.07706422018348624
0 0.3347222222222222 0.10550458715596331 0.022222222222222223 0.06788990825688074
0 0.3506944444444444 0.03761467889908257 0.02638888888888889 0.07522935779816514
0 0.3090277777777778 0.028440366972477066 0.020833333333333332 0.05688073394495413
0 0.2881944444444444 0.11834862385321102 0.018055555555555554 0.06788990825688074
0 0.2701388888888889 0.06330275229357799 0.018055555555555554 0.06788990825688074
0 0.2534722222222222 0.06788990825688074 0.015277777777777777 0.08073394495412844
0 0.425 0.3 0.030555555555555555 0.07155963302752294
0 0.6423611111111112 0.38256880733944953 0.043055555555555555 0.06788990825688074
