0 0.12083333333333333 0.673394495412844 0.030555555555555555 0.09174311926605505
0 0.07777777777777778 0.763302752293578 0.022222222222222223 0.07706422018348624
0 0.08263888888888889 0.718348623853211 0.03194444444444444 0.06422018348623854
0 0.08194444444444444 0.6889908256880733 0.03611111111111111 0.07522935779816514
0 0.5520833333333334 0.9119266055045872 0.043055555555555555 0.08440366972477065
0 0.5986111111111111 0.8990825688073395 0.041666666666666664 0.07706422018348624
0 0.5798611111111112 0.8642201834862385 0.0375 0.07706422018348624
0 0.5555555555555556 0.8724770642201835 0.03333333333333333 0.08256880733944955
0 0.29097222222222224 0.6247706422018349 0.02638888888888889 0.07522935779816514
0 0.3159722222222222 0.6293577981651376 0.02638888888888889 0.08073394495412844
0 0.5229166666666667 0.3513761467889908 0.02638888888888889 0.07155963302752294
0 0.39166666666666666 0.20458715596330276 0.025 0.08990825688073395
0 0.5173611111111112 0.3779816513761468 0.029166666666666667 0.08440366972477065
0 0.5944444444444444 0.3155963302752294 0.027777777777777776 0.08440366972477065
