0 0.8576388888888888 0.23429951690821257 0.015277777777777777 0.043478260869565216
0 0.8590277777777777 0.2608695652173913 0.0125 0.03864734299516908
0 0.8076388888888889 0.4166666666666667 0.015277777777777777 0.036231884057971016
0 0.7638888888888888 0.4142512077294686 0.013888888888888888 0.04106280193236715
0 0.7520833333333333 0.42028985507246375 0.009722222222222222 0.028985507246376812
0 0.7465277777777778 0.4601449275362319 0.015277777777777777 0.03140096618357488
0 0.71875 0.5132850241545893 0.015277777777777777 0.026570048309178744
0 0.8041666666666667 0.5205314009661836 0.019444444444444445 0.04106280193236715
0 0.6638888888888889 0.5664251207729468 0.019444444444444445 0.036231884057971016
0 0.21736111111111112 0.7536231884057971 0.0375 0.028985507246376812
0 0.075 0.8599033816425121 0.03611111111111111 0.04830917874396135
