0 0.16111 0.06606 0.00833 0.01101
0 0.14444 0.09817 0.00556 0.01284
0 0.19167 0.06606 0.00556 0.01468
0 0.19236 0.10642 0.00694 0.01468
0 0.15833 0.1422 0.00833 0.01284
0 0.25972 0.1945 0.00833 0.01835
0 0.31667 0.19083 0.00833 0.02569
0 0.31181 0.16789 0.00972 0.02752
0 0.32153 0.3789 0.00694 0.02752
0 0.32014 0.35688 0.00694 0.02385
0 0.34236 0.35963 0.00694 0.01835
0 0.07569 0.50734 0.00972 0.02385
0 0.20417 0.54404 0.00833 0.02018
0 0.16806 0.79266 0.01111 0.02569
0 0.12708 0.86239 0.01528 0.02202
0 0.34722 0.86055 0.01111 0.0367
0 0.02014 0.99908 0.01528 0.02385
0 0.35347 0.13945 0.00694 0.02569
0 0.20833 0.35321 0.00833 0.01651
