0 0.024305555555555556 0.48990825688073397 0.034722222222222224 0.05871559633027523
0 0.28402777777777777 0.2963302752293578 0.0125 0.031192660550458717
0 0.21041666666666667 0.163302752293578 0.006944444444444444 0.01834862385321101
0 0.11597222222222223 0.13302752293577982 0.009722222222222222 0.01651376146788991
0 0.6652777777777777 0.2798165137614679 0.016666666666666666 0.03486238532110092
0 0.6395833333333333 0.28073394495412846 0.015277777777777777 0.03302752293577982
0 0.5416666666666666 0.4724770642201835 0.030555555555555555 0.07155963302752294
0 0.85 0.29174311926605506 0.013888888888888888 0.022018348623853212
0 0.8979166666666667 0.28440366972477066 0.015277777777777777 0.04036697247706422
0 0.8590277777777777 0.281651376146789 0.009722222222222222 0.03486238532110092
