0 0.06111111111111111 0.1 0.06111111111111111 0.06422018348623854
0 0.10138888888888889 0.11467889908256881 0.04722222222222222 0.06422018348623854
0 0.20625 0.11559633027522936 0.05416666666666667 0.08073394495412844
0 0.5291666666666667 0.10458715596330276 0.03888888888888889 0.09908256880733946
0 0.5020833333333333 0.3798165137614679 0.05694444444444444 0.12844036697247707
0 0.42777777777777776 0.23302752293577983 0.05277777777777778 0.12110091743119267
0 0.2833333333333333 0.05137614678899083 0.04722222222222222 0.10275229357798166
0 0.32222222222222224 0.081651376146789 0.05277777777777778 0.11192660550458716
0 0.5902777777777778 0.081651376146789 0.03333333333333333 0.09357798165137615
0 0.6868055555555556 0.05504587155963303 0.02638888888888889 0.08073394495412844
0 0.6875 0.028440366972477066 0.025 0.05688073394495413
0 0.7034722222222223 0.031192660550458717 0.029166666666666667 0.062385321100917435
0 0.6131944444444445 0.0871559633027523 0.034722222222222224 0.05688073394495413
0 0.4708333333333333 0.13761467889908258 0.05 0.06972477064220184
0 0.59375 0.0798165137614679 0.03194444444444444 0.060550458715596334
