0 0.98611 0.73119 0.01111 0.04587
0 0.99167 0.72936 0.01389 0.04587
0 0.85139 0.70092 0.01389 0.04037
0 0.86528 0.69908 0.01389 0.0367
0 0.79375 0.70826 0.0125 0.0367
0 0.79097 0.70183 0.01806 0.03853
0 0.71667 0.71743 0.01667 0.02569
0 0.74375 0.72844 0.01528 0.04037
0 0.30694 0.88716 0.025 0.06789
0 0.30625 0.61743 0.0125 0.03486
0 0.01944 0.97339 0.01667 0.06789
0 0.12569 0.86972 0.01806 0.06606
0 0.14167 0.81009 0.01389 0.04587
0 0.125 0.80183 0.01389 0.04404
0 0.11389 0.79725 0.01389 0.03853
0 0.16528 0.61101 0.01111 0.03303
0 0.16111 0.60826 0.00833 0.03119
0 0.15764 0.60917 0.00694 0.02202
0 0.14444 0.59083 0.00833 0.01835
