0 0.9298611111111111 0.03140096618357488 0.018055555555555554 0.06280193236714976
0 0.9395833333333333 0.026570048309178744 0.015277777777777777 0.05314009661835749
0 0.9791666666666666 0.04830917874396135 0.016666666666666666 0.06280193236714976
0 0.9993055555555556 0.06763285024154589 0.018055555555555554 0.06280193236714976
0 0.7534722222222222 0.2693236714975845 0.018055555555555554 0.06038647342995169
0 0.9270833333333334 0.20169082125603865 0.018055555555555554 0.050724637681159424
0 0.8583333333333333 0.5169082125603864 0.022222222222222223 0.04830917874396135
0 0.8270833333333333 0.5301932367149759 0.015277777777777777 0.05555555555555555
0 0.8041666666666667 0.533816425120773 0.013888888888888888 0.04830917874396135
0 0.8236111111111111 0.5060386473429952 0.011111111111111112 0.05555555555555555
0 0.8229166666666666 0.463768115942029 0.020833333333333332 0.04830917874396135
0 0.8354166666666667 0.4251207729468599 0.018055555555555554 0.043478260869565216
