0 0.09166666666666666 0.9528985507246377 0.011111111111111112 0.04106280193236715
0 0.09305555555555556 0.9214975845410628 0.013888888888888888 0.04106280193236715
0 0.059027777777777776 0.9118357487922706 0.0125 0.050724637681159424
0 0.07361111111111111 0.7910628019323671 0.011111111111111112 0.036231884057971016
0 0.019444444444444445 0.8067632850241546 0.011111111111111112 0.043478260869565216
0 0.030555555555555555 0.8200483091787439 0.011111111111111112 0.04589371980676329
0 0.034027777777777775 0.8538647342995169 0.0125 0.05555555555555555
0 0.05277777777777778 0.8635265700483091 0.013888888888888888 0.04589371980676329
0 0.05277777777777778 0.782608695652174 0.013888888888888888 0.04830917874396135
0 0.075 0.822463768115942 0.011111111111111112 0.04589371980676329
0 0.07222222222222222 0.14855072463768115 0.008333333333333333 0.04589371980676329
0 0.07847222222222222 0.13647342995169082 0.009722222222222222 0.05555555555555555
0 0.3736111111111111 0.3852657004830918 0.016666666666666666 0.04589371980676329
0 0.8319444444444445 0.07246376811594203 0.025 0.03864734299516908
0 0.8347222222222223 0.03743961352657005 0.011111111111111112 0.03140096618357488
0 0.8243055555555555 0.033816425120772944 0.009722222222222222 0.033816425120772944
