0 0.717663421418637 0.8529411764705882 0.025034770514603615 0.05514705882352941
0 0.8136300417246175 0.7693014705882353 0.027816411682892908 0.05698529411764706
0 0.9596662030598053 0.8253676470588235 0.025034770514603615 0.05514705882352941
0 0.2267037552155772 0.4172794117647059 0.030598052851182198 0.058823529411764705
0 0.6244784422809457 0.4797794117647059 0.030598052851182198 0.0661764705882353
0 0.5257301808066759 0.6755514705882353 0.022253129346314324 0.042279411764705885
0 0.6592489568845619 0.42003676470588236 0.019471488178025034 0.05698529411764706
0 0.502086230876217 0.28400735294117646 0.025034770514603615 0.05698529411764706
0 0.8018080667593881 0.5073529411764706 0.01808066759388039 0.04411764705882353
0 0.8101529902642559 0.49264705882352944 0.01808066759388039 0.04044117647058824
0 0.8171070931849791 0.47150735294117646 0.015299026425591099 0.034926470588235295
0 0.8873435326842837 0.7904411764705882 0.025034770514603615 0.058823529411764705
0 0.5556328233657858 0.6544117647058824 0.02920723226703755 0.04044117647058824
0 0.9561891515994436 0.7159926470588235 0.01808066759388039 0.06066176470588235
0 0.8331015299026425 0.7279411764705882 0.016689847009735744 0.0625
