0 0.5277777777777778 0.06884057971014493 0.002777777777777778 0.016908212560386472
0 0.5215277777777778 0.06884057971014493 0.004166666666666667 0.021739130434782608
0 0.66875 0.06642512077294686 0.004166666666666667 0.016908212560386472
0 0.6291666666666667 0.1751207729468599 0.005555555555555556 0.021739130434782608
0 0.6319444444444444 0.16908212560386474 0.005555555555555556 0.01932367149758454
0 0.6416666666666667 0.17270531400966183 0.005555555555555556 0.021739130434782608
0 0.4951388888888889 0.24516908212560387 0.006944444444444444 0.026570048309178744
0 0.45416666666666666 0.3888888888888889 0.005555555555555556 0.033816425120772944
0 0.44583333333333336 0.39492753623188404 0.008333333333333333 0.036231884057971016
0 0.4375 0.3997584541062802 0.005555555555555556 0.036231884057971016
0 0.7979166666666667 0.8079710144927537 0.006944444444444444 0.007246376811594203
0 0.8083333333333333 0.8079710144927537 0.008333333333333333 0.007246376811594203
0 0.8006944444444445 0.7971014492753623 0.006944444444444444 0.00966183574879227
0 0.8027777777777778 0.783816425120773 0.005555555555555556 0.007246376811594203
0 0.8111111111111111 0.7862318840579711 0.005555555555555556 0.007246376811594203
0 0.8041666666666667 0.7729468599033816 0.005555555555555556 0.00966183574879227
0 0.8125 0.7729468599033816 0.008333333333333333 0.00966183574879227
0 0.8069444444444445 0.748792270531401 0.005555555555555556 0.00966183574879227
0 0.8055555555555556 0.7608695652173914 0.005555555555555556 0.00966183574879227
0 0.8131944444444444 0.7608695652173914 0.006944444444444444 0.00966183574879227
0 0.8083333333333333 0.7379227053140096 0.005555555555555556 0.007246376811594203
0 0.825 0.6944444444444444 0.005555555555555556 0.007246376811594203
0 0.8104166666666667 0.7270531400966184 0.006944444444444444 0.00966183574879227
0 0.8208333333333333 0.7137681159420289 0.008333333333333333 0.016908212560386472
0 0.81875 0.7391304347826086 0.006944444444444444 0.00966183574879227
0 0.84375 0.7089371980676329 0.006944444444444444 0.012077294685990338
0 0.8340277777777778 0.7294685990338164 0.006944444444444444 0.00966183574879227
0 0.8319444444444445 0.7403381642512077 0.005555555555555556 0.007246376811594203
0 0.8291666666666667 0.7620772946859904 0.005555555555555556 0.012077294685990338
0 0.8368055555555556 0.7632850241545893 0.006944444444444444 0.014492753623188406
0 0.83125 0.75 0.006944444444444444 0.007246376811594203
0 0.8243055555555555 0.7983091787439613 0.006944444444444444 0.007246376811594203
0 0.8256944444444444 0.7862318840579711 0.006944444444444444 0.007246376811594203
0 0.7868055555555555 0.06642512077294686 0.004166666666666667 0.021739130434782608
0 0.7909722222222222 0.06884057971014493 0.004166666666666667 0.021739130434782608
0 0.9986111111111111 0.12318840579710146 0.005555555555555556 0.028985507246376812
0 0.9291666666666667 0.09903381642512077 0.005555555555555556 0.028985507246376812
