0 0.17708333333333334 0.44036697247706424 0.018055555555555554 0.05137614678899083
0 0.25833333333333336 0.39174311926605504 0.022222222222222223 0.05688073394495413
0 0.27708333333333335 0.45688073394495415 0.020833333333333332 0.05871559633027523
0 0.25555555555555554 0.4990825688073395 0.03333333333333333 0.05504587155963303
0 0.22569444444444445 0.42568807339449544 0.020833333333333332 0.05137614678899083
0 0.24305555555555555 0.41559633027522935 0.011111111111111112 0.05688073394495413
0 0.16111111111111112 0.4596330275229358 0.016666666666666666 0.05688073394495413
0 0.011805555555555555 0.1834862385321101 0.02361111111111111 0.05504587155963303
0 0.0125 0.1724770642201835 0.013888888888888888 0.05504587155963303
0 0.19652777777777777 0.06697247706422019 0.0125 0.05321100917431193
0 0.21180555555555555 0.07155963302752294 0.015277777777777777 0.05871559633027523
0 0.7902777777777777 0.7779816513761468 0.044444444444444446 0.05137614678899083
