0 0.9875 0.2981651376146789 0.019444444444444445 0.05321100917431193
0 0.9715277777777778 0.2706422018348624 0.015277777777777777 0.060550458715596334
0 0.9611111111111111 0.6412844036697247 0.022222222222222223 0.05321100917431193
0 0.4534722222222222 0.6880733944954128 0.02638888888888889 0.044036697247706424
0 0.41944444444444445 0.8568807339449541 0.025 0.04036697247706422
0 0.5868055555555556 0.29541284403669726 0.02361111111111111 0.047706422018348627
0 0.5819444444444445 0.027522935779816515 0.019444444444444445 0.03669724770642202
0 0.9375 0.9743119266055046 0.022222222222222223 0.03669724770642202
0 0.9430555555555555 0.9486238532110092 0.013888888888888888 0.044036697247706424
0 0.9416666666666667 0.9256880733944954 0.016666666666666666 0.045871559633027525
0 0.9416666666666667 0.9073394495412844 0.013888888888888888 0.045871559633027525
