0 0.86389 0.35138 0.025 0.06055
0 0.72014 0.42202 0.03472 0.06606
0 0.69375 0.43761 0.03194 0.06055
0 0.70417 0.39358 0.02222 0.05688
0 0.64514 0.43853 0.02083 0.05138
0 0.64097 0.40826 0.02361 0.05321
0 0.51944 0.40826 0.025 0.06055
0 0.47569 0.4 0.02917 0.06239
0 0.54792 0.36422 0.02361 0.06422
0 0.57222 0.33211 0.01667 0.06972
0 0.59653 0.36697 0.04028 0.06239
0 0.63889 0.32202 0.01944 0.06422
0 0.61319 0.31193 0.02083 0.05138
0 0.58819 0.31193 0.01806 0.06606
0 0.44931 0.3156 0.03472 0.06606
0 0.48056 0.2633 0.03333 0.06789
0 0.42292 0.29725 0.02917 0.06239
0 0.41528 0.28165 0.02222 0.05321
0 0.69792 0.22569 0.02083 0.06606
0 0.68472 0.22477 0.01389 0.05688
0 0.65347 0.23486 0.02361 0.05872
0 0.81042 0.2422 0.01528 0.07339
0 0.79514 0.20917 0.01528 0.05872
0 0.53819 0.21835 0.02083 0.07339
0 0.55347 0.20917 0.02083 0.06239
0 0.27639 0.25321 0.03056 0.06972
0 0.22292 0.30275 0.0375 0.05872
0 0.06042 0.41101 0.05139 0.06606
0 0.09167 0.39174 0.04444 0.06422
0 0.10069 0.37431 0.04583 0.06972
0 0.08889 0.32844 0.03333 0.06239
0 0.10069 0.32294 0.03472 0.06239
0 0.11875 0.30642 0.0375 0.06239
0 0.13403 0.29633 0.04028 0.06422
0 0.08819 0.28165 0.02917 0.06055
0 0.09028 0.23211 0.01944 0.03486
0 0.13611 0.22018 0.025 0.04771
0 0.19444 0.21927 0.025 0.06422
0 0.21042 0.22294 0.02639 0.06422
0 0.23681 0.22385 0.02917 0.06606
0 0.25347 0.22477 0.02639 0.05688
