0 0.08472222222222223 0.7825688073394496 0.008333333333333333 0.023853211009174313
0 0.07013888888888889 0.7871559633027523 0.009722222222222222 0.029357798165137616
0 0.005555555555555556 0.6807339449541284 0.008333333333333333 0.029357798165137616
0 0.1076388888888889 0.6834862385321101 0.006944444444444444 0.02018348623853211
0 0.29791666666666666 0.5064220183486239 0.004166666666666667 0.022018348623853212
0 0.29444444444444445 0.5009174311926605 0.008333333333333333 0.025688073394495414
0 0.24722222222222223 0.03394495412844037 0.005555555555555556 0.01651376146788991
0 0.24097222222222223 0.03394495412844037 0.006944444444444444 0.01651376146788991
0 0.42430555555555555 0.047706422018348627 0.006944444444444444 0.014678899082568808
0 0.41944444444444445 0.04954128440366973 0.005555555555555556 0.014678899082568808
0 0.8444444444444444 0.37339449541284403 0.008333333333333333 0.031192660550458717
0 0.8506944444444444 0.4541284403669725 0.018055555555555554 0.031192660550458717
0 0.9270833333333334 0.42752293577981654 0.0125 0.029357798165137616
0 0.8298611111111112 0.37889908256880733 0.006944444444444444 0.02018348623853211
0 0.5555555555555556 0.24495412844036699 0.008333333333333333 0.012844036697247707
0 0.4597222222222222 0.9440366972477064 0.011111111111111112 0.01651376146788991
