0 0.42986111111111114 0.14009661835748793 0.015277777777777777 0.04830917874396135
0 0.4534722222222222 0.2113526570048309 0.0125 0.04589371980676329
0 0.46041666666666664 0.19685990338164253 0.0125 0.04106280193236715
0 0.5076388888888889 0.2318840579710145 0.015277777777777777 0.04830917874396135
0 0.5243055555555556 0.2210144927536232 0.018055555555555554 0.05555555555555555
0 0.5666666666666667 0.24033816425120774 0.011111111111111112 0.05555555555555555
0 0.5729166666666666 0.23429951690821257 0.0125 0.05314009661835749
0 0.5243055555555556 0.8176328502415459 0.020833333333333332 0.05555555555555555
0 0.5451388888888888 0.822463768115942 0.018055555555555554 0.036231884057971016
0 0.5111111111111111 0.8852657004830918 0.019444444444444445 0.050724637681159424
0 0.5583333333333333 0.9975845410628019 0.016666666666666666 0.04830917874396135
0 0.59375 0.964975845410628 0.0125 0.04106280193236715
0 0.6055555555555555 0.9408212560386473 0.013888888888888888 0.05555555555555555
0 0.7152777777777778 0.9625603864734299 0.016666666666666666 0.04589371980676329
0 0.9138888888888889 0.5543478260869565 0.013888888888888888 0.04589371980676329
