0 0.30139 0.50275 0.025 0.08807
0 0.78333 0.78165 0.02222 0.08073
0 0.88333 0.70734 0.02222 0.09358
0 0.87431 0.56697 0.02083 0.0844
0 0.95278 0.58624 0.025 0.0789
0 0.99306 0.59358 0.025 0.08257
0 0.86806 0.50826 0.01944 0.06606
0 0.8875 0.47431 0.02222 0.06422
0 0.86111 0.46147 0.02222 0.07523
0 0.83542 0.48073 0.01528 0.06606
0 0.87361 0.39817 0.01944 0.06239
0 0.90556 0.39358 0.01944 0.06789
0 0.86875 0.36422 0.02083 0.06422
0 0.90833 0.3055 0.01667 0.05321
0 0.89097 0.27064 0.0125 0.05688
0 0.875 0.27064 0.01389 0.05321
0 0.91875 0.22569 0.0125 0.04771
0 0.90764 0.18991 0.0125 0.04954
0 0.9 0.1578 0.01111 0.05138
0 0.92431 0.19817 0.01528 0.04771
0 0.88542 0.15963 0.0125 0.05138
0 0.93194 0.08991 0.00833 0.04771
0 0.91597 0.10367 0.00972 0.04587
0 0.90347 0.09083 0.00972 0.04954
0 0.93194 0.04771 0.00833 0.03303
0 0.92153 0.04954 0.00972 0.0367
0 0.91389 0.05138 0.01111 0.04037
0 0.99931 0.42936 0.01528 0.06606
0 0.99097 0.41835 0.0125 0.06972
0 0.97778 0.37248 0.01944 0.06972
0 0.98542 0.22752 0.01806 0.05138
0 0.975 0.25321 0.01667 0.04404
0 0.99375 0.16881 0.0125 0.05138
0 0.90486 0.0211 0.00972 0.0422
0 0.97986 0.05413 0.0125 0.03853
0 0.99444 0.05963 0.01111 0.0422
0 0.95486 0.02018 0.00972 0.02936
