0 0.56806 0.01691 0.01389 0.03382
0 0.66736 0.10266 0.01528 0.02657
0 0.66875 0.0785 0.01528 0.02174
0 0.68056 0.09662 0.01667 0.03382
0 0.74444 0.03623 0.02222 0.02899
0 0.76458 0.07488 0.01806 0.02899
0 0.25208 0.21256 0.01806 0.02899
0 0.25 0.22464 0.00556 0.02899
0 0.23056 0.23551 0.01111 0.02657
0 0.14097 0.43841 0.00972 0.02174
0 0.14861 0.45531 0.01667 0.02657
0 0.13125 0.40097 0.01528 0.01932
0 0.1125 0.32971 0.00833 0.01691
0 0.12083 0.3442 0.01111 0.02174
0 0.11111 0.30193 0.01111 0.02899
0 0.20556 0.29952 0.01111 0.01932
0 0.23125 0.27657 0.0125 0.02657
0 0.25764 0.30072 0.0125 0.03623
0 0.25972 0.26329 0.01111 0.02415
0 0.22639 0.24638 0.00833 0.02415
0 0.26528 0.407 0.01111 0.02657
0 0.29792 0.29831 0.00694 0.02174
0 0.32778 0.27536 0.01389 0.03382
0 0.31389 0.38527 0.01389 0.0314
0 0.30625 0.46739 0.01528 0.0314
0 0.35069 0.40942 0.0125 0.01691
0 0.60903 0.22101 0.0125 0.02174
0 0.58542 0.32971 0.00972 0.02174
0 0.59444 0.3744 0.01111 0.01932
0 0.575 0.36111 0.01667 0.02657
0 0.59931 0.36353 0.00694 0.02174
0 0.57639 0.34541 0.00833 0.02415
0 0.58681 0.35749 0.00972 0.01932
0 0.56042 0.4058 0.00694 0.01449
0 0.62361 0.42754 0.01111 0.02415
0 0.68194 0.44565 0.01667 0.02174
0 0.77153 0.36836 0.01528 0.02657
0 0.78681 0.36594 0.0125 0.02174
0 0.14792 0.02899 0.0125 0.02899
0 0.13472 0.05193 0.00556 0.02174
0 0.09028 0.17271 0.00556 0.02174
0 0.09792 0.23913 0.00694 0.02415
