0 0.5555555555555556 0.2761467889908257 0.011111111111111112 0.023853211009174313
0 0.021527777777777778 0.4036697247706422 0.02361111111111111 0.044036697247706424
0 0.7055555555555556 0.4798165137614679 0.011111111111111112 0.04220183486238532
0 0.19375 0.3165137614678899 0.0125 0.031192660550458717
0 0.19722222222222222 0.42660550458715596 0.016666666666666666 0.03853211009174312
0 0.3173611111111111 0.6119266055045871 0.020833333333333332 0.05688073394495413
0 0.34791666666666665 0.8440366972477065 0.02361111111111111 0.044036697247706424
0 0.6729166666666667 0.9669724770642202 0.015277777777777777 0.04036697247706422
0 0.6875 0.9660550458715597 0.019444444444444445 0.045871559633027525
0 0.7534722222222222 0.4954128440366973 0.009722222222222222 0.022018348623853212
0 0.8833333333333333 0.9743119266055046 0.022222222222222223 0.05137614678899083
0 0.8618055555555556 0.9522935779816514 0.020833333333333332 0.05504587155963303
0 0.2916666666666667 0.5880733944954128 0.016666666666666666 0.04220183486238532
0 0.5958333333333333 0.5908256880733945 0.019444444444444445 0.044036697247706424
