0 0.5305555555555556 0.9698067632850241 0.025 0.06521739130434782
0 0.6229166666666667 0.9637681159420289 0.020833333333333332 0.06763285024154589
0 0.8875 0.7596618357487923 0.025 0.0748792270531401
0 0.9076388888888889 0.9070048309178744 0.02638888888888889 0.06038647342995169
0 0.2611111111111111 0.9818840579710145 0.030555555555555555 0.09420289855072464
0 0.3458333333333333 0.9963768115942029 0.025 0.06521739130434782
0 0.43333333333333335 0.9637681159420289 0.041666666666666664 0.1111111111111111
0 0.4548611111111111 0.9492753623188406 0.02638888888888889 0.07246376811594203
0 0.49722222222222223 0.8055555555555556 0.027777777777777776 0.0748792270531401
0 0.39375 0.8188405797101449 0.029166666666666667 0.0966183574879227
0 0.9576388888888889 0.9746376811594203 0.02638888888888889 0.10386473429951691
0 0.9493055555555555 0.9347826086956522 0.0125 0.028985507246376812
0 0.725 0.8393719806763285 0.027777777777777776 0.04589371980676329
0 0.675 0.8876811594202898 0.03333333333333333 0.10869565217391304
0 0.3576388888888889 0.9553140096618358 0.029166666666666667 0.08454106280193237
0 0.9166666666666666 0.8900966183574879 0.016666666666666666 0.06038647342995169
0 0.4152777777777778 0.9130434782608695 0.025 0.043478260869565216
0 0.39444444444444443 0.9504830917874396 0.027777777777777776 0.07971014492753623
0 0.7513888888888889 0.7185990338164251 0.019444444444444445 0.06521739130434782
0 0.5125 0.7608695652173914 0.022222222222222223 0.06763285024154589
0 0.49166666666666664 0.7729468599033816 0.016666666666666666 0.06763285024154589
0 0.47638888888888886 0.7439613526570048 0.022222222222222223 0.0966183574879227
0 0.3541666666666667 0.8260869565217391 0.03888888888888889 0.08695652173913043
