0 0.25278 0.83303 0.04722 0.11743
0 0.05833 0.54771 0.025 0.07523
0 0.04028 0.54771 0.02222 0.06789
0 0.02153 0.55321 0.02361 0.06422
0 0.7625 0.77064 0.025 0.08807
0 0.72639 0.73945 0.025 0.08807
0 0.76806 0.70183 0.01944 0.04954
0 0.96667 0.70459 0.02222 0.07339
0 0.94375 0.70092 0.02083 0.05872
0 0.56181 0.48807 0.02639 0.06239
0 0.59028 0.50459 0.025 0.05872
0 0.56042 0.7 0.02361 0.05321
0 0.57986 0.71651 0.02639 0.05688
0 0.59722 0.7156 0.01944 0.05872
0 0.59097 0.69633 0.01806 0.07156
0 0.78403 0.7945 0.02083 0.06239
0 0.80972 0.55413 0.02778 0.06972
0 0.81389 0.53853 0.02222 0.06789
0 0.85972 0.54954 0.02222 0.07523
0 0.90278 0.54679 0.02778 0.0844
0 0.94722 0.54771 0.03889 0.08257
0 0.99653 0.55138 0.02917 0.0789
0 0.99792 0.78807 0.02361 0.06422
0 0.95556 0.79817 0.02778 0.05872
0 0.90903 0.79725 0.02639 0.06789
0 0.87153 0.80275 0.02639 0.0789
0 0.78889 0.70826 0.01944 0.05872
0 0.82361 0.69541 0.01944 0.05138
0 0.82014 0.73394 0.02083 0.04771
0 0.82917 0.74128 0.02222 0.04771
0 0.8625 0.7422 0.01944 0.05321
0 0.87986 0.74037 0.02083 0.05321
0 0.88264 0.7367 0.02639 0.06422
