0 0.9631944444444445 0.6504587155963303 0.0125 0.04220183486238532
0 0.9458333333333333 0.6642201834862386 0.013888888888888888 0.044036697247706424
0 0.8395833333333333 0.8211009174311926 0.015277777777777777 0.045871559633027525
0 0.8326388888888889 0.8311926605504587 0.009722222222222222 0.03302752293577982
0 0.6416666666666667 0.7724770642201835 0.013888888888888888 0.04036697247706422
0 0.6375 0.7651376146788991 0.013888888888888888 0.044036697247706424
0 0.3888888888888889 0.8513761467889909 0.019444444444444445 0.047706422018348627
0 0.3840277777777778 0.8587155963302753 0.02361111111111111 0.047706422018348627
0 0.10416666666666667 0.9229357798165138 0.025 0.05504587155963303
0 0.2763888888888889 0.7357798165137615 0.022222222222222223 0.047706422018348627
0 0.3729166666666667 0.581651376146789 0.0125 0.03669724770642202
0 0.8097222222222222 0.4935779816513762 0.008333333333333333 0.03302752293577982
0 0.9708333333333333 0.5275229357798165 0.011111111111111112 0.031192660550458717
0 0.9770833333333333 0.5495412844036697 0.009722222222222222 0.031192660550458717
0 0.9847222222222223 0.5385321100917431 0.008333333333333333 0.031192660550458717
0 0.9013888888888889 0.3614678899082569 0.008333333333333333 0.025688073394495414
0 0.9034722222222222 0.3568807339449541 0.006944444444444444 0.023853211009174313
