0 0.011805555555555555 0.8871559633027523 0.009722222222222222 0.02018348623853211
0 0.8881944444444444 0.8339449541284404 0.020833333333333332 0.027522935779816515
0 0.9013888888888889 0.8339449541284404 0.016666666666666666 0.031192660550458717
0 0.7736111111111111 0.536697247706422 0.019444444444444445 0.031192660550458717
0 0.5847222222222223 0.23761467889908258 0.013888888888888888 0.031192660550458717
0 0.5916666666666667 0.24495412844036699 0.019444444444444445 0.03486238532110092
0 0.41875 0.20458715596330276 0.0125 0.03853211009174312
0 0.4263888888888889 0.20275229357798166 0.013888888888888888 0.03486238532110092
0 0.4722222222222222 0.12293577981651377 0.011111111111111112 0.04036697247706422
0 0.27569444444444446 0.1724770642201835 0.0125 0.03669724770642202
0 0.15902777777777777 0.03486238532110092 0.009722222222222222 0.03302752293577982
0 0.13333333333333333 0.05321100917431193 0.008333333333333333 0.029357798165137616
0 0.14166666666666666 0.05779816513761468 0.011111111111111112 0.03486238532110092
0 0.06597222222222222 0.18990825688073396 0.009722222222222222 0.031192660550458717
0 0.05138888888888889 0.18990825688073396 0.005555555555555556 0.03486238532110092
