0 0.49375 0.9128440366972477 0.015277777777777777 0.031192660550458717
0 0.4722222222222222 0.8119266055045872 0.019444444444444445 0.023853211009174313
0 0.48680555555555555 0.8045871559633028 0.015277777777777777 0.02018348623853211
0 0.4895833333333333 0.744954128440367 0.015277777777777777 0.022018348623853212
0 0.4979166666666667 0.7477064220183486 0.0125 0.027522935779816515
0 0.6284722222222222 0.1688073394495413 0.015277777777777777 0.022018348623853212
0 0.9548611111111112 0.2908256880733945 0.009722222222222222 0.027522935779816515
0 0.9555555555555556 0.14036697247706423 0.011111111111111112 0.03486238532110092
0 0.90625 0.0944954128440367 0.009722222222222222 0.031192660550458717
0 0.8923611111111112 0.08440366972477065 0.009722222222222222 0.03302752293577982
0 0.9840277777777777 0.0853211009174312 0.009722222222222222 0.03486238532110092
0 0.9909722222222223 0.10550458715596331 0.0125 0.023853211009174313
0 0.9965277777777778 0.08440366972477065 0.009722222222222222 0.022018348623853212
0 0.9201388888888888 0.03302752293577982 0.009722222222222222 0.03302752293577982
0 0.91875 0.022935779816513763 0.009722222222222222 0.027522935779816515
0 0.9229166666666667 0.013761467889908258 0.006944444444444444 0.027522935779816515
0 0.9805555555555555 0.04036697247706422 0.008333333333333333 0.03302752293577982
