0 0.2902777777777778 0.8614678899082568 0.05 0.05321100917431193
0 0.27847222222222223 0.8761467889908257 0.05416666666666667 0.045871559633027525
0 0.40347222222222223 0.7642201834862385 0.05694444444444444 0.04954128440366973
0 0.47291666666666665 0.3091743119266055 0.04583333333333333 0.05321100917431193
0 0.6604166666666667 0.1889908256880734 0.0375 0.05137614678899083
0 0.6604166666666667 0.029357798165137616 0.029166666666666667 0.047706422018348627
0 0.5513888888888889 0.03211009174311927 0.041666666666666664 0.060550458715596334
0 0.42777777777777776 0.08623853211009175 0.03888888888888889 0.05504587155963303
0 0.09791666666666667 0.03211009174311927 0.059722222222222225 0.04220183486238532
0 0.08958333333333333 0.11926605504587157 0.05416666666666667 0.047706422018348627
0 0.2708333333333333 0.11100917431192661 0.04722222222222222 0.060550458715596334
0 0.45208333333333334 0.4651376146788991 0.0375 0.04954128440366973
0 0.32222222222222224 0.3311926605504587 0.04722222222222222 0.045871559633027525
0 0.2833333333333333 0.29541284403669726 0.04722222222222222 0.047706422018348627
0 0.8083333333333333 0.38623853211009174 0.041666666666666664 0.05688073394495413
0 0.9854166666666667 0.39541284403669724 0.029166666666666667 0.045871559633027525
