0 0.14722 0.10367 0.01389 0.01651
0 0.15556 0.09358 0.01389 0.02202
0 0.16806 0.12018 0.01111 0.01651
0 0.13125 0.19908 0.01806 0.02018
0 0.12569 0.20642 0.0125 0.02018
0 0.17708 0.35963 0.0125 0.01835
0 0.15417 0.43761 0.01389 0.01651
0 0.14444 0.43853 0.01389 0.01835
0 0.13264 0.09083 0.0125 0.01651
0 0.12847 0.07706 0.0125 0.01468
0 0.14028 0.07339 0.01944 0.01835
0 0.14444 0.04495 0.01667 0.02018
0 0.68819 0.21193 0.00972 0.01651
0 0.69583 0.2 0.00833 0.01835
0 0.86597 0.21009 0.00694 0.01651
0 0.87083 0.21376 0.00556 0.01651
0 0.87569 0.21927 0.00694 0.01651
0 0.75764 0.80183 0.00694 0.01101
0 0.7625 0.8055 0.00556 0.01468
0 0.725 0.92661 0.00556 0.01101
0 0.73681 0.93486 0.00694 0.00917
0 0.73194 0.92385 0.00833 0.01284
0 0.75625 0.83028 0.00694 0.01284
0 0.75764 0.81651 0.00694 0.01101
