0 0.21806 0.55688 0.00833 0.02018
0 0.03125 0.12844 0.00694 0.03303
0 0.15139 0.06147 0.00556 0.02018
0 0.12986 0.05872 0.00417 0.02569
0 0.08611 0.07615 0.00833 0.02018
0 0.25278 0.4 0.00833 0.01468
0 0.26944 0.40183 0.00833 0.01835
0 0.33889 0.0844 0.00833 0.02569
0 0.35694 0.09633 0.00833 0.02752
0 0.40417 0.55229 0.00833 0.02936
0 0.37361 0.75596 0.01111 0.0367
0 0.35833 0.74771 0.01111 0.03119
0 0.83889 0.44128 0.00833 0.02752
0 0.82708 0.38532 0.00972 0.02936
0 0.81944 0.35229 0.00833 0.02936
0 0.75 0.33761 0.01111 0.04037
0 0.77708 0.42661 0.01528 0.0422
0 0.95 0.48624 0.00833 0.0367
0 0.97708 0.35505 0.00972 0.03486
0 0.90903 0.31651 0.00694 0.02752
0 0.91597 0.33486 0.00694 0.02385
0 0.92639 0.35046 0.00556 0.02569
0 0.93472 0.36881 0.00556 0.02936
0 0.94375 0.39266 0.00972 0.02936
0 0.95208 0.41835 0.00694 0.03303
0 0.96181 0.4367 0.00417 0.02202
0 0.97014 0.44495 0.00694 0.02752
0 0.98056 0.46055 0.00556 0.02202
0 0.99236 0.47706 0.00972 0.03303
0 0.99444 0.36972 0.00833 0.02752
0 0.84444 0.30275 0.00833 0.02569
0 0.85764 0.33028 0.00694 0.03303
0 0.87014 0.34862 0.00694 0.02569
0 0.88611 0.37982 0.01111 0.03303
0 0.90833 0.41468 0.00833 0.03303
0 0.92361 0.45505 0.00833 0.03303
0 0.93889 0.46881 0.01111 0.03119
0 0.91667 0.43761 0.00833 0.02752
0 0.81111 0.31651 0.00833 0.03119
