0 0.5583333333333333 0.5845410628019324 0.011111111111111112 0.028985507246376812
0 0.5423611111111111 0.6026570048309179 0.009722222222222222 0.021739130434782608
0 0.5472222222222223 0.6268115942028986 0.008333333333333333 0.026570048309178744
0 0.5256944444444445 0.6123188405797102 0.006944444444444444 0.026570048309178744
0 0.48194444444444445 0.6219806763285024 0.008333333333333333 0.021739130434782608
0 0.525 0.6606280193236715 0.008333333333333333 0.03140096618357488
0 0.5263888888888889 0.6485507246376812 0.008333333333333333 0.021739130434782608
0 0.4986111111111111 0.6582125603864735 0.011111111111111112 0.03140096618357488
0 0.7034722222222223 0.7536231884057971 0.009722222222222222 0.028985507246376812
0 0.6958333333333333 0.7379227053140096 0.008333333333333333 0.026570048309178744
0 0.7916666666666666 0.7330917874396136 0.013888888888888888 0.012077294685990338
0 0.7826388888888889 0.5289855072463768 0.006944444444444444 0.024154589371980676
0 0.775 0.5265700483091788 0.008333333333333333 0.024154589371980676
0 0.9020833333333333 0.607487922705314 0.006944444444444444 0.021739130434782608
