0 0.6409722222222223 0.751207729468599 0.015277777777777777 0.043478260869565216
0 0.6201388888888889 0.6956521739130435 0.009722222222222222 0.04830917874396135
0 0.61875 0.7198067632850241 0.009722222222222222 0.04830917874396135
0 0.6236111111111111 0.7536231884057971 0.019444444444444445 0.04830917874396135
0 0.6284722222222222 0.8321256038647343 0.0125 0.04589371980676329
0 0.5868055555555556 0.8719806763285024 0.009722222222222222 0.043478260869565216
0 0.5986111111111111 0.8647342995169082 0.011111111111111112 0.033816425120772944
0 0.6055555555555555 0.893719806763285 0.011111111111111112 0.03864734299516908
0 0.5888888888888889 0.8864734299516909 0.008333333333333333 0.03864734299516908
0 0.5944444444444444 0.8913043478260869 0.008333333333333333 0.043478260869565216
0 0.5951388888888889 0.9468599033816425 0.009722222222222222 0.03864734299516908
0 0.5840277777777778 0.9444444444444444 0.009722222222222222 0.03864734299516908
0 0.5715277777777777 0.9528985507246377 0.009722222222222222 0.04106280193236715
0 0.5881944444444445 0.7644927536231884 0.015277777777777777 0.050724637681159424
0 0.59375 0.8454106280193237 0.015277777777777777 0.04830917874396135
0 0.6243055555555556 0.8538647342995169 0.0125 0.04589371980676329
