0 0.006944444444444444 0.07064220183486239 0.013888888888888888 0.03853211009174312
0 0.32013888888888886 0.19908256880733946 0.02638888888888889 0.03486238532110092
0 0.3194444444444444 0.30275229357798167 0.025 0.04036697247706422
0 0.34444444444444444 0.46238532110091746 0.022222222222222223 0.044036697247706424
0 0.04652777777777778 0.38073394495412843 0.0125 0.03486238532110092
0 0.09444444444444444 0.7513761467889908 0.019444444444444445 0.03486238532110092
0 0.19652777777777777 0.8495412844036697 0.02361111111111111 0.029357798165137616
0 0.18194444444444444 0.8321100917431192 0.016666666666666666 0.012844036697247707
0 0.13333333333333333 0.9660550458715597 0.016666666666666666 0.01651376146788991
0 0.15 0.9935779816513761 0.011111111111111112 0.023853211009174313
0 0.16805555555555557 0.9899082568807339 0.016666666666666666 0.02018348623853211
0 0.7652777777777777 0.6614678899082569 0.030555555555555555 0.04220183486238532
