0 0.7069444444444445 0.8 0.016666666666666666 0.07339449541284404
0 0.6930555555555555 0.7889908256880734 0.019444444444444445 0.07706422018348624
0 0.6833333333333333 0.7642201834862385 0.016666666666666666 0.06788990825688074
0 0.6694444444444444 0.7587155963302752 0.016666666666666666 0.07522935779816514
0 0.5333333333333333 0.7302752293577982 0.013888888888888888 0.08073394495412844
0 0.6118055555555556 0.6798165137614679 0.015277777777777777 0.07522935779816514
0 0.7548611111111111 0.6449541284403669 0.018055555555555554 0.07522935779816514
0 0.8111111111111111 0.5174311926605505 0.013888888888888888 0.062385321100917435
0 0.6486111111111111 0.38073394495412843 0.008333333333333333 0.03853211009174312
0 0.56875 0.30458715596330277 0.009722222222222222 0.01834862385321101
0 0.9993055555555556 0.2871559633027523 0.006944444444444444 0.027522935779816515
