0 0.5263888888888889 0.4468599033816425 0.016666666666666666 0.024154589371980676
0 0.4625 0.5954106280193237 0.011111111111111112 0.03140096618357488
0 0.48125 0.7041062801932367 0.0125 0.021739130434782608
0 0.47638888888888886 0.856280193236715 0.011111111111111112 0.021739130434782608
0 0.28888888888888886 0.501207729468599 0.025 0.036231884057971016
0 0.30069444444444443 0.46980676328502413 0.015277777777777777 0.026570048309178744
0 0.3055555555555556 0.44082125603864736 0.025 0.03140096618357488
0 0.2902777777777778 0.46859903381642515 0.013888888888888888 0.024154589371980676
0 0.3263888888888889 0.3321256038647343 0.016666666666666666 0.03140096618357488
0 0.34791666666666665 0.08091787439613526 0.02361111111111111 0.026570048309178744
0 0.5548611111111111 0.38405797101449274 0.0125 0.028985507246376812
0 0.5576388888888889 0.2946859903381642 0.009722222222222222 0.01932367149758454
0 0.5576388888888889 0.2669082125603865 0.009722222222222222 0.026570048309178744
0 0.5715277777777777 0.23309178743961353 0.009722222222222222 0.03140096618357488
0 0.5618055555555556 0.19685990338164253 0.0125 0.021739130434782608
0 0.575 0.11835748792270531 0.011111111111111112 0.024154589371980676
0 0.5743055555555555 0.27657004830917875 0.009722222222222222 0.026570048309178744
0 0.5069444444444444 0.050724637681159424 0.011111111111111112 0.024154589371980676
0 0.44513888888888886 0.8828502415458938 0.015277777777777777 0.021739130434782608
0 0.11805555555555555 0.8369565217391305 0.03333333333333333 0.026570048309178744
0 0.13402777777777777 0.8417874396135265 0.02638888888888889 0.021739130434782608
