0 0.4326388888888889 0.7222222222222222 0.006944444444444444 0.014492753623188406
0 0.4722222222222222 0.7971014492753623 0.008333333333333333 0.01932367149758454
0 0.45555555555555555 0.8152173913043478 0.005555555555555556 0.012077294685990338
0 0.4618055555555556 0.8333333333333334 0.006944444444444444 0.014492753623188406
0 0.44305555555555554 0.8369565217391305 0.008333333333333333 0.012077294685990338
0 0.42986111111111114 0.8417874396135265 0.006944444444444444 0.012077294685990338
0 0.4215277777777778 0.8864734299516909 0.009722222222222222 0.014492753623188406
0 0.2652777777777778 0.821256038647343 0.008333333333333333 0.014492753623188406
0 0.27152777777777776 0.8333333333333334 0.006944444444444444 0.014492753623188406
0 0.07222222222222222 0.8804347826086957 0.008333333333333333 0.012077294685990338
0 0.12708333333333333 0.966183574879227 0.0125 0.00966183574879227
0 0.13125 0.9504830917874396 0.015277777777777777 0.016908212560386472
0 0.39166666666666666 0.9444444444444444 0.008333333333333333 0.014492753623188406
0 0.37777777777777777 0.9601449275362319 0.008333333333333333 0.012077294685990338
0 0.3861111111111111 0.9734299516908212 0.005555555555555556 0.00966183574879227
0 0.37569444444444444 0.9806763285024155 0.006944444444444444 0.014492753623188406
0 0.44722222222222224 0.7294685990338164 0.008333333333333333 0.01932367149758454
0 0.5729166666666666 0.6642512077294686 0.004166666666666667 0.024154589371980676
0 0.5652777777777778 0.6666666666666666 0.005555555555555556 0.014492753623188406
0 0.5763888888888888 0.6135265700483091 0.008333333333333333 0.024154589371980676
0 0.5805555555555556 0.7524154589371981 0.008333333333333333 0.021739130434782608
0 0.6222222222222222 0.8502415458937198 0.008333333333333333 0.014492753623188406
0 0.6159722222222223 0.8707729468599034 0.006944444444444444 0.016908212560386472
0 0.5993055555555555 0.41304347826086957 0.006944444444444444 0.024154589371980676
0 0.5916666666666667 0.4396135265700483 0.005555555555555556 0.014492753623188406
0 0.5951388888888889 0.4613526570048309 0.006944444444444444 0.028985507246376812
0 0.8055555555555556 0.36835748792270534 0.005555555555555556 0.026570048309178744
0 0.6729166666666667 0.043478260869565216 0.009722222222222222 0.00966183574879227
0 0.8597222222222223 0.3647342995169082 0.008333333333333333 0.028985507246376812
