0 0.2965277777777778 0.6908256880733945 0.04861111111111111 0.031192660550458717
0 0.6118055555555556 0.9174311926605505 0.03194444444444444 0.025688073394495414
0 0.45902777777777776 0.18623853211009175 0.03194444444444444 0.06422018348623854
0 0.4305555555555556 0.4724770642201835 0.041666666666666664 0.04954128440366973
0 0.48819444444444443 0.5009174311926605 0.03194444444444444 0.05504587155963303
0 0.5270833333333333 0.4798165137614679 0.03194444444444444 0.05688073394495413
0 0.5256944444444445 0.5706422018348624 0.02638888888888889 0.03669724770642202
0 0.5131944444444444 0.3532110091743119 0.03194444444444444 0.06788990825688074
0 0.5861111111111111 0.281651376146789 0.030555555555555555 0.05688073394495413
0 0.5125 0.03302752293577982 0.044444444444444446 0.06605504587155964
0 0.48541666666666666 0.1908256880733945 0.034722222222222224 0.06972477064220184
0 0.6638888888888889 0.2467889908256881 0.027777777777777776 0.03853211009174312
0 0.8291666666666667 0.8275229357798165 0.025 0.03302752293577982
0 0.7354166666666667 0.38440366972477064 0.02361111111111111 0.04954128440366973
0 0.4361111111111111 0.8431192660550458 0.041666666666666664 0.03486238532110092
0 0.4777777777777778 0.8412844036697248 0.030555555555555555 0.03853211009174312
0 0.39652777777777776 0.6330275229357798 0.0375 0.04036697247706422
0 0.4305555555555556 0.7027522935779816 0.03333333333333333 0.04036697247706422
0 0.9541666666666667 0.5623853211009174 0.025 0.03853211009174312
0 0.5604166666666667 0.8871559633027523 0.0375 0.023853211009174313
0 0.5680555555555555 0.9064220183486239 0.016666666666666666 0.007339449541284404
0 0.36319444444444443 0.6788990825688074 0.04583333333333333 0.03302752293577982
0 0.3993055555555556 0.7091743119266055 0.04027777777777778 0.04220183486238532
