0 0.2076388888888889 0.717391304347826 0.004166666666666667 0.014492753623188406
0 0.21180555555555555 0.7185990338164251 0.004166666666666667 0.012077294685990338
0 0.21180555555555555 0.7318840579710145 0.004166666666666667 0.00966183574879227
0 0.20972222222222223 0.751207729468599 0.002777777777777778 0.00966183574879227
0 0.21458333333333332 0.748792270531401 0.004166666666666667 0.00966183574879227
0 0.21041666666666667 0.7644927536231884 0.004166666666666667 0.007246376811594203
0 0.21597222222222223 0.7608695652173914 0.004166666666666667 0.00966183574879227
0 0.21180555555555555 0.7765700483091788 0.004166666666666667 0.012077294685990338
0 0.21597222222222223 0.7789855072463768 0.004166666666666667 0.016908212560386472
0 0.22847222222222222 0.785024154589372 0.004166666666666667 0.014492753623188406
0 0.23472222222222222 0.7814009661835749 0.008333333333333333 0.012077294685990338
0 0.2263888888888889 0.7620772946859904 0.005555555555555556 0.007246376811594203
0 0.23194444444444445 0.7596618357487923 0.005555555555555556 0.012077294685990338
0 0.225 0.748792270531401 0.005555555555555556 0.00966183574879227
0 0.2298611111111111 0.7451690821256038 0.004166666666666667 0.007246376811594203
0 0.21805555555555556 0.7185990338164251 0.005555555555555556 0.007246376811594203
0 0.225 0.714975845410628 0.005555555555555556 0.00966183574879227
0 0.22361111111111112 0.7294685990338164 0.005555555555555556 0.00966183574879227
0 0.23055555555555557 0.7270531400966184 0.005555555555555556 0.00966183574879227
0 0.22916666666666666 0.7089371980676329 0.002777777777777778 0.007246376811594203
0 0.21875 0.7318840579710145 0.004166666666666667 0.00966183574879227
0 0.009722222222222222 0.2608695652173913 0.008333333333333333 0.014492753623188406
0 0.26458333333333334 0.2922705314009662 0.004166666666666667 0.033816425120772944
0 0.3375 0.008454106280193236 0.005555555555555556 0.016908212560386472
0 0.35833333333333334 0.043478260869565216 0.005555555555555556 0.024154589371980676
0 0.35 0.06642512077294686 0.005555555555555556 0.021739130434782608
0 0.3541666666666667 0.09057971014492754 0.005555555555555556 0.021739130434782608
0 0.3819444444444444 0.03864734299516908 0.002777777777777778 0.01932367149758454
0 0.3875 0.03985507246376811 0.005555555555555556 0.021739130434782608
0 0.37777777777777777 0.06159420289855073 0.005555555555555556 0.021739130434782608
0 0.3902777777777778 0.07367149758454106 0.005555555555555556 0.021739130434782608
0 0.4111111111111111 0.06038647342995169 0.005555555555555556 0.024154589371980676
0 0.43819444444444444 0.010869565217391304 0.006944444444444444 0.012077294685990338
