0 0.3840277777777778 0.03140096618357488 0.009722222222222222 0.028985507246376812
0 0.40208333333333335 0.022946859903381644 0.004166666666666667 0.016908212560386472
0 0.39444444444444443 0.006038647342995169 0.005555555555555556 0.012077294685990338
0 0.3909722222222222 0.014492753623188406 0.006944444444444444 0.014492753623188406
0 0.40069444444444446 0.04468599033816425 0.009722222222222222 0.026570048309178744
0 0.39375 0.11473429951690821 0.006944444444444444 0.026570048309178744
0 0.4263888888888889 0.08816425120772947 0.008333333333333333 0.021739130434782608
0 0.4236111111111111 0.0966183574879227 0.013888888888888888 0.024154589371980676
0 0.3368055555555556 0.027777777777777776 0.006944444444444444 0.021739130434782608
0 0.39861111111111114 0.10628019323671498 0.011111111111111112 0.024154589371980676
0 0.4152777777777778 0.15942028985507245 0.008333333333333333 0.01932367149758454
0 0.38472222222222224 0.2524154589371981 0.008333333333333333 0.021739130434782608
0 0.39652777777777776 0.24879227053140096 0.006944444444444444 0.01932367149758454
0 0.3902777777777778 0.24879227053140096 0.005555555555555556 0.01932367149758454
0 0.3736111111111111 0.30193236714975846 0.008333333333333333 0.01932367149758454
0 0.40069444444444446 0.32004830917874394 0.009722222222222222 0.026570048309178744
0 0.3923611111111111 0.5374396135265701 0.009722222222222222 0.03140096618357488
0 0.43333333333333335 0.6654589371980676 0.008333333333333333 0.016908212560386472
0 0.4076388888888889 0.6823671497584541 0.0125 0.021739130434782608
0 0.3451388888888889 0.6545893719806763 0.009722222222222222 0.01932367149758454
0 0.3368055555555556 0.6413043478260869 0.006944444444444444 0.021739130434782608
0 0.25277777777777777 0.6461352657004831 0.008333333333333333 0.016908212560386472
0 0.24166666666666667 0.6473429951690821 0.008333333333333333 0.01932367149758454
0 0.23402777777777778 0.6497584541062802 0.006944444444444444 0.014492753623188406
0 0.22083333333333333 0.6219806763285024 0.008333333333333333 0.016908212560386472
0 0.3659722222222222 0.8309178743961353 0.006944444444444444 0.014492753623188406
0 0.32083333333333336 0.8804347826086957 0.011111111111111112 0.021739130434782608
0 0.34375 0.9384057971014492 0.009722222222222222 0.012077294685990338
0 0.31875 0.966183574879227 0.015277777777777777 0.024154589371980676
0 0.2777777777777778 0.9142512077294686 0.013888888888888888 0.016908212560386472
0 0.175 0.9347826086956522 0.011111111111111112 0.01932367149758454
0 0.13541666666666666 0.8864734299516909 0.006944444444444444 0.014492753623188406
0 0.1284722222222222 0.8864734299516909 0.0125 0.01932367149758454
0 0.12569444444444444 0.893719806763285 0.0125 0.01932367149758454
0 0.1673611111111111 0.9625603864734299 0.015277777777777777 0.016908212560386472
0 0.17222222222222222 0.9625603864734299 0.013888888888888888 0.016908212560386472
0 0.1076388888888889 0.927536231884058 0.015277777777777777 0.014492753623188406
0 0.10555555555555556 0.9371980676328503 0.011111111111111112 0.014492753623188406
0 0.10138888888888889 0.9456521739130435 0.016666666666666666 0.016908212560386472
0 0.49444444444444446 0.05555555555555555 0.005555555555555556 0.014492753623188406
0 0.08680555555555555 0.7657004830917874 0.0125 0.01932367149758454
0 0.08125 0.7789855072463768 0.0125 0.021739130434782608
0 0.007638888888888889 0.8321256038647343 0.009722222222222222 0.012077294685990338
0 0.005555555555555556 0.8188405797101449 0.008333333333333333 0.00966183574879227
0 0.6194444444444445 0.03743961352657005 0.008333333333333333 0.012077294685990338
0 0.6069444444444444 0.03140096618357488 0.005555555555555556 0.01932367149758454
0 0.7763888888888889 0.049516908212560384 0.005555555555555556 0.016908212560386472
0 0.7694444444444445 0.04710144927536232 0.008333333333333333 0.016908212560386472
0 0.7951388888888888 0.10628019323671498 0.006944444444444444 0.014492753623188406
0 0.7819444444444444 0.1111111111111111 0.005555555555555556 0.00966183574879227
0 0.8034722222222223 0.13043478260869565 0.006944444444444444 0.01932367149758454
0 0.7944444444444444 0.13768115942028986 0.005555555555555556 0.014492753623188406
0 0.7881944444444444 0.1280193236714976 0.004166666666666667 0.01932367149758454
0 0.7826388888888889 0.13285024154589373 0.004166666666666667 0.014492753623188406
0 0.6868055555555556 0.21618357487922704 0.009722222222222222 0.021739130434782608
0 0.6819444444444445 0.20652173913043478 0.005555555555555556 0.016908212560386472
0 0.525 0.1823671497584541 0.013888888888888888 0.021739130434782608
0 0.5847222222222223 0.2524154589371981 0.005555555555555556 0.012077294685990338
0 0.56875 0.2536231884057971 0.006944444444444444 0.014492753623188406
0 0.61875 0.28502415458937197 0.009722222222222222 0.01932367149758454
0 0.63125 0.2693236714975845 0.006944444444444444 0.016908212560386472
0 0.61875 0.25483091787439616 0.006944444444444444 0.016908212560386472
0 0.6680555555555555 0.22584541062801933 0.005555555555555556 0.016908212560386472
0 0.65625 0.2427536231884058 0.006944444444444444 0.012077294685990338
0 0.5756944444444444 0.40217391304347827 0.006944444444444444 0.021739130434782608
0 0.5798611111111112 0.392512077294686 0.009722222222222222 0.026570048309178744
0 0.5229166666666667 0.4553140096618358 0.006944444444444444 0.012077294685990338
0 0.7166666666666667 0.43719806763285024 0.008333333333333333 0.024154589371980676
0 0.7548611111111111 0.4384057971014493 0.006944444444444444 0.016908212560386472
0 0.7506944444444444 0.41545893719806765 0.004166666666666667 0.01932367149758454
0 0.7555555555555555 0.4082125603864734 0.005555555555555556 0.01932367149758454
0 0.7638888888888888 0.392512077294686 0.005555555555555556 0.012077294685990338
0 0.7722222222222223 0.36835748792270534 0.005555555555555556 0.021739130434782608
0 0.85625 0.4214975845410628 0.004166666666666667 0.016908212560386472
0 0.8444444444444444 0.4927536231884058 0.005555555555555556 0.024154589371980676
0 0.6569444444444444 0.2222222222222222 0.002777777777777778 0.014492753623188406
0 0.6506944444444445 0.2113526570048309 0.004166666666666667 0.012077294685990338
0 0.6520833333333333 0.22705314009661837 0.006944444444444444 0.00966183574879227
0 0.6270833333333333 0.2584541062801932 0.006944444444444444 0.00966183574879227
0 0.5833333333333334 0.2391304347826087 0.005555555555555556 0.014492753623188406
0 0.5840277777777778 0.2318840579710145 0.006944444444444444 0.014492753623188406
0 0.5520833333333334 0.2222222222222222 0.009722222222222222 0.014492753623188406
0 0.5597222222222222 0.23671497584541062 0.011111111111111112 0.01932367149758454
0 0.5229166666666667 0.44565217391304346 0.009722222222222222 0.016908212560386472
0 0.7791666666666667 0.3611111111111111 0.005555555555555556 0.016908212560386472
0 0.7694444444444445 0.3852657004830918 0.005555555555555556 0.016908212560386472
0 0.8548611111111111 0.785024154589372 0.004166666666666667 0.014492753623188406
0 0.8534722222222222 0.7379227053140096 0.004166666666666667 0.016908212560386472
0 0.8583333333333333 0.8200483091787439 0.005555555555555556 0.021739130434782608
0 0.8409722222222222 0.785024154589372 0.004166666666666667 0.014492753623188406
0 0.8194444444444444 0.8538647342995169 0.008333333333333333 0.016908212560386472
0 0.7986111111111112 0.8466183574879227 0.008333333333333333 0.021739130434782608
0 0.9979166666666667 0.5954106280193237 0.006944444444444444 0.016908212560386472
0 0.89375 0.5217391304347826 0.006944444444444444 0.014492753623188406
0 0.9020833333333333 0.5096618357487923 0.009722222222222222 0.01932367149758454
0 0.9236111111111112 0.48188405797101447 0.005555555555555556 0.016908212560386472
0 0.9131944444444444 0.46618357487922707 0.006944444444444444 0.014492753623188406
0 0.9069444444444444 0.4142512077294686 0.008333333333333333 0.016908212560386472
0 0.9208333333333333 0.4444444444444444 0.005555555555555556 0.01932367149758454
0 0.9333333333333333 0.4553140096618358 0.008333333333333333 0.021739130434782608
0 0.9444444444444444 0.46618357487922707 0.008333333333333333 0.024154589371980676
0 0.9361111111111111 0.4975845410628019 0.005555555555555556 0.01932367149758454
0 0.8895833333333333 0.08454106280193237 0.006944444444444444 0.01932367149758454
0 0.9159722222222222 0.07729468599033816 0.0125 0.033816425120772944
0 0.8986111111111111 0.17995169082125603 0.005555555555555556 0.016908212560386472
0 0.8972222222222223 0.19927536231884058 0.005555555555555556 0.021739130434782608
