0 0.45902777777777776 0.30676328502415456 0.020833333333333332 0.05314009661835749
0 0.5548611111111111 0.23067632850241546 0.0125 0.03140096618357488
0 0.5395833333333333 0.23792270531400966 0.0125 0.03140096618357488
0 0.5347222222222222 0.27294685990338163 0.013888888888888888 0.033816425120772944
0 0.5930555555555556 0.15821256038647344 0.013888888888888888 0.03140096618357488
0 0.5993055555555555 0.14130434782608695 0.0125 0.036231884057971016
0 0.5902777777777778 0.1111111111111111 0.013888888888888888 0.03864734299516908
0 0.017361111111111112 0.6268115942028986 0.02638888888888889 0.050724637681159424
0 0.22291666666666668 0.6316425120772947 0.018055555555555554 0.036231884057971016
0 0.059722222222222225 0.5760869565217391 0.030555555555555555 0.04589371980676329
0 0.675 0.751207729468599 0.013888888888888888 0.03864734299516908
0 0.7090277777777778 0.9130434782608695 0.02638888888888889 0.03864734299516908
0 0.6201388888888889 0.961352657004831 0.02361111111111111 0.043478260869565216
0 0.7104166666666667 0.9432367149758454 0.020833333333333332 0.036231884057971016
0 0.9145833333333333 0.8888888888888888 0.015277777777777777 0.03864734299516908
0 0.8993055555555556 0.9577294685990339 0.015277777777777777 0.036231884057971016
0 0.8201388888888889 0.7596618357487923 0.018055555555555554 0.036231884057971016
0 0.8826388888888889 0.5869565217391305 0.015277777777777777 0.043478260869565216
0 0.8652777777777778 0.6002415458937198 0.013888888888888888 0.050724637681159424
0 0.8486111111111111 0.75 0.016666666666666666 0.05555555555555555
0 0.9951388888888889 0.8695652173913043 0.0125 0.03864734299516908
0 0.8618055555555556 0.21014492753623187 0.018055555555555554 0.05314009661835749
0 0.8902777777777777 0.21980676328502416 0.022222222222222223 0.057971014492753624
