0 0.41041666666666665 0.2210144927536232 0.009722222222222222 0.036231884057971016
0 0.6020833333333333 0.6195652173913043 0.0125 0.04589371980676329
0 0.38819444444444445 0.09782608695652174 0.006944444444444444 0.03140096618357488
0 0.39652777777777776 0.09782608695652174 0.009722222222222222 0.03140096618357488
0 0.44722222222222224 0.08695652173913043 0.005555555555555556 0.024154589371980676
0 0.4444444444444444 0.08574879227053141 0.005555555555555556 0.036231884057971016
0 0.4305555555555556 0.0893719806763285 0.005555555555555556 0.028985507246376812
0 0.42986111111111114 0.08333333333333333 0.006944444444444444 0.03140096618357488
0 0.41458333333333336 0.09178743961352658 0.009722222222222222 0.03864734299516908
0 0.8458333333333333 0.2741545893719807 0.013888888888888888 0.04589371980676329
