0 0.3 0.75 0.04167 0.08454
0 0.41458 0.66184 0.02639 0.09662
0 0.37847 0.66304 0.02917 0.08454
0 0.35417 0.66908 0.025 0.08696
0 0.29583 0.66667 0.03056 0.07729
0 0.23819 0.68116 0.02639 0.09179
0 0.32222 0.66787 0.03333 0.11836
0 0.49167 0.61232 0.03333 0.08937
0 0.50625 0.59662 0.02639 0.07729
0 0.56319 0.593 0.02083 0.07488
0 0.5875 0.7186 0.02778 0.09903
0 0.60417 0.55072 0.01944 0.07246
0 0.62153 0.53261 0.0125 0.06522
0 0.65278 0.68116 0.03056 0.08213
0 0.69931 0.60628 0.02361 0.05797
0 0.74792 0.63406 0.01806 0.08454
0 0.73542 0.99517 0.02361 0.05797
0 0.73264 0.94928 0.02917 0.0628
0 0.74444 0.9215 0.01944 0.05556
0 0.82639 0.87198 0.01389 0.05797
0 0.85764 0.96498 0.01806 0.06522
0 0.82708 0.85024 0.0125 0.0628
0 0.86875 0.88164 0.0125 0.0628
0 0.72153 0.8442 0.03194 0.0942
