0 0.23402777777777778 0.3466183574879227 0.006944444444444444 0.021739130434782608
0 0.6194444444444445 0.07004830917874397 0.002777777777777778 0.00966183574879227
0 0.30694444444444446 0.5 0.005555555555555556 0.01932367149758454
0 0.3194444444444444 0.4939613526570048 0.005555555555555556 0.016908212560386472
0 0.28958333333333336 0.5289855072463768 0.006944444444444444 0.01932367149758454
0 0.26875 0.5301932367149759 0.009722222222222222 0.021739130434782608
0 0.2798611111111111 0.5301932367149759 0.006944444444444444 0.016908212560386472
0 0.3277777777777778 0.501207729468599 0.005555555555555556 0.016908212560386472
0 0.33125 0.4915458937198068 0.004166666666666667 0.016908212560386472
0 0.2847222222222222 0.5398550724637681 0.005555555555555556 0.012077294685990338
0 0.1840277777777778 0.6002415458937198 0.009722222222222222 0.026570048309178744
0 0.6909722222222222 0.41183574879227053 0.004166666666666667 0.021739130434782608
0 0.6701388888888888 0.4444444444444444 0.006944444444444444 0.01932367149758454
0 0.6611111111111111 0.47342995169082125 0.005555555555555556 0.024154589371980676
0 0.6513888888888889 0.47342995169082125 0.005555555555555556 0.024154589371980676
0 0.75625 0.5265700483091788 0.009722222222222222 0.024154589371980676
0 0.7055555555555556 0.5060386473429952 0.005555555555555556 0.021739130434782608
0 0.8208333333333333 0.5410628019323671 0.005555555555555556 0.024154589371980676
