0 0.3576388888888889 0.06422018348623854 0.009722222222222222 0.01834862385321101
0 0.39444444444444443 0.07155963302752294 0.011111111111111112 0.01834862385321101
0 0.42777777777777776 0.0908256880733945 0.008333333333333333 0.02018348623853211
0 0.4097222222222222 0.12568807339449542 0.008333333333333333 0.02018348623853211
0 0.44930555555555557 0.14862385321100918 0.0125 0.029357798165137616
0 0.8069444444444445 0.27889908256880735 0.016666666666666666 0.025688073394495414
0 0.8472222222222222 0.024770642201834864 0.013888888888888888 0.04220183486238532
0 0.6652777777777777 0.09908256880733946 0.022222222222222223 0.05504587155963303
0 0.6951388888888889 0.03761467889908257 0.015277777777777777 0.045871559633027525
0 0.7131944444444445 0.04128440366972477 0.0125 0.04220183486238532
0 0.36180555555555555 0.025688073394495414 0.0125 0.04036697247706422
