0 0.8840277777777777 0.748792270531401 0.02638888888888889 0.04830917874396135
0 0.7180555555555556 0.7234299516908212 0.019444444444444445 0.04589371980676329
0 0.6402777777777777 0.9806763285024155 0.019444444444444445 0.05314009661835749
0 0.66875 0.9855072463768116 0.018055555555555554 0.057971014492753624
0 0.6944444444444444 0.998792270531401 0.019444444444444445 0.06521739130434782
0 0.6493055555555556 0.1642512077294686 0.018055555555555554 0.06763285024154589
0 0.6638888888888889 0.42391304347826086 0.016666666666666666 0.04106280193236715
0 0.8548611111111111 0.17995169082125603 0.018055555555555554 0.07004830917874397
0 0.9888888888888889 0.11594202898550725 0.016666666666666666 0.04830917874396135
0 0.9930555555555556 0.10990338164251208 0.030555555555555555 0.036231884057971016
0 0.8111111111111111 0.1292270531400966 0.011111111111111112 0.05555555555555555
0 0.8201388888888889 0.13285024154589373 0.009722222222222222 0.043478260869565216
0 0.8770833333333333 0.10869565217391304 0.015277777777777777 0.057971014492753624
0 0.6298611111111111 0.5929951690821256 0.015277777777777777 0.04106280193236715
0 0.6423611111111112 0.5833333333333334 0.0125 0.036231884057971016
0 0.6465277777777778 0.571256038647343 0.0125 0.036231884057971016
0 0.6493055555555556 0.5483091787439613 0.0125 0.033816425120772944
0 0.6180555555555556 0.5821256038647343 0.008333333333333333 0.033816425120772944
0 0.6208333333333333 0.5688405797101449 0.013888888888888888 0.036231884057971016
0 0.8875 0.7294685990338164 0.025 0.04830917874396135
0 0.6784722222222223 0.4227053140096618 0.0125 0.028985507246376812
