0 0.06527777777777778 0.966183574879227 0.008333333333333333 0.043478260869565216
0 0.027777777777777776 0.7681159420289855 0.008333333333333333 0.03864734299516908
0 0.04097222222222222 0.7632850241545893 0.009722222222222222 0.03864734299516908
0 0.008333333333333333 0.7185990338164251 0.011111111111111112 0.04106280193236715
0 0.004861111111111111 0.5048309178743962 0.006944444444444444 0.028985507246376812
0 0.03958333333333333 0.5458937198067633 0.009722222222222222 0.028985507246376812
0 0.8673611111111111 0.8103864734299517 0.009722222222222222 0.036231884057971016
0 0.9486111111111111 0.7705314009661836 0.008333333333333333 0.028985507246376812
0 0.9569444444444445 0.7705314009661836 0.005555555555555556 0.028985507246376812
0 0.9548611111111112 0.7946859903381642 0.006944444444444444 0.028985507246376812
0 0.9 0.3115942028985507 0.005555555555555556 0.024154589371980676
0 0.8715277777777778 0.31521739130434784 0.006944444444444444 0.021739130434782608
0 0.88125 0.3538647342995169 0.004166666666666667 0.026570048309178744
0 0.9104166666666667 0.36594202898550726 0.004166666666666667 0.021739130434782608
