0 0.81111 0.46697 0.03333 0.03486
0 0.72847 0.23394 0.03194 0.03119
0 0.56319 0.21101 0.03194 0.0367
0 0.65972 0.20275 0.04722 0.06055
0 0.60208 0.10183 0.03472 0.03486
0 0.60556 0.02844 0.02778 0.04954
0 0.58889 0.04862 0.03889 0.04587
0 0.62014 0.02202 0.02361 0.04404
0 0.51528 0.56239 0.03611 0.0422
0 0.59514 0.37064 0.03194 0.0367
0 0.51806 0.43028 0.03333 0.0422
0 0.56389 0.48532 0.03056 0.03119
0 0.59375 0.41835 0.03472 0.05138
0 0.56806 0.40275 0.01944 0.03486
0 0.36944 0.20367 0.03611 0.03303
0 0.40486 0.25321 0.03472 0.04037
0 0.48542 0.15963 0.04306 0.03303
0 0.42778 0.15229 0.03333 0.04037
0 0.39444 0.14587 0.03889 0.03119
