0 0.004861111111111111 0.8376146788990826 0.006944444444444444 0.023853211009174313
0 0.02013888888888889 0.8293577981651377 0.009722222222222222 0.029357798165137616
0 0.03819444444444445 0.8311926605504587 0.015277777777777777 0.03669724770642202
0 0.0625 0.8321100917431192 0.011111111111111112 0.03486238532110092
0 0.07430555555555556 0.8211009174311926 0.0125 0.03486238532110092
0 0.04236111111111111 0.8165137614678899 0.0125 0.03302752293577982
0 0.05486111111111111 0.7798165137614679 0.006944444444444444 0.03302752293577982
0 0.09513888888888888 0.8 0.009722222222222222 0.025688073394495414
0 0.05347222222222222 0.8201834862385321 0.009722222222222222 0.029357798165137616
0 0.14375 0.7330275229357798 0.009722222222222222 0.031192660550458717
0 0.28055555555555556 0.6633027522935779 0.005555555555555556 0.023853211009174313
0 0.2902777777777778 0.6651376146788991 0.005555555555555556 0.02018348623853211
0 0.28888888888888886 0.6779816513761467 0.005555555555555556 0.02018348623853211
0 0.18611111111111112 0.7642201834862385 0.008333333333333333 0.02018348623853211
0 0.18333333333333332 0.7467889908256881 0.008333333333333333 0.025688073394495414
0 0.4041666666666667 0.6201834862385321 0.005555555555555556 0.011009174311926606
0 0.4111111111111111 0.6229357798165137 0.005555555555555556 0.01651376146788991
0 0.7451388888888889 0.6935779816513762 0.009722222222222222 0.01834862385321101
0 0.6868055555555556 0.5807339449541284 0.004166666666666667 0.009174311926605505
0 0.6638888888888889 0.6449541284403669 0.005555555555555556 0.012844036697247707
0 0.6763888888888889 0.6596330275229357 0.008333333333333333 0.023853211009174313
0 0.6368055555555555 0.7 0.006944444444444444 0.02018348623853211
0 0.5763888888888888 0.7660550458715596 0.008333333333333333 0.02018348623853211
0 0.6736111111111112 0.8972477064220183 0.022222222222222223 0.029357798165137616
0 0.5222222222222223 0.846788990825688 0.013888888888888888 0.031192660550458717
0 0.5736111111111111 0.8165137614678899 0.008333333333333333 0.03669724770642202
0 0.6395833333333333 0.9944954128440368 0.020833333333333332 0.03669724770642202
0 0.6402777777777777 0.9871559633027523 0.016666666666666666 0.022018348623853212
0 0.7097222222222223 0.9128440366972477 0.013888888888888888 0.031192660550458717
0 0.7541666666666667 0.9321100917431193 0.019444444444444445 0.029357798165137616
0 0.7763888888888889 0.9385321100917431 0.022222222222222223 0.031192660550458717
0 0.7180555555555556 0.9146788990825688 0.016666666666666666 0.031192660550458717
0 0.35694444444444445 0.9477064220183486 0.019444444444444445 0.03853211009174312
0 0.96875 0.981651376146789 0.02361111111111111 0.03669724770642202
