0 0.029861111111111113 0.653211009174312 0.029166666666666667 0.05137614678899083
0 0.4388888888888889 0.5944954128440367 0.025 0.06972477064220184
0 0.6048611111111111 0.5981651376146789 0.0125 0.05504587155963303
0 0.5916666666666667 0.5871559633027523 0.008333333333333333 0.047706422018348627
0 0.6243055555555556 0.5981651376146789 0.015277777777777777 0.05871559633027523
0 0.5944444444444444 0.6036697247706422 0.013888888888888888 0.05504587155963303
0 0.58125 0.6055045871559633 0.018055555555555554 0.062385321100917435
0 0.5659722222222222 0.5880733944954128 0.015277777777777777 0.05321100917431193
0 0.5472222222222223 0.5788990825688073 0.013888888888888888 0.060550458715596334
0 0.47291666666666665 0.5788990825688073 0.02361111111111111 0.045871559633027525
0 0.74375 0.5064220183486239 0.0125 0.04036697247706422
0 0.7548611111111111 0.5064220183486239 0.0125 0.03669724770642202
0 0.925 0.6633027522935779 0.022222222222222223 0.07155963302752294
0 0.7215277777777778 0.5770642201834862 0.020833333333333332 0.04220183486238532
