0 0.04722222222222222 0.8454106280193237 0.025 0.08695652173913043
0 0.0798611111111111 0.8297101449275363 0.020833333333333332 0.0893719806763285
0 0.08263888888888889 0.8309178743961353 0.020833333333333332 0.0821256038647343
0 0.09444444444444444 0.9625603864734299 0.022222222222222223 0.07004830917874397
0 0.12152777777777778 0.9516908212560387 0.02361111111111111 0.0821256038647343
0 0.11041666666666666 0.9577294685990339 0.02361111111111111 0.0748792270531401
0 0.10972222222222222 0.8792270531400966 0.022222222222222223 0.07729468599033816
0 0.125 0.8152173913043478 0.022222222222222223 0.07004830917874397
0 0.1361111111111111 0.8079710144927537 0.025 0.08454106280193237
0 0.1527777777777778 0.9009661835748792 0.025 0.0821256038647343
0 0.17222222222222222 0.9190821256038647 0.025 0.0748792270531401
0 0.1701388888888889 0.8719806763285024 0.034722222222222224 0.07729468599033816
0 0.30625 0.8647342995169082 0.029166666666666667 0.09178743961352658
0 0.3034722222222222 0.857487922705314 0.020833333333333332 0.07729468599033816
0 0.39166666666666666 0.8961352657004831 0.016666666666666666 0.057971014492753624
0 0.34930555555555554 0.8019323671497585 0.02638888888888889 0.09178743961352658
0 0.37916666666666665 0.7693236714975845 0.019444444444444445 0.07004830917874397
0 0.4041666666666667 0.7946859903381642 0.016666666666666666 0.0821256038647343
0 0.4125 0.8140096618357487 0.011111111111111112 0.057971014492753624
0 0.44930555555555557 0.8599033816425121 0.018055555555555554 0.0821256038647343
0 0.6430555555555556 0.7620772946859904 0.025 0.0748792270531401
0 0.43819444444444444 0.7536231884057971 0.020833333333333332 0.09178743961352658
0 0.4534722222222222 0.5857487922705314 0.02361111111111111 0.09903381642512077
0 0.4354166666666667 0.5120772946859904 0.018055555555555554 0.06763285024154589
0 0.47847222222222224 0.34782608695652173 0.015277777777777777 0.07729468599033816
0 0.5013888888888889 0.24758454106280192 0.016666666666666666 0.06038647342995169
0 0.4986111111111111 0.3502415458937198 0.019444444444444445 0.0821256038647343
0 0.5041666666666667 0.30917874396135264 0.016666666666666666 0.07246376811594203
0 0.5125 0.30434782608695654 0.016666666666666666 0.06280193236714976
0 0.5305555555555556 0.28743961352657005 0.011111111111111112 0.057971014492753624
0 0.5368055555555555 0.24879227053140096 0.0125 0.06280193236714976
0 0.5486111111111112 0.24879227053140096 0.013888888888888888 0.06763285024154589
0 0.5180555555555556 0.21256038647342995 0.016666666666666666 0.06280193236714976
0 0.4701388888888889 0.24879227053140096 0.015277777777777777 0.07246376811594203
0 0.5472222222222223 0.21739130434782608 0.016666666666666666 0.057971014492753624
0 0.56875 0.23309178743961353 0.015277777777777777 0.06521739130434782
0 0.575 0.22705314009661837 0.013888888888888888 0.07246376811594203
0 0.5909722222222222 0.17149758454106281 0.0125 0.057971014492753624
0 0.5534722222222223 0.18840579710144928 0.015277777777777777 0.05314009661835749
0 0.5638888888888889 0.1642512077294686 0.013888888888888888 0.06280193236714976
0 0.55 0.1678743961352657 0.016666666666666666 0.06521739130434782
0 0.5159722222222223 0.0966183574879227 0.0125 0.06763285024154589
0 0.5041666666666667 0.10990338164251208 0.011111111111111112 0.07004830917874397
0 0.575 0.12198067632850242 0.016666666666666666 0.05555555555555555
0 0.5708333333333333 0.10628019323671498 0.013888888888888888 0.057971014492753624
0 0.7479166666666667 0.018115942028985508 0.015277777777777777 0.036231884057971016
0 0.6770833333333334 0.04710144927536232 0.009722222222222222 0.06521739130434782
0 0.6923611111111111 0.028985507246376812 0.015277777777777777 0.057971014492753624
0 0.6173611111111111 0.09782608695652174 0.0125 0.05555555555555555
0 0.5902777777777778 0.07971014492753623 0.013888888888888888 0.06280193236714976
0 0.5618055555555556 0.024154589371980676 0.009722222222222222 0.04830917874396135
0 0.5763888888888888 0.027777777777777776 0.011111111111111112 0.05555555555555555
0 0.5875 0.028985507246376812 0.008333333333333333 0.057971014492753624
0 0.6048611111111111 0.057971014492753624 0.009722222222222222 0.04830917874396135
0 0.6145833333333334 0.06038647342995169 0.015277777777777777 0.05314009661835749
0 0.59375 0.035024154589371984 0.0125 0.050724637681159424
0 0.6069444444444444 0.03864734299516908 0.011111111111111112 0.057971014492753624
0 0.6256944444444444 0.0640096618357488 0.009722222222222222 0.050724637681159424
0 0.6347222222222222 0.03743961352657005 0.011111111111111112 0.05555555555555555
