0 0.7111111111111111 0.41304347826086957 0.005555555555555556 0.033816425120772944
0 0.7208333333333333 0.4082125603864734 0.005555555555555556 0.033816425120772944
0 0.6041666666666666 0.8526570048309179 0.011111111111111112 0.04830917874396135
0 0.8090277777777778 0.08091787439613526 0.006944444444444444 0.036231884057971016
0 0.8395833333333333 0.10024154589371981 0.004166666666666667 0.036231884057971016
0 0.8493055555555555 0.11956521739130435 0.009722222222222222 0.04106280193236715
0 0.8576388888888888 0.41183574879227053 0.009722222222222222 0.04589371980676329
0 0.8270833333333333 0.38405797101449274 0.009722222222222222 0.043478260869565216
0 0.8138888888888889 0.38405797101449274 0.011111111111111112 0.05314009661835749
0 0.7625 0.42391304347826086 0.011111111111111112 0.021739130434782608
0 0.7548611111111111 0.428743961352657 0.009722222222222222 0.021739130434782608
0 0.69375 0.4251207729468599 0.006944444444444444 0.028985507246376812
