0 0.15138888888888888 0.8788990825688073 0.05277777777777778 0.05504587155963303
0 0.2652777777777778 0.6275229357798165 0.03611111111111111 0.044036697247706424
0 0.03819444444444445 0.5770642201834862 0.02361111111111111 0.031192660550458717
0 0.15694444444444444 0.4614678899082569 0.027777777777777776 0.03853211009174312
0 0.16597222222222222 0.43944954128440367 0.034722222222222224 0.03486238532110092
0 0.11319444444444444 0.3981651376146789 0.034722222222222224 0.044036697247706424
0 0.1673611111111111 0.3688073394495413 0.029166666666666667 0.047706422018348627
0 0.28402777777777777 0.44770642201834865 0.034722222222222224 0.04036697247706422
0 0.5125 0.4972477064220184 0.027777777777777776 0.044036697247706424
0 0.63125 0.3761467889908257 0.02361111111111111 0.04036697247706422
0 0.58125 0.1651376146788991 0.02638888888888889 0.03302752293577982
0 0.7180555555555556 0.1724770642201835 0.022222222222222223 0.04036697247706422
0 0.08055555555555556 0.5522935779816514 0.044444444444444446 0.047706422018348627
0 0.04652777777777778 0.6293577981651376 0.043055555555555555 0.047706422018348627
0 0.027083333333333334 0.563302752293578 0.0375 0.05871559633027523
0 0.9486111111111111 0.03761467889908257 0.022222222222222223 0.031192660550458717
0 0.9243055555555556 0.06880733944954129 0.02361111111111111 0.031192660550458717
0 0.9173611111111111 0.081651376146789 0.018055555555555554 0.03853211009174312
0 0.9527777777777777 0.9623853211009175 0.03333333333333333 0.04220183486238532
0 0.9909722222222223 0.9761467889908257 0.034722222222222224 0.044036697247706424
