0 0.3194444444444444 0.25120772946859904 0.008333333333333333 0.01932367149758454
0 0.32708333333333334 0.2524154589371981 0.006944444444444444 0.016908212560386472
0 0.26875 0.13647342995169082 0.0125 0.016908212560386472
0 0.2569444444444444 0.14251207729468598 0.008333333333333333 0.014492753623188406
0 0.2652777777777778 0.1606280193236715 0.011111111111111112 0.016908212560386472
0 0.27291666666666664 0.07367149758454106 0.006944444444444444 0.012077294685990338
0 0.2708333333333333 0.028985507246376812 0.005555555555555556 0.014492753623188406
0 0.27152777777777776 0.05676328502415459 0.006944444444444444 0.012077294685990338
0 0.28194444444444444 0.07971014492753623 0.008333333333333333 0.014492753623188406
0 0.2798611111111111 0.05314009661835749 0.004166666666666667 0.01932367149758454
0 0.2875 0.059178743961352656 0.005555555555555556 0.012077294685990338
0 0.28402777777777777 0.2536231884057971 0.006944444444444444 0.028985507246376812
0 0.5604166666666667 0.37077294685990336 0.015277777777777777 0.016908212560386472
0 0.5611111111111111 0.35628019323671495 0.008333333333333333 0.016908212560386472
0 0.6388888888888888 0.3804347826086957 0.005555555555555556 0.016908212560386472
0 0.6180555555555556 0.37318840579710144 0.008333333333333333 0.012077294685990338
0 0.6666666666666666 0.391304347826087 0.005555555555555556 0.014492753623188406
0 0.6868055555555556 0.40217391304347827 0.009722222222222222 0.026570048309178744
0 0.675 0.3961352657004831 0.008333333333333333 0.01932367149758454
0 0.5958333333333333 0.3695652173913043 0.008333333333333333 0.01932367149758454
0 0.6034722222222222 0.37318840579710144 0.004166666666666667 0.021739130434782608
0 0.6090277777777777 0.3743961352657005 0.004166666666666667 0.024154589371980676
0 0.6631944444444444 0.4722222222222222 0.009722222222222222 0.03140096618357488
0 0.6479166666666667 0.3961352657004831 0.0125 0.028985507246376812
0 0.6597222222222222 0.3888888888888889 0.005555555555555556 0.024154589371980676
0 0.6763888888888889 0.40942028985507245 0.005555555555555556 0.021739130434782608
0 0.7027777777777777 0.40217391304347827 0.005555555555555556 0.026570048309178744
0 0.7479166666666667 0.4190821256038647 0.006944444444444444 0.021739130434782608
0 0.6729166666666667 0.4746376811594203 0.006944444444444444 0.021739130434782608
0 0.675 0.4613526570048309 0.008333333333333333 0.024154589371980676
0 0.6166666666666667 0.45410628019323673 0.011111111111111112 0.024154589371980676
0 0.6104166666666667 0.46980676328502413 0.009722222222222222 0.021739130434782608
0 0.6263888888888889 0.46859903381642515 0.011111111111111112 0.024154589371980676
0 0.8319444444444445 0.47101449275362317 0.011111111111111112 0.024154589371980676
0 0.8506944444444444 0.4746376811594203 0.0125 0.026570048309178744
0 0.9472222222222222 0.3864734299516908 0.011111111111111112 0.024154589371980676
0 0.9638888888888889 0.45169082125603865 0.013888888888888888 0.01932367149758454
0 0.9694444444444444 0.4335748792270531 0.011111111111111112 0.016908212560386472
0 0.9611111111111111 0.14009661835748793 0.011111111111111112 0.024154589371980676
0 0.9465277777777777 0.15579710144927536 0.0125 0.03140096618357488
0 0.7604166666666666 0.428743961352657 0.0125 0.026570048309178744
0 0.8298611111111112 0.4528985507246377 0.006944444444444444 0.021739130434782608
0 0.8694444444444445 0.4746376811594203 0.011111111111111112 0.021739130434782608
0 0.8909722222222223 0.4782608695652174 0.009722222222222222 0.01932367149758454
0 0.9645833333333333 0.1642512077294686 0.0125 0.01932367149758454
0 0.8333333333333334 0.020531400966183576 0.008333333333333333 0.026570048309178744
0 0.8423611111111111 0.025362318840579712 0.006944444444444444 0.026570048309178744
0 0.8534722222222222 0.030193236714975844 0.006944444444444444 0.021739130434782608
0 0.9722222222222222 0.0821256038647343 0.011111111111111112 0.01932367149758454
0 0.9798611111111111 0.17028985507246377 0.009722222222222222 0.021739130434782608
0 0.9791666666666666 0.09903381642512077 0.011111111111111112 0.01932367149758454
