0 0.1875 0.11651 0.01111 0.03119
0 0.16944 0.1156 0.00833 0.03303
0 0.15694 0.10826 0.00833 0.0367
0 0.14167 0.10092 0.00833 0.03303
0 0.15278 0.10183 0.01111 0.03853
0 0.17222 0.10826 0.01111 0.0367
0 0.03333 0.04404 0.00833 0.03303
0 0.00903 0.02752 0.00694 0.02936
0 0.36181 0.59908 0.02083 0.07156
0 0.41111 0.5789 0.01944 0.06055
0 0.56319 0.64954 0.01806 0.06606
0 0.54792 0.6422 0.02083 0.06606
0 0.71944 0.56972 0.02778 0.06055
0 0.72083 0.33303 0.01944 0.04954
0 0.15417 0.96881 0.02222 0.08073
