0 0.3597222222222222 0.894927536231884 0.013888888888888888 0.03140096618357488
0 0.34791666666666665 0.8756038647342995 0.0125 0.036231884057971016
0 0.33541666666666664 0.8599033816425121 0.0125 0.04830917874396135
0 0.5340277777777778 0.928743961352657 0.009722222222222222 0.036231884057971016
0 0.40555555555555556 0.7753623188405797 0.011111111111111112 0.033816425120772944
0 0.35347222222222224 0.717391304347826 0.009722222222222222 0.028985507246376812
0 0.3458333333333333 0.75 0.008333333333333333 0.036231884057971016
0 0.39444444444444443 0.782608695652174 0.005555555555555556 0.03864734299516908
0 0.40694444444444444 0.8043478260869565 0.011111111111111112 0.043478260869565216
0 0.13472222222222222 0.6256038647342995 0.013888888888888888 0.05314009661835749
0 0.33402777777777776 0.43478260869565216 0.0125 0.05314009661835749
0 0.2076388888888889 0.5543478260869565 0.004166666666666667 0.021739130434782608
0 0.21458333333333332 0.20652173913043478 0.006944444444444444 0.03140096618357488
0 0.24166666666666667 0.18961352657004832 0.008333333333333333 0.026570048309178744
0 0.1986111111111111 0.21497584541062803 0.011111111111111112 0.033816425120772944
0 0.19305555555555556 0.17995169082125603 0.005555555555555556 0.026570048309178744
0 0.18333333333333332 0.178743961352657 0.008333333333333333 0.028985507246376812
0 0.16666666666666666 0.17995169082125603 0.011111111111111112 0.026570048309178744
0 0.1486111111111111 0.20531400966183574 0.008333333333333333 0.028985507246376812
0 0.1361111111111111 0.2028985507246377 0.008333333333333333 0.028985507246376812
0 0.12291666666666666 0.19927536231884058 0.006944444444444444 0.026570048309178744
0 0.12430555555555556 0.18115942028985507 0.0125 0.028985507246376812
0 0.1111111111111111 0.17753623188405798 0.008333333333333333 0.026570048309178744
0 0.10277777777777777 0.17753623188405798 0.008333333333333333 0.03140096618357488
0 0.09513888888888888 0.20048309178743962 0.009722222222222222 0.024154589371980676
0 0.08611111111111111 0.1751207729468599 0.008333333333333333 0.021739130434782608
0 0.08333333333333333 0.1956521739130435 0.008333333333333333 0.028985507246376812
0 0.07361111111111111 0.19444444444444445 0.013888888888888888 0.03140096618357488
0 0.06388888888888888 0.19202898550724637 0.008333333333333333 0.036231884057971016
0 0.049305555555555554 0.15942028985507245 0.006944444444444444 0.01932367149758454
0 0.0375 0.15458937198067632 0.011111111111111112 0.028985507246376812
0 0.05347222222222222 0.1932367149758454 0.006944444444444444 0.028985507246376812
0 0.04375 0.18840579710144928 0.009722222222222222 0.033816425120772944
0 0.024305555555555556 0.1823671497584541 0.009722222222222222 0.036231884057971016
