0 0.56806 0.907 0.01667 0.06039
0 0.76944 0.66063 0.01389 0.02657
0 0.78194 0.67754 0.01667 0.0314
0 0.75486 0.8128 0.01528 0.03623
0 0.77431 0.81159 0.02917 0.04831
0 0.85903 0.97585 0.01528 0.03382
0 0.85556 0.96256 0.02222 0.03623
0 0.5375 0.11232 0.01111 0.05072
0 0.47847 0.1099 0.00972 0.03623
0 0.475 0.16063 0.00833 0.03623
0 0.35556 0.2186 0.01389 0.04106
0 0.40208 0.26932 0.0125 0.04106
0 0.41528 0.26449 0.01111 0.02657
0 0.41042 0.29227 0.00972 0.02899
0 0.41875 0.29106 0.00972 0.0314
0 0.42569 0.29348 0.00972 0.02657
0 0.43472 0.29348 0.01111 0.04106
0 0.56111 0.27657 0.01111 0.04106
0 0.48681 0.41304 0.0125 0.03382
0 0.44792 0.40821 0.0125 0.03382
0 0.43264 0.39976 0.00972 0.02174
0 0.43403 0.42029 0.00694 0.02415
0 0.46875 0.40942 0.0125 0.04106
0 0.61389 0.42754 0.01389 0.03382
0 0.68542 0.53744 0.0125 0.04589
0 0.69931 0.53744 0.0125 0.05072
0 0.72361 0.49155 0.01667 0.05556
0 0.64861 0.74034 0.01944 0.03623
0 0.59653 0.51932 0.01528 0.02415
0 0.61458 0.52899 0.00972 0.03382
0 0.60972 0.50845 0.01667 0.0314
0 0.53333 0.54952 0.01389 0.02174
0 0.51667 0.5628 0.01111 0.02415
0 0.51528 0.58213 0.01667 0.01449
0 0.51042 0.54952 0.00694 0.02174
0 0.66042 0.66667 0.03472 0.02415
0 0.71528 0.93237 0.01389 0.02899
0 0.84653 0.80918 0.0125 0.02415
0 0.84514 0.79952 0.0125 0.02899
0 0.625 0.49517 0.01111 0.04348
