0 0.08541666666666667 0.9697247706422019 0.03194444444444444 0.05321100917431193
0 0.10625 0.963302752293578 0.03194444444444444 0.05137614678899083
0 0.049305555555555554 0.9091743119266055 0.034722222222222224 0.05321100917431193
0 0.07013888888888889 0.9018348623853211 0.029166666666666667 0.05321100917431193
0 0.08472222222222223 0.8926605504587156 0.027777777777777776 0.05688073394495413
0 0.1076388888888889 0.8798165137614679 0.029166666666666667 0.05321100917431193
0 0.13125 0.8834862385321101 0.02638888888888889 0.05321100917431193
0 0.11597222222222223 0.8642201834862385 0.02361111111111111 0.05137614678899083
0 0.03333333333333333 0.8743119266055046 0.025 0.04954128440366973
0 0.03333333333333333 0.9018348623853211 0.027777777777777776 0.04954128440366973
0 0.04861111111111111 0.865137614678899 0.030555555555555555 0.045871559633027525
0 0.8826388888888889 0.9990825688073395 0.015277777777777777 0.05688073394495413
0 0.9013888888888889 0.998165137614679 0.019444444444444445 0.062385321100917435
0 0.9 0.9119266055045872 0.019444444444444445 0.05504587155963303
0 0.8215277777777777 0.8963302752293578 0.018055555555555554 0.05688073394495413
0 0.8145833333333333 0.8660550458715597 0.015277777777777777 0.044036697247706424
0 0.8395833333333333 0.8688073394495412 0.015277777777777777 0.05321100917431193
0 0.8590277777777777 0.8302752293577982 0.018055555555555554 0.05688073394495413
0 0.8340277777777778 0.789908256880734 0.020833333333333332 0.05688073394495413
0 0.7944444444444444 0.7724770642201835 0.013888888888888888 0.04036697247706422
0 0.79375 0.7440366972477064 0.015277777777777777 0.04220183486238532
0 0.8152777777777778 0.7422018348623853 0.013888888888888888 0.04954128440366973
0 0.8027777777777778 0.718348623853211 0.013888888888888888 0.04954128440366973
0 0.9715277777777778 0.8752293577981651 0.02361111111111111 0.04036697247706422
0 0.9868055555555556 0.7660550458715596 0.0125 0.045871559633027525
0 0.99375 0.7651376146788991 0.0125 0.047706422018348627
0 0.7111111111111111 0.6128440366972477 0.013888888888888888 0.044036697247706424
0 0.7236111111111111 0.6110091743119266 0.011111111111111112 0.044036697247706424
0 0.6875 0.6036697247706422 0.013888888888888888 0.04036697247706422
