0 0.13541666666666666 0.03743961352657005 0.006944444444444444 0.026570048309178744
0 0.2548611111111111 0.1859903381642512 0.006944444444444444 0.024154589371980676
0 0.26458333333333334 0.24879227053140096 0.004166666666666667 0.014492753623188406
0 0.29375 0.2898550724637681 0.004166666666666667 0.01932367149758454
0 0.28958333333333336 0.2753623188405797 0.004166666666666667 0.014492753623188406
0 0.09375 0.7403381642512077 0.006944444444444444 0.016908212560386472
0 0.14097222222222222 0.7789855072463768 0.006944444444444444 0.016908212560386472
0 0.1326388888888889 0.7101449275362319 0.006944444444444444 0.014492753623188406
0 0.12222222222222222 0.7089371980676329 0.005555555555555556 0.012077294685990338
0 0.2361111111111111 0.785024154589372 0.005555555555555556 0.014492753623188406
0 0.3902777777777778 0.7415458937198067 0.005555555555555556 0.01932367149758454
0 0.38125 0.7524154589371981 0.006944444444444444 0.021739130434782608
0 0.41180555555555554 0.8091787439613527 0.0125 0.01932367149758454
0 0.4736111111111111 0.8466183574879227 0.013888888888888888 0.016908212560386472
0 0.4722222222222222 0.8599033816425121 0.011111111111111112 0.00966183574879227
0 0.46944444444444444 0.8780193236714976 0.011111111111111112 0.016908212560386472
0 0.5069444444444444 0.8429951690821256 0.008333333333333333 0.01932367149758454
0 0.5 0.8176328502415459 0.011111111111111112 0.012077294685990338
0 0.5006944444444444 0.8309178743961353 0.009722222222222222 0.014492753623188406
0 0.5118055555555555 0.8103864734299517 0.009722222222222222 0.016908212560386472
0 0.48819444444444443 0.9444444444444444 0.009722222222222222 0.01932367149758454
0 0.4465277777777778 0.9082125603864735 0.009722222222222222 0.024154589371980676
0 0.4326388888888889 0.9456521739130435 0.009722222222222222 0.021739130434782608
0 0.41458333333333336 0.9359903381642513 0.006944444444444444 0.016908212560386472
0 0.40555555555555556 0.9202898550724637 0.008333333333333333 0.01932367149758454
0 0.34652777777777777 0.8840579710144928 0.006944444444444444 0.01932367149758454
0 0.39652777777777776 0.9794685990338164 0.009722222222222222 0.012077294685990338
0 0.35208333333333336 0.9154589371980676 0.009722222222222222 0.014492753623188406
0 0.36666666666666664 0.9323671497584541 0.011111111111111112 0.00966183574879227
0 0.33055555555555555 0.8454106280193237 0.008333333333333333 0.01932367149758454
0 0.3229166666666667 0.3272946859903382 0.004166666666666667 0.016908212560386472
0 0.3263888888888889 0.31521739130434784 0.005555555555555556 0.016908212560386472
0 0.31805555555555554 0.3140096618357488 0.005555555555555556 0.00966183574879227
0 0.4361111111111111 0.391304347826087 0.005555555555555556 0.01932367149758454
0 0.42986111111111114 0.3864734299516908 0.006944444444444444 0.01932367149758454
0 0.5159722222222223 0.4190821256038647 0.004166666666666667 0.016908212560386472
0 0.5229166666666667 0.428743961352657 0.004166666666666667 0.021739130434782608
0 0.4930555555555556 0.39009661835748793 0.005555555555555556 0.016908212560386472
0 0.4930555555555556 0.35507246376811596 0.005555555555555556 0.014492753623188406
0 0.50625 0.27657004830917875 0.004166666666666667 0.012077294685990338
0 0.4951388888888889 0.28502415458937197 0.004166666666666667 0.014492753623188406
0 0.47430555555555554 0.03260869565217391 0.004166666666666667 0.016908212560386472
0 0.49166666666666664 0.033816425120772944 0.005555555555555556 0.01932367149758454
0 0.4875 0.013285024154589372 0.005555555555555556 0.012077294685990338
0 0.5013888888888889 0.05314009661835749 0.005555555555555556 0.014492753623188406
0 0.5298611111111111 0.10748792270531402 0.004166666666666667 0.016908212560386472
0 0.54375 0.10265700483091787 0.004166666666666667 0.021739130434782608
0 0.5465277777777777 0.0748792270531401 0.006944444444444444 0.01932367149758454
0 0.5402777777777777 0.07125603864734299 0.005555555555555556 0.016908212560386472
0 0.6402777777777777 0.016908212560386472 0.008333333333333333 0.01932367149758454
0 0.6166666666666667 0.035024154589371984 0.008333333333333333 0.016908212560386472
0 0.5986111111111111 0.06159420289855073 0.008333333333333333 0.016908212560386472
0 0.5972222222222222 0.04468599033816425 0.005555555555555556 0.012077294685990338
0 0.5986111111111111 0.09420289855072464 0.011111111111111112 0.01932367149758454
0 0.5763888888888888 0.11956521739130435 0.008333333333333333 0.021739130434782608
0 0.5729166666666666 0.042270531400966184 0.006944444444444444 0.021739130434782608
0 0.58125 0.04468599033816425 0.004166666666666667 0.016908212560386472
0 0.5923611111111111 0.11956521739130435 0.004166666666666667 0.016908212560386472
0 0.5993055555555555 0.11835748792270531 0.006944444444444444 0.024154589371980676
0 0.6375 0.13405797101449277 0.005555555555555556 0.016908212560386472
0 0.75625 0.17149758454106281 0.006944444444444444 0.014492753623188406
0 0.7048611111111112 0.535024154589372 0.006944444444444444 0.016908212560386472
0 0.6972222222222222 0.5410628019323671 0.008333333333333333 0.014492753623188406
0 0.6847222222222222 0.5507246376811594 0.008333333333333333 0.014492753623188406
0 0.6777777777777778 0.5555555555555556 0.005555555555555556 0.00966183574879227
0 0.83125 0.4359903381642512 0.006944444444444444 0.012077294685990338
0 0.7708333333333334 0.5241545893719807 0.008333333333333333 0.014492753623188406
0 0.7597222222222222 0.5434782608695652 0.013888888888888888 0.014492753623188406
0 0.7402777777777778 0.5555555555555556 0.008333333333333333 0.00966183574879227
0 0.7451388888888889 0.5893719806763285 0.006944444444444444 0.024154589371980676
0 0.7347222222222223 0.5845410628019324 0.005555555555555556 0.01932367149758454
0 0.7409722222222223 0.5736714975845411 0.004166666666666667 0.012077294685990338
0 0.8090277777777778 0.782608695652174 0.0125 0.028985507246376812
0 0.5840277777777778 0.9033816425120773 0.009722222222222222 0.014492753623188406
0 0.5847222222222223 0.9202898550724637 0.011111111111111112 0.014492753623188406
0 0.7868055555555555 0.9166666666666666 0.006944444444444444 0.021739130434782608
0 0.8270833333333333 0.9746376811594203 0.009722222222222222 0.016908212560386472
0 0.8347222222222223 0.9734299516908212 0.005555555555555556 0.00966183574879227
0 0.8375 0.8780193236714976 0.011111111111111112 0.012077294685990338
0 0.8666666666666667 0.44082125603864736 0.011111111111111112 0.012077294685990338
