0 0.6840277777777778 0.8908256880733945 0.0125 0.023853211009174313
0 0.8784722222222222 0.6339449541284403 0.0125 0.023853211009174313
0 0.7840277777777778 0.6798165137614679 0.020833333333333332 0.031192660550458717
0 0.7541666666666667 0.8587155963302753 0.022222222222222223 0.03302752293577982
0 0.9618055555555556 0.6110091743119266 0.0125 0.022018348623853212
0 0.9708333333333333 0.5853211009174312 0.016666666666666666 0.029357798165137616
0 0.86875 0.5293577981651376 0.015277777777777777 0.027522935779816515
0 0.8333333333333334 0.48256880733944957 0.019444444444444445 0.03669724770642202
0 0.8194444444444444 0.4596330275229358 0.013888888888888888 0.031192660550458717
0 0.7993055555555556 0.4706422018348624 0.018055555555555554 0.031192660550458717
0 0.625 0.481651376146789 0.019444444444444445 0.031192660550458717
0 0.8083333333333333 0.3623853211009174 0.016666666666666666 0.027522935779816515
0 0.8166666666666667 0.4055045871559633 0.013888888888888888 0.025688073394495414
0 0.7798611111111111 0.39357798165137614 0.02638888888888889 0.01651376146788991
0 0.7520833333333333 0.3568807339449541 0.018055555555555554 0.023853211009174313
0 0.6972222222222222 0.3467889908256881 0.016666666666666666 0.025688073394495414
0 0.6444444444444445 0.43027522935779816 0.030555555555555555 0.03486238532110092
0 0.7243055555555555 0.41100917431192663 0.018055555555555554 0.025688073394495414
0 0.675 0.30458715596330277 0.016666666666666666 0.03302752293577982
0 0.66875 0.3504587155963303 0.0125 0.011009174311926606
0 0.6680555555555555 0.3669724770642202 0.019444444444444445 0.022018348623853212
