0 0.9013888888888889 0.463768115942029 0.005555555555555556 0.024154589371980676
0 0.9152777777777777 0.463768115942029 0.005555555555555556 0.01932367149758454
0 0.9125 0.46256038647342995 0.008333333333333333 0.026570048309178744
0 0.9194444444444444 0.36231884057971014 0.011111111111111112 0.01932367149758454
0 0.9131944444444444 0.34541062801932365 0.009722222222222222 0.024154589371980676
0 0.8770833333333333 0.13768115942028986 0.006944444444444444 0.033816425120772944
0 0.8784722222222222 0.12681159420289856 0.004166666666666667 0.03140096618357488
0 0.9666666666666667 0.1461352657004831 0.013888888888888888 0.026570048309178744
0 0.8736111111111111 0.2524154589371981 0.008333333333333333 0.021739130434782608
0 0.8666666666666667 0.2560386473429952 0.008333333333333333 0.024154589371980676
