0 0.9 0.4541284403669725 0.016666666666666666 0.05321100917431193
0 0.9534722222222223 0.25871559633027524 0.006944444444444444 0.025688073394495414
0 0.9604166666666667 0.25412844036697246 0.009722222222222222 0.027522935779816515
0 0.9736111111111111 0.2908256880733945 0.008333333333333333 0.031192660550458717
0 0.875 0.22018348623853212 0.008333333333333333 0.025688073394495414
0 0.8784722222222222 0.17155963302752295 0.006944444444444444 0.027522935779816515
0 0.9333333333333333 0.12110091743119267 0.005555555555555556 0.01834862385321101
0 0.9611111111111111 0.10275229357798166 0.005555555555555556 0.01834862385321101
0 0.9659722222222222 0.10458715596330276 0.004166666666666667 0.01834862385321101
0 0.9604166666666667 0.07889908256880734 0.004166666666666667 0.014678899082568808
0 0.9666666666666667 0.08073394495412844 0.005555555555555556 0.014678899082568808
0 0.9618055555555556 0.06330275229357799 0.006944444444444444 0.01651376146788991
