0 0.7145833333333333 0.12385321100917432 0.015277777777777777 0.045871559633027525
0 0.6465277777777778 0.13486238532110092 0.018055555555555554 0.04220183486238532
0 0.6381944444444444 0.12935779816513762 0.015277777777777777 0.045871559633027525
0 0.1375 0.20275229357798166 0.013888888888888888 0.03853211009174312
0 0.13194444444444445 0.22568807339449543 0.011111111111111112 0.047706422018348627
0 0.12638888888888888 0.24403669724770644 0.016666666666666666 0.05137614678899083
0 0.6534722222222222 0.581651376146789 0.034722222222222224 0.08073394495412844
0 0.1326388888888889 0.3614678899082569 0.015277777777777777 0.05504587155963303
0 0.0625 0.38440366972477064 0.013888888888888888 0.05321100917431193
0 0.03819444444444445 0.4871559633027523 0.018055555555555554 0.060550458715596334
0 0.09444444444444444 0.4761467889908257 0.013888888888888888 0.060550458715596334
0 0.08819444444444445 0.5871559633027523 0.018055555555555554 0.06972477064220184
0 0.07152777777777777 0.5825688073394495 0.018055555555555554 0.06788990825688074
0 0.05138888888888889 0.5522935779816514 0.022222222222222223 0.06605504587155964
0 0.022916666666666665 0.6275229357798165 0.018055555555555554 0.06605504587155964
0 0.043055555555555555 0.6220183486238532 0.016666666666666666 0.07339449541284404
0 0.027083333333333334 0.7541284403669725 0.020833333333333332 0.06605504587155964
0 0.09236111111111112 0.3798165137614679 0.018055555555555554 0.05871559633027523
0 0.07083333333333333 0.4917431192660551 0.019444444444444445 0.05871559633027523
0 0.07569444444444444 0.5220183486238532 0.015277777777777777 0.06788990825688074
0 0.020833333333333332 0.5238532110091743 0.019444444444444445 0.060550458715596334
0 0.021527777777777778 0.5669724770642202 0.020833333333333332 0.05504587155963303
0 0.03333333333333333 0.5834862385321101 0.019444444444444445 0.062385321100917435
0 0.02361111111111111 0.7293577981651376 0.019444444444444445 0.07155963302752294
