0 0.35694444444444445 0.20733944954128442 0.019444444444444445 0.062385321100917435
0 0.36875 0.20458715596330276 0.02361111111111111 0.05321100917431193
0 0.3875 0.20275229357798166 0.025 0.06422018348623854
0 0.3736111111111111 0.1706422018348624 0.022222222222222223 0.04036697247706422
0 0.3854166666666667 0.15229357798165138 0.020833333333333332 0.047706422018348627
0 0.3576388888888889 0.13394495412844037 0.020833333333333332 0.05504587155963303
0 0.5097222222222222 0.10825688073394496 0.025 0.047706422018348627
0 0.5166666666666667 0.12752293577981652 0.027777777777777776 0.045871559633027525
0 0.39305555555555555 0.029357798165137616 0.016666666666666666 0.05137614678899083
0 0.40208333333333335 0.03577981651376147 0.020833333333333332 0.045871559633027525
