0 0.6041666666666666 0.9033816425120773 0.008333333333333333 0.014492753623188406
0 0.6118055555555556 0.9408212560386473 0.009722222222222222 0.016908212560386472
0 0.6173611111111111 0.8888888888888888 0.006944444444444444 0.014492753623188406
0 0.61875 0.8357487922705314 0.006944444444444444 0.01932367149758454
0 0.5736111111111111 0.7995169082125604 0.008333333333333333 0.01932367149758454
0 0.6416666666666667 0.8442028985507246 0.008333333333333333 0.012077294685990338
0 0.6395833333333333 0.8659420289855072 0.009722222222222222 0.012077294685990338
0 0.6416666666666667 0.8888888888888888 0.008333333333333333 0.014492753623188406
0 0.6277777777777778 0.9227053140096618 0.005555555555555556 0.014492753623188406
0 0.65 0.8599033816425121 0.002777777777777778 0.014492753623188406
0 0.7659722222222223 0.788647342995169 0.006944444444444444 0.016908212560386472
0 0.7840277777777778 0.7717391304347826 0.006944444444444444 0.012077294685990338
0 0.7895833333333333 0.7524154589371981 0.006944444444444444 0.016908212560386472
0 0.7020833333333333 0.3248792270531401 0.006944444444444444 0.016908212560386472
0 0.6972222222222222 0.3115942028985507 0.008333333333333333 0.01932367149758454
0 0.6513888888888889 0.3357487922705314 0.011111111111111112 0.024154589371980676
0 0.6763888888888889 0.34903381642512077 0.005555555555555556 0.012077294685990338
0 0.7791666666666667 0.18357487922705315 0.005555555555555556 0.014492753623188406
0 0.7861111111111111 0.2246376811594203 0.008333333333333333 0.01932367149758454
0 0.7979166666666667 0.23671497584541062 0.006944444444444444 0.014492753623188406
0 0.7951388888888888 0.21739130434782608 0.004166666666666667 0.01932367149758454
0 0.7888888888888889 0.20169082125603865 0.005555555555555556 0.016908212560386472
0 0.8118055555555556 0.19082125603864733 0.006944444444444444 0.014492753623188406
0 0.7333333333333333 0.06521739130434782 0.008333333333333333 0.01932367149758454
0 0.89375 0.8200483091787439 0.006944444444444444 0.012077294685990338
