0 0.6909722222222222 0.9722222222222222 0.0125 0.04589371980676329
0 0.6486111111111111 0.966183574879227 0.013888888888888888 0.043478260869565216
0 0.5951388888888889 0.46256038647342995 0.009722222222222222 0.036231884057971016
0 0.7979166666666667 0.5905797101449275 0.009722222222222222 0.04106280193236715
0 0.7895833333333333 0.5422705314009661 0.006944444444444444 0.04106280193236715
0 0.7826388888888889 0.39009661835748793 0.006944444444444444 0.04106280193236715
0 0.7833333333333333 0.3357487922705314 0.008333333333333333 0.03864734299516908
0 0.7354166666666667 0.3272946859903382 0.009722222222222222 0.036231884057971016
0 0.8611111111111112 0.23067632850241546 0.008333333333333333 0.03140096618357488
0 0.8680555555555556 0.1823671497584541 0.008333333333333333 0.026570048309178744
