0 0.91667 0.2657 0.02222 0.03382
0 0.42361 0.26329 0.01389 0.01932
0 0.39722 0.24879 0.01667 0.02415
0 0.73333 0.24034 0.025 0.0314
0 0.75486 0.22705 0.02361 0.02415
0 0.80139 0.22464 0.01389 0.02415
0 0.75556 0.21135 0.01111 0.02174
0 0.80347 0.20894 0.01528 0.02174
0 0.08681 0.26208 0.00972 0.02657
0 0.14653 0.25483 0.01528 0.02657
0 0.025 0.1099 0.00833 0.03623
0 0.01528 0.08454 0.00833 0.01932
0 0.00486 0.09058 0.00694 0.01691
0 0.02569 0.03382 0.00972 0.03865
0 0.00556 0.03986 0.01111 0.0314
0 0.00972 0.01329 0.00833 0.02657
0 0.01875 0.01329 0.00972 0.02657
