0 0.044444444444444446 0.07247706422018349 0.013888888888888888 0.04220183486238532
0 0.03819444444444445 0.14862385321100918 0.015277777777777777 0.044036697247706424
0 0.05486111111111111 0.336697247706422 0.015277777777777777 0.04954128440366973
0 0.035416666666666666 0.24954128440366974 0.018055555555555554 0.05137614678899083
0 0.015277777777777777 0.17155963302752295 0.011111111111111112 0.045871559633027525
0 0.02638888888888889 0.5284403669724771 0.022222222222222223 0.05504587155963303
0 0.5409722222222222 0.06788990825688074 0.015277777777777777 0.025688073394495414
0 0.4618055555555556 0.16972477064220184 0.02361111111111111 0.023853211009174313
0 0.4888888888888889 0.23577981651376148 0.019444444444444445 0.03486238532110092
0 0.1597222222222222 0.02018348623853211 0.008333333333333333 0.03669724770642202
0 0.36666666666666664 0.025688073394495414 0.011111111111111112 0.01834862385321101
