0 0.3423611111111111 0.9891304347826086 0.015277777777777777 0.05555555555555555
0 0.2298611111111111 0.7995169082125604 0.015277777777777777 0.04830917874396135
0 0.29791666666666666 0.6086956521739131 0.006944444444444444 0.033816425120772944
0 0.5201388888888889 0.4806763285024155 0.0125 0.024154589371980676
0 0.46319444444444446 0.25483091787439616 0.009722222222222222 0.03140096618357488
0 0.45555555555555555 0.2524154589371981 0.008333333333333333 0.03140096618357488
0 0.40555555555555556 0.4577294685990338 0.011111111111111112 0.036231884057971016
0 0.5069444444444444 0.4855072463768116 0.008333333333333333 0.03864734299516908
0 0.5131944444444444 0.4673913043478261 0.009722222222222222 0.026570048309178744
0 0.29097222222222224 0.6099033816425121 0.009722222222222222 0.03140096618357488
0 0.29791666666666666 0.9855072463768116 0.0125 0.043478260869565216
0 0.2916666666666667 0.966183574879227 0.013888888888888888 0.043478260869565216
0 0.2708333333333333 0.9432367149758454 0.011111111111111112 0.026570048309178744
0 0.2465277777777778 0.9456521739130435 0.0125 0.04589371980676329
0 0.22847222222222222 0.9601449275362319 0.009722222222222222 0.036231884057971016
0 0.22569444444444445 0.9855072463768116 0.009722222222222222 0.033816425120772944
0 0.26666666666666666 0.9746376811594203 0.013888888888888888 0.04106280193236715
0 0.3798611111111111 0.9842995169082126 0.0125 0.04106280193236715
