0 0.95694 0.47064 0.00556 0.01284
0 0.19722 0.64862 0.00833 0.02018
0 0.19097 0.68349 0.00972 0.02018
0 0.26319 0.70642 0.00972 0.02202
0 0.27153 0.71101 0.00972 0.01651
0 0.28125 0.7055 0.00972 0.02385
0 0.29792 0.67064 0.00694 0.02385
0 0.29722 0.62294 0.00556 0.02018
0 0.3125 0.59266 0.00556 0.01835
0 0.23194 0.62202 0.00833 0.01835
0 0.22708 0.65229 0.00972 0.02018
0 0.20208 0.70092 0.00694 0.02202
0 0.20903 0.64404 0.00694 0.01835
0 0.20764 0.66422 0.00972 0.01101
0 0.19583 0.65963 0.01111 0.02018
0 0.17986 0.65688 0.00972 0.02569
0 0.17708 0.69633 0.00972 0.01651
0 0.15625 0.68807 0.00417 0.01835
0 0.11875 0.67982 0.00972 0.03119
