0 0.6590277777777778 0.4541284403669725 0.015277777777777777 0.03486238532110092
0 0.7666666666666667 0.2798165137614679 0.022222222222222223 0.045871559633027525
0 0.8069444444444445 0.363302752293578 0.025 0.05137614678899083
0 0.8902777777777777 0.1981651376146789 0.016666666666666666 0.03669724770642202
0 0.9006944444444445 0.17522935779816515 0.02638888888888889 0.03853211009174312
0 0.46944444444444444 0.3559633027522936 0.05 0.04036697247706422
0 0.39375 0.38623853211009174 0.03194444444444444 0.03486238532110092
0 0.42986111111111114 0.3201834862385321 0.04583333333333333 0.03853211009174312
0 0.4951388888888889 0.25871559633027524 0.0375 0.03302752293577982
0 0.48819444444444443 0.23669724770642203 0.03194444444444444 0.029357798165137616
0 0.7229166666666667 0.4834862385321101 0.018055555555555554 0.027522935779816515
0 0.3784722222222222 0.028440366972477066 0.03194444444444444 0.05688073394495413
0 0.7333333333333333 0.5055045871559632 0.025 0.04220183486238532
0 0.08680555555555555 0.755045871559633 0.03194444444444444 0.04954128440366973
0 0.8659722222222223 0.7871559633027523 0.02638888888888889 0.044036697247706424
0 0.7638888888888888 0.6688073394495413 0.030555555555555555 0.045871559633027525
0 0.7763888888888889 0.6431192660550459 0.027777777777777776 0.045871559633027525
