0 0.9375 0.17522935779816515 0.016666666666666666 0.04954128440366973
0 0.8076388888888889 0.18990825688073396 0.020833333333333332 0.045871559633027525
0 0.7569444444444444 0.1706422018348624 0.022222222222222223 0.047706422018348627
0 0.6104166666666667 0.14128440366972478 0.0375 0.062385321100917435
0 0.6618055555555555 0.10825688073394496 0.04027777777777778 0.05504587155963303
0 0.7097222222222223 0.1596330275229358 0.03333333333333333 0.047706422018348627
0 0.7513888888888889 0.13669724770642203 0.022222222222222223 0.04954128440366973
0 0.7611111111111111 0.11009174311926606 0.030555555555555555 0.05504587155963303
0 0.8 0.12752293577981652 0.03611111111111111 0.060550458715596334
0 0.7965277777777777 0.09908256880733946 0.02361111111111111 0.05137614678899083
0 0.45625 0.05596330275229358 0.043055555555555555 0.060550458715596334
0 0.4618055555555556 0.026605504587155965 0.043055555555555555 0.05321100917431193
0 0.11944444444444445 0.18807339449541285 0.05555555555555555 0.060550458715596334
0 0.21805555555555556 0.0853211009174312 0.03611111111111111 0.05688073394495413
0 0.21180555555555555 0.07706422018348624 0.043055555555555555 0.062385321100917435
