0 0.6888888888888889 0.01743119266055046 0.008333333333333333 0.03486238532110092
0 0.7069444444444445 0.01834862385321101 0.008333333333333333 0.03669724770642202
0 0.675 0.19357798165137616 0.008333333333333333 0.04220183486238532
0 0.7590277777777777 0.025688073394495414 0.006944444444444444 0.03669724770642202
0 0.7284722222222222 0.03302752293577982 0.009722222222222222 0.03669724770642202
0 0.8861111111111111 0.0981651376146789 0.008333333333333333 0.04220183486238532
0 0.7375 0.0853211009174312 0.013888888888888888 0.03486238532110092
0 0.7347222222222223 0.1577981651376147 0.013888888888888888 0.022018348623853212
0 0.7465277777777778 0.14954128440366973 0.0125 0.04220183486238532
0 0.78125 0.14678899082568808 0.015277777777777777 0.04036697247706422
0 0.8166666666666667 0.2467889908256881 0.011111111111111112 0.03853211009174312
0 0.6847222222222222 0.381651376146789 0.013888888888888888 0.03669724770642202
0 0.6513888888888889 0.9697247706422019 0.016666666666666666 0.045871559633027525
0 0.8423611111111111 0.28073394495412846 0.0125 0.025688073394495414
0 0.8631944444444445 0.2779816513761468 0.0125 0.03853211009174312
0 0.8652777777777778 0.25871559633027524 0.011111111111111112 0.04036697247706422
