0 0.23819444444444443 0.12439613526570048 0.018055555555555554 0.04589371980676329
0 0.22083333333333333 0.1956521739130435 0.011111111111111112 0.043478260869565216
0 0.23194444444444445 0.19202898550724637 0.013888888888888888 0.04106280193236715
0 0.19791666666666666 0.04106280193236715 0.0125 0.033816425120772944
0 0.2916666666666667 0.5772946859903382 0.008333333333333333 0.033816425120772944
0 0.30625 0.5785024154589372 0.006944444444444444 0.03140096618357488
0 0.4111111111111111 0.7258454106280193 0.016666666666666666 0.04106280193236715
0 0.41944444444444445 0.7669082125603864 0.016666666666666666 0.04589371980676329
0 0.4888888888888889 0.8345410628019324 0.016666666666666666 0.050724637681159424
0 0.5409722222222222 0.8852657004830918 0.018055555555555554 0.05555555555555555
