0 0.68819 0.90917 0.04028 0.03853
0 0.67431 0.90183 0.02639 0.08624
0 0.44514 0.63028 0.02361 0.05321
0 0.23681 0.63119 0.02361 0.05505
0 0.39722 0.51468 0.01944 0.0422
0 0.62222 0.59633 0.02222 0.04771
0 0.41667 0.55505 0.01667 0.04587
0 0.42431 0.55321 0.00972 0.03853
0 0.81458 0.56881 0.01528 0.04771
0 0.775 0.56055 0.01667 0.0422
0 0.69444 0.68624 0.02222 0.05138
0 0.66736 0.61927 0.02083 0.05688
0 0.70625 0.61743 0.01528 0.05688
0 0.92083 0.5789 0.01944 0.03853
0 0.79444 0.56606 0.01667 0.0422
0 0.45417 0.66881 0.01667 0.05321
0 0.34514 0.48716 0.01528 0.03119
0 0.66667 0.56514 0.01667 0.0367
0 0.67431 0.38624 0.00694 0.03119
