0 0.6472222222222223 0.9871559633027523 0.041666666666666664 0.11376146788990826
0 0.8083333333333333 0.9935779816513761 0.044444444444444446 0.11559633027522936
0 0.9756944444444444 0.6229357798165137 0.006944444444444444 0.01651376146788991
0 0.9680555555555556 0.6128440366972477 0.011111111111111112 0.03669724770642202
0 0.8118055555555556 0.7238532110091743 0.018055555555555554 0.05321100917431193
0 0.8277777777777777 0.708256880733945 0.016666666666666666 0.04036697247706422
0 0.8368055555555556 0.6651376146788991 0.015277777777777777 0.045871559633027525
0 0.9729166666666667 0.5660550458715596 0.009722222222222222 0.027522935779816515
0 0.3111111111111111 0.7495412844036697 0.022222222222222223 0.045871559633027525
0 0.2875 0.7623853211009174 0.025 0.045871559633027525
0 0.2625 0.763302752293578 0.030555555555555555 0.05137614678899083
0 0.2743055555555556 0.7458715596330275 0.015277777777777777 0.03486238532110092
0 0.29305555555555557 0.7422018348623853 0.016666666666666666 0.03486238532110092
0 0.9888888888888889 0.5394495412844037 0.008333333333333333 0.022018348623853212
0 0.9986111111111111 0.536697247706422 0.008333333333333333 0.023853211009174313
