0 0.8798611111111111 0.8119266055045872 0.018055555555555554 0.023853211009174313
0 0.8756944444444444 0.7201834862385321 0.015277777777777777 0.02018348623853211
0 0.8888888888888888 0.7201834862385321 0.013888888888888888 0.02018348623853211
0 0.8701388888888889 0.6211009174311927 0.015277777777777777 0.023853211009174313
0 0.8520833333333333 0.6275229357798165 0.015277777777777777 0.025688073394495414
0 0.9048611111111111 0.5220183486238532 0.015277777777777777 0.03486238532110092
0 0.9326388888888889 0.47522935779816516 0.018055555555555554 0.025688073394495414
0 0.9305555555555556 0.4706422018348624 0.011111111111111112 0.01651376146788991
0 0.8513888888888889 0.3431192660550459 0.019444444444444445 0.03302752293577982
0 0.7270833333333333 0.2706422018348624 0.0125 0.027522935779816515
0 0.7555555555555555 0.29724770642201837 0.016666666666666666 0.029357798165137616
0 0.9326388888888889 0.15412844036697249 0.0125 0.029357798165137616
