0 0.09236111111111112 0.6844036697247706 0.0125 0.044036697247706424
0 0.059722222222222225 0.6018348623853211 0.011111111111111112 0.03669724770642202
0 0.06944444444444445 0.6036697247706422 0.008333333333333333 0.04036697247706422
0 0.00625 0.363302752293578 0.0125 0.025688073394495414
0 0.052083333333333336 0.555045871559633 0.009722222222222222 0.03853211009174312
0 0.06527777777777778 0.5541284403669725 0.011111111111111112 0.04036697247706422
0 0.06180555555555556 0.5403669724770642 0.0125 0.03853211009174312
0 0.11875 0.4761467889908257 0.009722222222222222 0.03486238532110092
0 0.13819444444444445 0.47339449541284406 0.009722222222222222 0.03669724770642202
0 0.06041666666666667 0.3798165137614679 0.009722222222222222 0.029357798165137616
0 0.07083333333333333 0.38073394495412843 0.008333333333333333 0.031192660550458717
0 0.06944444444444445 0.3688073394495413 0.008333333333333333 0.025688073394495414
0 0.06388888888888888 0.3706422018348624 0.008333333333333333 0.025688073394495414
0 0.10555555555555556 0.3798165137614679 0.008333333333333333 0.029357798165137616
0 0.09861111111111111 0.3761467889908257 0.008333333333333333 0.029357798165137616
0 0.0875 0.37522935779816513 0.005555555555555556 0.03486238532110092
0 0.09166666666666666 0.37522935779816513 0.008333333333333333 0.031192660550458717
0 0.08055555555555556 0.37155963302752293 0.008333333333333333 0.031192660550458717
0 0.08263888888888889 0.3431192660550459 0.006944444444444444 0.029357798165137616
0 0.08680555555555555 0.3422018348623853 0.006944444444444444 0.027522935779816515
0 0.33541666666666664 0.3238532110091743 0.009722222222222222 0.027522935779816515
0 0.14930555555555555 0.3247706422018349 0.006944444444444444 0.029357798165137616
0 0.14027777777777778 0.3174311926605505 0.005555555555555556 0.025688073394495414
0 0.14375 0.3201834862385321 0.006944444444444444 0.031192660550458717
0 0.07013888888888889 0.318348623853211 0.006944444444444444 0.031192660550458717
0 0.058333333333333334 0.3431192660550459 0.008333333333333333 0.03302752293577982
0 0.0798611111111111 0.30091743119266057 0.009722222222222222 0.025688073394495414
0 0.1763888888888889 0.3229357798165138 0.008333333333333333 0.029357798165137616
0 0.18125 0.3229357798165138 0.006944444444444444 0.029357798165137616
0 0.18888888888888888 0.3128440366972477 0.005555555555555556 0.027522935779816515
0 0.18472222222222223 0.3110091743119266 0.008333333333333333 0.027522935779816515
0 0.2 0.3100917431192661 0.008333333333333333 0.025688073394495414
0 0.21041666666666667 0.3128440366972477 0.006944444444444444 0.027522935779816515
0 0.22083333333333333 0.3247706422018349 0.011111111111111112 0.029357798165137616
0 0.23194444444444445 0.3119266055045872 0.008333333333333333 0.029357798165137616
0 0.19027777777777777 0.20733944954128442 0.005555555555555556 0.022018348623853212
0 0.19583333333333333 0.20733944954128442 0.005555555555555556 0.025688073394495414
0 0.21944444444444444 0.21284403669724772 0.008333333333333333 0.022018348623853212
0 0.225 0.21559633027522937 0.005555555555555556 0.023853211009174313
0 0.22083333333333333 0.20091743119266056 0.005555555555555556 0.02018348623853211
0 0.225 0.20458715596330276 0.005555555555555556 0.023853211009174313
0 0.23958333333333334 0.1889908256880734 0.006944444444444444 0.022018348623853212
0 0.23055555555555557 0.1871559633027523 0.005555555555555556 0.022018348623853212
0 0.23472222222222222 0.18807339449541285 0.008333333333333333 0.027522935779816515
0 0.2659722222222222 0.18256880733944955 0.006944444444444444 0.02018348623853211
0 0.27361111111111114 0.19174311926605506 0.008333333333333333 0.023853211009174313
0 0.28194444444444444 0.1926605504587156 0.008333333333333333 0.025688073394495414
0 0.2743055555555556 0.1853211009174312 0.006944444444444444 0.025688073394495414
0 0.2902777777777778 0.181651376146789 0.008333333333333333 0.022018348623853212
0 0.2972222222222222 0.1743119266055046 0.005555555555555556 0.022018348623853212
0 0.3020833333333333 0.1761467889908257 0.006944444444444444 0.022018348623853212
0 0.3104166666666667 0.163302752293578 0.006944444444444444 0.025688073394495414
0 0.3229166666666667 0.1614678899082569 0.006944444444444444 0.01834862385321101
