0 0.3423611111111111 0.23119266055045873 0.02361111111111111 0.06972477064220184
0 0.13194444444444445 0.45137614678899085 0.03611111111111111 0.08440366972477065
0 0.08888888888888889 0.2779816513761468 0.03611111111111111 0.07522935779816514
0 0.4583333333333333 0.5137614678899083 0.030555555555555555 0.08073394495412844
0 0.6173611111111111 0.6220183486238532 0.02361111111111111 0.08440366972477065
0 0.6840277777777778 0.5422018348623853 0.018055555555555554 0.06422018348623854
0 0.6888888888888889 0.5284403669724771 0.027777777777777776 0.07706422018348624
0 0.6611111111111111 0.7412844036697248 0.027777777777777776 0.10275229357798166
0 0.6145833333333334 0.05412844036697248 0.018055555555555554 0.04220183486238532
0 0.8631944444444445 0.38807339449541284 0.018055555555555554 0.08623853211009175
0 0.95625 0.3963302752293578 0.018055555555555554 0.05504587155963303
0 0.9875 0.3614678899082569 0.019444444444444445 0.05871559633027523
0 0.9958333333333333 0.3330275229357798 0.022222222222222223 0.06422018348623854
0 0.95 0.11284403669724771 0.016666666666666666 0.07155963302752294
0 0.9666666666666667 0.15504587155963304 0.016666666666666666 0.07155963302752294
