0 0.18333333333333332 0.012077294685990338 0.005555555555555556 0.024154589371980676
0 0.1375 0.042270531400966184 0.008333333333333333 0.026570048309178744
0 0.07430555555555556 0.08695652173913043 0.006944444444444444 0.01932367149758454
0 0.15138888888888888 0.17995169082125603 0.008333333333333333 0.021739130434782608
0 0.044444444444444446 0.29106280193236717 0.005555555555555556 0.016908212560386472
0 0.04861111111111111 0.3115942028985507 0.005555555555555556 0.01932367149758454
0 0.03333333333333333 0.4927536231884058 0.008333333333333333 0.01932367149758454
0 0.13194444444444445 0.3888888888888889 0.002777777777777778 0.024154589371980676
0 0.12569444444444444 0.38405797101449274 0.004166666666666667 0.024154589371980676
0 0.08680555555555555 0.5084541062801933 0.009722222222222222 0.021739130434782608
0 0.041666666666666664 0.6992753623188406 0.008333333333333333 0.016908212560386472
0 0.33055555555555555 0.3007246376811594 0.005555555555555556 0.016908212560386472
0 0.23958333333333334 0.23429951690821257 0.004166666666666667 0.01932367149758454
0 0.23333333333333334 0.24758454106280192 0.005555555555555556 0.016908212560386472
0 0.3298611111111111 0.2898550724637681 0.006944444444444444 0.014492753623188406
0 0.35555555555555557 0.2669082125603865 0.005555555555555556 0.016908212560386472
0 0.3590277777777778 0.25120772946859904 0.004166666666666667 0.014492753623188406
0 0.3798611111111111 0.3272946859903382 0.006944444444444444 0.016908212560386472
0 0.3729166666666667 0.32971014492753625 0.004166666666666667 0.016908212560386472
0 0.37569444444444444 0.35507246376811596 0.006944444444444444 0.024154589371980676
0 0.41597222222222224 0.33695652173913043 0.004166666666666667 0.016908212560386472
0 0.4236111111111111 0.3248792270531401 0.008333333333333333 0.026570048309178744
0 0.3902777777777778 0.19082125603864733 0.005555555555555556 0.014492753623188406
0 0.44583333333333336 0.31280193236714976 0.005555555555555556 0.021739130434782608
0 0.4409722222222222 0.29830917874396135 0.006944444444444444 0.016908212560386472
0 0.4388888888888889 0.38405797101449274 0.008333333333333333 0.024154589371980676
0 0.40555555555555556 0.392512077294686 0.005555555555555556 0.016908212560386472
0 0.41180555555555554 0.38768115942028986 0.004166666666666667 0.021739130434782608
0 0.4013888888888889 0.07971014492753623 0.008333333333333333 0.024154589371980676
0 0.27152777777777776 0.1292270531400966 0.004166666666666667 0.016908212560386472
0 0.2701388888888889 0.11835748792270531 0.009722222222222222 0.014492753623188406
0 0.26805555555555555 0.10990338164251208 0.008333333333333333 0.016908212560386472
0 0.26319444444444445 0.09541062801932366 0.006944444444444444 0.016908212560386472
0 0.5055555555555555 0.9565217391304348 0.011111111111111112 0.01932367149758454
0 0.7083333333333334 0.8514492753623188 0.008333333333333333 0.016908212560386472
0 0.7104166666666667 0.8707729468599034 0.009722222222222222 0.016908212560386472
0 0.7236111111111111 0.9299516908212561 0.005555555555555556 0.014492753623188406
0 0.6652777777777777 0.7862318840579711 0.011111111111111112 0.021739130434782608
0 0.6694444444444444 0.7258454106280193 0.008333333333333333 0.016908212560386472
0 0.6861111111111111 0.6968599033816425 0.008333333333333333 0.021739130434782608
0 0.6666666666666666 0.6497584541062802 0.008333333333333333 0.00966183574879227
0 0.6520833333333333 0.6678743961352657 0.009722222222222222 0.021739130434782608
0 0.6576388888888889 0.6980676328502415 0.009722222222222222 0.014492753623188406
0 0.5340277777777778 0.33695652173913043 0.006944444444444444 0.021739130434782608
0 0.49444444444444446 0.463768115942029 0.005555555555555556 0.01932367149758454
0 0.5020833333333333 0.45652173913043476 0.006944444444444444 0.028985507246376812
0 0.5416666666666666 0.3804347826086957 0.005555555555555556 0.012077294685990338
0 0.5326388888888889 0.41183574879227053 0.006944444444444444 0.021739130434782608
0 0.5361111111111111 0.3997584541062802 0.005555555555555556 0.016908212560386472
0 0.5409722222222222 0.3973429951690821 0.004166666666666667 0.016908212560386472
0 0.6701388888888888 0.27053140096618356 0.006944444444444444 0.01932367149758454
0 0.6333333333333333 0.24516908212560387 0.005555555555555556 0.016908212560386472
0 0.5361111111111111 0.24033816425120774 0.005555555555555556 0.021739130434782608
0 0.5409722222222222 0.27898550724637683 0.004166666666666667 0.016908212560386472
0 0.5493055555555556 0.2741545893719807 0.006944444444444444 0.021739130434782608
0 0.5763888888888888 0.13043478260869565 0.005555555555555556 0.01932367149758454
0 0.6013888888888889 0.14855072463768115 0.005555555555555556 0.021739130434782608
0 0.6069444444444444 0.13768115942028986 0.008333333333333333 0.01932367149758454
0 0.5923611111111111 0.15096618357487923 0.006944444444444444 0.012077294685990338
0 0.5909722222222222 0.13526570048309178 0.006944444444444444 0.01932367149758454
0 0.60625 0.21497584541062803 0.006944444444444444 0.014492753623188406
0 0.6048611111111111 0.19806763285024154 0.004166666666666667 0.014492753623188406
0 0.5993055555555555 0.20531400966183574 0.004166666666666667 0.01932367149758454
0 0.6048611111111111 0.23550724637681159 0.006944444444444444 0.016908212560386472
0 0.5868055555555556 0.21497584541062803 0.006944444444444444 0.01932367149758454
0 0.5763888888888888 0.2028985507246377 0.002777777777777778 0.014492753623188406
0 0.9291666666666667 0.5555555555555556 0.013888888888888888 0.01932367149758454
0 0.7534722222222222 0.4975845410628019 0.006944444444444444 0.01932367149758454
0 0.7965277777777777 0.5410628019323671 0.0125 0.01932367149758454
0 0.7916666666666666 0.5603864734299517 0.008333333333333333 0.01932367149758454
0 0.7791666666666667 0.2463768115942029 0.011111111111111112 0.014492753623188406
0 0.7784722222222222 0.26207729468599034 0.009722222222222222 0.012077294685990338
0 0.7833333333333333 0.2693236714975845 0.011111111111111112 0.016908212560386472
0 0.9513888888888888 0.6570048309178744 0.013888888888888888 0.01932367149758454
0 0.93125 0.8635265700483091 0.0125 0.021739130434782608
0 0.9409722222222222 0.8695652173913043 0.009722222222222222 0.01932367149758454
0 0.7590277777777777 0.8514492753623188 0.0125 0.016908212560386472
0 0.7166666666666667 0.9033816425120773 0.011111111111111112 0.01932367149758454
