0 0.8319444444444445 0.23067632850241546 0.005555555555555556 0.021739130434782608
0 0.8152777777777778 0.23550724637681159 0.008333333333333333 0.036231884057971016
0 0.8229166666666666 0.23067632850241546 0.006944444444444444 0.03140096618357488
0 0.93125 0.4251207729468599 0.009722222222222222 0.028985507246376812
0 0.9159722222222222 0.4082125603864734 0.006944444444444444 0.024154589371980676
0 0.9298611111111111 0.501207729468599 0.006944444444444444 0.03140096618357488
0 0.9743055555555555 0.4528985507246377 0.0125 0.021739130434782608
0 0.9777777777777777 0.42028985507246375 0.008333333333333333 0.033816425120772944
0 0.9041666666666667 0.32608695652173914 0.008333333333333333 0.028985507246376812
0 0.8854166666666666 0.35628019323671495 0.006944444444444444 0.026570048309178744
0 0.8902777777777777 0.39492753623188404 0.008333333333333333 0.021739130434782608
0 0.9138888888888889 0.3357487922705314 0.008333333333333333 0.024154589371980676
0 0.9645833333333333 0.9589371980676329 0.006944444444444444 0.01932367149758454
0 0.9236111111111112 0.9855072463768116 0.011111111111111112 0.024154589371980676
0 0.9409722222222222 0.9070048309178744 0.006944444444444444 0.021739130434782608
0 0.8923611111111112 0.9516908212560387 0.009722222222222222 0.024154589371980676
0 0.88125 0.8538647342995169 0.009722222222222222 0.012077294685990338
0 0.8673611111111111 0.8683574879227053 0.009722222222222222 0.026570048309178744
