0 0.1 0.5266055045871559 0.013888888888888888 0.03669724770642202
0 0.42291666666666666 0.3174311926605505 0.009722222222222222 0.025688073394495414
0 0.7090277777777778 0.5935779816513761 0.018055555555555554 0.031192660550458717
0 0.7458333333333333 0.5513761467889908 0.013888888888888888 0.023853211009174313
0 0.7409722222222223 0.5642201834862385 0.0125 0.023853211009174313
0 0.7097222222222223 0.636697247706422 0.019444444444444445 0.03302752293577982
0 0.6229166666666667 0.736697247706422 0.02361111111111111 0.04220183486238532
0 0.5597222222222222 0.789908256880734 0.019444444444444445 0.03853211009174312
0 0.09861111111111111 0.3669724770642202 0.013888888888888888 0.03302752293577982
0 0.9326388888888889 0.013761467889908258 0.009722222222222222 0.01651376146788991
0 0.8458333333333333 0.6587155963302752 0.019444444444444445 0.03669724770642202
