0 0.8166666666666667 0.8635265700483091 0.019444444444444445 0.06521739130434782
0 0.86875 0.857487922705314 0.015277777777777777 0.06763285024154589
0 0.8888888888888888 0.4975845410628019 0.016666666666666666 0.07246376811594203
0 0.8229166666666666 0.35507246376811596 0.015277777777777777 0.05314009661835749
0 0.8263888888888888 0.15821256038647344 0.013888888888888888 0.04589371980676329
0 0.86875 0.17149758454106281 0.0125 0.05314009661835749
0 0.8930555555555556 0.17028985507246377 0.011111111111111112 0.050724637681159424
0 0.8416666666666667 0.11714975845410629 0.016666666666666666 0.050724637681159424
0 0.975 0.020531400966183576 0.013888888888888888 0.036231884057971016
0 0.9208333333333333 0.3852657004830918 0.013888888888888888 0.04106280193236715
0 0.9145833333333333 0.37922705314009664 0.015277777777777777 0.033816425120772944
