0 0.5354166666666667 0.4057971014492754 0.009722222222222222 0.033816425120772944
0 0.5388888888888889 0.392512077294686 0.008333333333333333 0.036231884057971016
0 0.5451388888888888 0.38405797101449274 0.009722222222222222 0.024154589371980676
0 0.5506944444444445 0.3719806763285024 0.009722222222222222 0.028985507246376812
0 0.46041666666666664 0.6304347826086957 0.009722222222222222 0.028985507246376812
0 0.4736111111111111 0.6123188405797102 0.011111111111111112 0.026570048309178744
0 0.47638888888888886 0.5821256038647343 0.008333333333333333 0.028985507246376812
0 0.48541666666666666 0.6207729468599034 0.0125 0.028985507246376812
0 0.5006944444444444 0.6183574879227053 0.0125 0.033816425120772944
0 0.4930555555555556 0.5797101449275363 0.011111111111111112 0.033816425120772944
0 0.4826388888888889 0.5591787439613527 0.009722222222222222 0.03140096618357488
0 0.4888888888888889 0.5434782608695652 0.011111111111111112 0.033816425120772944
0 0.4986111111111111 0.5507246376811594 0.011111111111111112 0.03864734299516908
0 0.5020833333333333 0.535024154589372 0.009722222222222222 0.03140096618357488
0 0.5097222222222222 0.535024154589372 0.011111111111111112 0.036231884057971016
0 0.5152777777777777 0.5555555555555556 0.011111111111111112 0.033816425120772944
0 0.5131944444444444 0.5905797101449275 0.009722222222222222 0.03140096618357488
0 0.5611111111111111 0.49879227053140096 0.011111111111111112 0.036231884057971016
0 0.5666666666666667 0.4915458937198068 0.011111111111111112 0.036231884057971016
0 0.8 0.2222222222222222 0.008333333333333333 0.028985507246376812
