0 0.35833333333333334 0.8816425120772947 0.019444444444444445 0.043478260869565216
0 0.3638888888888889 0.7946859903381642 0.019444444444444445 0.057971014492753624
0 0.3659722222222222 0.782608695652174 0.018055555555555554 0.043478260869565216
0 0.8326388888888889 0.3647342995169082 0.0125 0.043478260869565216
0 0.8430555555555556 0.30917874396135264 0.011111111111111112 0.043478260869565216
0 0.16597222222222222 0.34299516908212563 0.02361111111111111 0.05314009661835749
0 0.19791666666666666 0.34057971014492755 0.018055555555555554 0.05314009661835749
0 0.024305555555555556 0.5410628019323671 0.015277777777777777 0.04830917874396135
0 0.03888888888888889 0.571256038647343 0.016666666666666666 0.06038647342995169
0 0.052083333333333336 0.5857487922705314 0.020833333333333332 0.06038647342995169
