0 0.9888888888888889 0.4559633027522936 0.03333333333333333 0.08990825688073395
0 0.7284722222222222 0.40458715596330275 0.029166666666666667 0.09724770642201835
0 0.9513888888888888 0.3412844036697248 0.019444444444444445 0.06972477064220184
0 0.8236111111111111 0.3587155963302752 0.03333333333333333 0.07889908256880734
0 0.9416666666666667 0.3513761467889908 0.025 0.07522935779816514
0 0.9215277777777777 0.30275229357798167 0.018055555555555554 0.05504587155963303
0 0.8979166666666667 0.3091743119266055 0.03194444444444444 0.06422018348623854
0 0.8513888888888889 0.3155963302752294 0.030555555555555555 0.06605504587155964
0 0.8222222222222222 0.27889908256880735 0.016666666666666666 0.047706422018348627
0 0.8006944444444445 0.25688073394495414 0.018055555555555554 0.044036697247706424
0 0.025 0.39908256880733944 0.044444444444444446 0.08256880733944955
0 0.8541666666666666 0.19908256880733946 0.058333333333333334 0.045871559633027525
0 0.39305555555555555 0.25779816513761467 0.019444444444444445 0.06788990825688074
0 0.35555555555555557 0.26972477064220185 0.019444444444444445 0.06605504587155964
0 0.3194444444444444 0.26605504587155965 0.019444444444444445 0.06605504587155964
0 0.3034722222222222 0.26788990825688075 0.02361111111111111 0.06605504587155964
0 0.2875 0.2706422018348624 0.022222222222222223 0.05688073394495413
0 0.26875 0.2743119266055046 0.020833333333333332 0.060550458715596334
0 0.2520833333333333 0.2743119266055046 0.018055555555555554 0.05688073394495413
0 0.24027777777777778 0.26972477064220185 0.025 0.06605504587155964
0 0.25972222222222224 0.25963302752293577 0.019444444444444445 0.060550458715596334
0 0.2798611111111111 0.2761467889908257 0.020833333333333332 0.05688073394495413
0 0.29097222222222224 0.26972477064220185 0.020833333333333332 0.062385321100917435
0 0.29097222222222224 0.26880733944954127 0.029166666666666667 0.08256880733944955
0 0.30416666666666664 0.26055045871559634 0.025 0.07339449541284404
0 0.3215277777777778 0.26055045871559634 0.020833333333333332 0.06605504587155964
0 0.3333333333333333 0.25779816513761467 0.019444444444444445 0.06788990825688074
0 0.3402777777777778 0.25871559633027524 0.019444444444444445 0.062385321100917435
0 0.34930555555555554 0.26238532110091745 0.018055555555555554 0.062385321100917435
0 0.3597222222222222 0.26422018348623855 0.019444444444444445 0.062385321100917435
0 0.36041666666666666 0.25596330275229356 0.018055555555555554 0.06788990825688074
0 0.38680555555555557 0.25688073394495414 0.020833333333333332 0.06605504587155964
0 0.4798611111111111 0.21284403669724772 0.015277777777777777 0.044036697247706424
0 0.5131944444444444 0.22385321100917432 0.018055555555555554 0.044036697247706424
0 0.5076388888888889 0.22110091743119267 0.018055555555555554 0.04220183486238532
0 0.8597222222222223 0.062385321100917435 0.008333333333333333 0.022018348623853212
0 0.8722222222222222 0.05412844036697248 0.008333333333333333 0.012844036697247707
0 0.7548611111111111 0.081651376146789 0.009722222222222222 0.02018348623853211
0 0.7652777777777777 0.12201834862385322 0.008333333333333333 0.031192660550458717
