0 0.9666666666666667 0.011926605504587157 0.008333333333333333 0.01651376146788991
0 0.9027777777777778 0.25045871559633026 0.011111111111111112 0.02018348623853211
0 0.8416666666666667 0.16972477064220184 0.005555555555555556 0.01651376146788991
0 0.8277777777777777 0.29724770642201837 0.011111111111111112 0.011009174311926606
0 0.7402777777777778 0.3669724770642202 0.011111111111111112 0.014678899082568808
0 0.5166666666666667 0.09908256880733946 0.005555555555555556 0.022018348623853212
0 0.5215277777777778 0.07522935779816514 0.004166666666666667 0.022018348623853212
0 0.5965277777777778 0.14495412844036698 0.006944444444444444 0.011009174311926606
0 0.28055555555555556 0.3513761467889908 0.005555555555555556 0.012844036697247707
0 0.2701388888888889 0.15229357798165138 0.006944444444444444 0.01834862385321101
0 0.4479166666666667 0.01743119266055046 0.006944444444444444 0.01651376146788991
0 0.1597222222222222 0.37522935779816513 0.008333333333333333 0.01651376146788991
0 0.12430555555555556 0.29908256880733947 0.009722222222222222 0.014678899082568808
0 0.4284722222222222 0.026605504587155965 0.006944444444444444 0.01651376146788991
0 0.43472222222222223 0.013761467889908258 0.005555555555555556 0.012844036697247707
0 0.3951388888888889 0.011926605504587157 0.006944444444444444 0.01651376146788991
0 0.40208333333333335 0.01926605504587156 0.006944444444444444 0.02018348623853211
0 0.4097222222222222 0.022935779816513763 0.008333333333333333 0.01651376146788991
0 0.06388888888888888 0.39541284403669724 0.008333333333333333 0.01651376146788991
0 0.11736111111111111 0.2761467889908257 0.006944444444444444 0.012844036697247707
0 0.2965277777777778 0.1651376146788991 0.006944444444444444 0.014678899082568808
0 0.27847222222222223 0.1614678899082569 0.006944444444444444 0.014678899082568808
0 0.6881944444444444 0.5495412844036697 0.006944444444444444 0.01651376146788991
0 0.6569444444444444 0.7422018348623853 0.011111111111111112 0.02018348623853211
0 0.4361111111111111 0.6633027522935779 0.011111111111111112 0.012844036697247707
0 0.28402777777777777 0.8009174311926606 0.0125 0.01651376146788991
0 0.04097222222222222 0.5100917431192661 0.006944444444444444 0.01834862385321101
0 0.06388888888888888 0.5587155963302752 0.005555555555555556 0.012844036697247707
0 0.030555555555555555 0.5155963302752293 0.005555555555555556 0.014678899082568808
