0 0.5402777777777777 0.998165137614679 0.025 0.08440366972477065
0 0.1701388888888889 0.9752293577981651 0.02361111111111111 0.07889908256880734
0 0.16458333333333333 0.9532110091743119 0.020833333333333332 0.06788990825688074
0 0.1527777777777778 0.9220183486238532 0.027777777777777776 0.07889908256880734
0 0.0798611111111111 0.9706422018348624 0.018055555555555554 0.06972477064220184
0 0.08125 0.9385321100917431 0.020833333333333332 0.06788990825688074
0 0.22430555555555556 0.6633027522935779 0.0125 0.045871559633027525
0 0.25625 0.6752293577981652 0.009722222222222222 0.044036697247706424
0 0.26666666666666666 0.6788990825688074 0.013888888888888888 0.05871559633027523
0 0.3055555555555556 0.6770642201834862 0.011111111111111112 0.047706422018348627
0 0.26319444444444445 0.6394495412844037 0.0125 0.04220183486238532
