0 0.20208333333333334 0.3486238532110092 0.0125 0.05871559633027523
0 0.375 0.07614678899082569 0.019444444444444445 0.03853211009174312
0 0.42291666666666666 0.14128440366972478 0.0125 0.03669724770642202
0 0.525 0.19724770642201836 0.011111111111111112 0.031192660550458717
0 0.2534722222222222 0.0981651376146789 0.006944444444444444 0.027522935779816515
0 0.3236111111111111 0.10550458715596331 0.011111111111111112 0.027522935779816515
0 0.29444444444444445 0.4541284403669725 0.011111111111111112 0.03486238532110092
0 0.3263888888888889 0.4577981651376147 0.019444444444444445 0.031192660550458717
0 0.3263888888888889 0.9688073394495413 0.030555555555555555 0.07706422018348624
0 0.28402777777777777 0.9834862385321101 0.029166666666666667 0.08440366972477065
0 0.2902777777777778 0.9495412844036697 0.030555555555555555 0.060550458715596334
0 0.5208333333333334 0.9944954128440368 0.025 0.062385321100917435
