0 0.6597222222222222 0.39855072463768115 0.008333333333333333 0.03864734299516908
0 0.64375 0.4577294685990338 0.006944444444444444 0.04106280193236715
0 0.6291666666666667 0.5132850241545893 0.008333333333333333 0.026570048309178744
0 0.6347222222222222 0.5132850241545893 0.008333333333333333 0.021739130434782608
0 0.6270833333333333 0.4963768115942029 0.009722222222222222 0.04106280193236715
0 0.6326388888888889 0.5060386473429952 0.009722222222222222 0.036231884057971016
0 0.6409722222222223 0.49033816425120774 0.009722222222222222 0.043478260869565216
0 0.9479166666666666 0.26207729468599034 0.006944444444444444 0.03140096618357488
0 0.6944444444444444 0.1316425120772947 0.005555555555555556 0.026570048309178744
0 0.7131944444444445 0.1642512077294686 0.009722222222222222 0.024154589371980676
0 0.7076388888888889 0.10869565217391304 0.004166666666666667 0.01932367149758454
0 0.7347222222222223 0.05555555555555555 0.005555555555555556 0.024154589371980676
0 0.7409722222222223 0.05676328502415459 0.004166666666666667 0.021739130434782608
