0 0.4375 0.5205314009661836 0.011111111111111112 0.036231884057971016
0 0.44583333333333336 0.5048309178743962 0.013888888888888888 0.033816425120772944
0 0.5270833333333333 0.7427536231884058 0.018055555555555554 0.03140096618357488
0 0.575 0.8152173913043478 0.013888888888888888 0.03140096618357488
0 0.5840277777777778 0.9456521739130435 0.018055555555555554 0.04106280193236715
0 0.6076388888888888 0.7789855072463768 0.0125 0.03140096618357488
0 0.8361111111111111 0.7524154589371981 0.016666666666666666 0.03140096618357488
0 0.7861111111111111 0.6920289855072463 0.011111111111111112 0.036231884057971016
0 0.8611111111111112 0.6086956521739131 0.011111111111111112 0.03864734299516908
0 0.9715277777777778 0.717391304347826 0.0125 0.03864734299516908
0 0.9791666666666666 0.711352657004831 0.008333333333333333 0.036231884057971016
