0 0.93958 0.11284 0.03194 0.07523
0 0.93889 0.09817 0.01944 0.07156
0 0.89375 0.18165 0.02917 0.06239
0 0.90208 0.16972 0.02917 0.06422
0 0.84583 0.15963 0.03056 0.06606
0 0.83333 0.12661 0.025 0.05872
0 0.86181 0.12569 0.01806 0.07156
0 0.85625 0.11284 0.02083 0.06422
0 0.89375 0.07339 0.03472 0.06606
0 0.82847 0.0945 0.02083 0.06789
0 0.73403 0.13761 0.0375 0.08073
0 0.75903 0.11743 0.03194 0.07706
0 0.7625 0.07156 0.03056 0.08073
0 0.80417 0.06972 0.03333 0.07339
0 0.79583 0.04312 0.02222 0.06789
0 0.76389 0.05688 0.025 0.07706
0 0.67986 0.1844 0.04583 0.07156
0 0.67083 0.15321 0.03056 0.0789
0 0.65278 0.07339 0.03333 0.06972
0 0.6625 0.04312 0.025 0.06789
0 0.66389 0.03394 0.03333 0.06789
0 0.59514 0.12661 0.02639 0.07339
0 0.60486 0.11743 0.03472 0.06972
0 0.54375 0.07064 0.0375 0.06789
0 0.55764 0.05505 0.0375 0.07339
0 0.48542 0.24771 0.04861 0.07339
0 0.51181 0.22661 0.04861 0.06789
0 0.50764 0.2055 0.0375 0.07706
0 0.50764 0.18349 0.04028 0.07706
0 0.43472 0.18624 0.03333 0.06422
0 0.44097 0.16789 0.04583 0.06055
0 0.4375 0.14679 0.03611 0.07339
0 0.48125 0.42202 0.05972 0.0844
0 0.44583 0.39541 0.03333 0.07156
0 0.44514 0.37706 0.03472 0.06789
0 0.8625 0.33303 0.05 0.0789
0 0.27847 0.42202 0.06806 0.0844
0 0.31736 0.17523 0.0375 0.06789
0 0.23194 0.19541 0.04167 0.06789
0 0.20069 0.24862 0.05139 0.06789
0 0.21319 0.21835 0.04583 0.06972
0 0.12014 0.18349 0.0625 0.07706
0 0.12708 0.15872 0.04861 0.06789
0 0.07292 0.16606 0.05694 0.07523
