0 0.9534722222222223 0.5555555555555556 0.02638888888888889 0.04830917874396135
0 0.8972222222222223 0.5265700483091788 0.008333333333333333 0.043478260869565216
0 0.9166666666666666 0.49033816425120774 0.016666666666666666 0.057971014492753624
0 0.9555555555555556 0.37681159420289856 0.016666666666666666 0.043478260869565216
0 0.5847222222222223 0.6123188405797102 0.013888888888888888 0.04589371980676329
0 0.6298611111111111 0.5507246376811594 0.0125 0.04830917874396135
0 0.6 0.5374396135265701 0.011111111111111112 0.05555555555555555
0 0.5840277777777778 0.5446859903381642 0.015277777777777777 0.06038647342995169
0 0.5638888888888889 0.5736714975845411 0.013888888888888888 0.0748792270531401
0 0.6902777777777778 0.45652173913043476 0.011111111111111112 0.043478260869565216
0 0.6784722222222223 0.4504830917874396 0.009722222222222222 0.04589371980676329
0 0.6263888888888889 0.3997584541062802 0.013888888888888888 0.04589371980676329
0 0.6041666666666666 0.39009661835748793 0.013888888888888888 0.050724637681159424
0 0.18819444444444444 0.9480676328502415 0.015277777777777777 0.04589371980676329
0 0.7847222222222222 0.3055555555555556 0.016666666666666666 0.03140096618357488
