0 0.7909722222222222 0.7524154589371981 0.018055555555555554 0.07004830917874397
0 0.39444444444444443 0.8466183574879227 0.022222222222222223 0.07004830917874397
0 0.39375 0.8345410628019324 0.0125 0.04106280193236715
0 0.28125 0.5857487922705314 0.009722222222222222 0.03140096618357488
0 0.2875 0.5869565217391305 0.008333333333333333 0.03864734299516908
0 0.08263888888888889 0.022946859903381644 0.004166666666666667 0.021739130434782608
0 0.08611111111111111 0.021739130434782608 0.005555555555555556 0.024154589371980676
0 0.009722222222222222 0.18961352657004832 0.005555555555555556 0.03140096618357488
0 0.014583333333333334 0.15338164251207728 0.004166666666666667 0.026570048309178744
0 0.01875 0.1606280193236715 0.004166666666666667 0.021739130434782608
0 0.024305555555555556 0.1570048309178744 0.004166666666666667 0.024154589371980676
