0 0.15278 0.88532 0.01111 0.0422
0 0.16458 0.70183 0.00972 0.03486
0 0.07639 0.65138 0.00833 0.02936
0 0.2125 0.58624 0.01111 0.02752
0 0.22639 0.58624 0.00833 0.03119
0 0.20903 0.52294 0.00972 0.02569
0 0.20208 0.52294 0.00972 0.03303
0 0.19028 0.5211 0.00833 0.02936
0 0.79583 0.50459 0.01111 0.02202
0 0.79097 0.50367 0.0125 0.02385
0 0.80069 0.49174 0.00972 0.02202
0 0.51806 0.42018 0.00833 0.01835
0 0.34028 0.37615 0.00833 0.01835
0 0.55764 0.38165 0.00694 0.01835
0 0.5625 0.38165 0.00556 0.01468
