0 0.3298611111111111 0.03761467889908257 0.0125 0.03853211009174312
0 0.5909722222222222 0.13853211009174313 0.015277777777777777 0.045871559633027525
0 0.5666666666666667 0.13027522935779817 0.013888888888888888 0.047706422018348627
0 0.5423611111111111 0.12568807339449542 0.015277777777777777 0.045871559633027525
0 0.5548611111111111 0.12293577981651377 0.0125 0.044036697247706424
0 0.5347222222222222 0.11743119266055047 0.013888888888888888 0.04036697247706422
0 0.5875 0.11743119266055047 0.013888888888888888 0.04036697247706422
0 0.5486111111111112 0.47706422018348627 0.022222222222222223 0.07706422018348624
0 0.43194444444444446 0.0834862385321101 0.013888888888888888 0.04220183486238532
0 0.6305555555555555 0.14678899082568808 0.013888888888888888 0.044036697247706424
0 0.6736111111111112 0.1706422018348624 0.016666666666666666 0.05504587155963303
