0 0.029166666666666667 0.8669724770642202 0.041666666666666664 0.1706422018348624
0 0.4625 0.936697247706422 0.058333333333333334 0.2
0 0.5673611111111111 0.8247706422018348 0.07361111111111111 0.1853211009174312
0 0.6277777777777778 0.7238532110091743 0.06111111111111111 0.163302752293578
0 0.2847222222222222 0.8174311926605504 0.04722222222222222 0.1779816513761468
0 0.40208333333333335 0.7211009174311926 0.04583333333333333 0.1651376146788991
0 0.47708333333333336 0.6477064220183486 0.04861111111111111 0.1614678899082569
0 0.17847222222222223 0.7110091743119266 0.06527777777777778 0.1596330275229358
0 0.2826388888888889 0.6412844036697247 0.05138888888888889 0.163302752293578
0 0.35694444444444445 0.5743119266055046 0.044444444444444446 0.1614678899082569
0 0.06458333333333334 0.6247706422018349 0.04583333333333333 0.1596330275229358
0 0.04513888888888889 0.4944954128440367 0.043055555555555555 0.14495412844036698
0 0.22083333333333333 0.5027522935779817 0.03611111111111111 0.13944954128440368
0 0.9555555555555556 0.6027522935779817 0.07777777777777778 0.14495412844036698
0 0.9819444444444444 0.6706422018348623 0.03611111111111111 0.12293577981651377
