0 0.21458333333333332 0.07004830917874397 0.006944444444444444 0.024154589371980676
0 0.01597222222222222 0.2995169082125604 0.009722222222222222 0.028985507246376812
0 0.07291666666666667 0.2922705314009662 0.006944444444444444 0.024154589371980676
0 0.1597222222222222 0.25483091787439616 0.008333333333333333 0.026570048309178744
0 0.08611111111111111 0.286231884057971 0.008333333333333333 0.03140096618357488
0 0.0375 0.2693236714975845 0.005555555555555556 0.026570048309178744
0 0.044444444444444446 0.2572463768115942 0.005555555555555556 0.021739130434782608
0 0.009722222222222222 0.29589371980676327 0.005555555555555556 0.026570048309178744
0 0.011111111111111112 0.25483091787439616 0.005555555555555556 0.026570048309178744
0 0.011805555555555555 0.24758454106280192 0.006944444444444444 0.03140096618357488
0 0.018055555555555554 0.2524154589371981 0.005555555555555556 0.026570048309178744
0 0.024305555555555556 0.25483091787439616 0.006944444444444444 0.026570048309178744
0 0.002777777777777778 0.26570048309178745 0.005555555555555556 0.033816425120772944
0 0.029861111111111113 0.25483091787439616 0.004166666666666667 0.026570048309178744
0 0.0375 0.25483091787439616 0.005555555555555556 0.021739130434782608
0 0.06388888888888888 0.28381642512077293 0.005555555555555556 0.021739130434782608
0 0.06458333333333334 0.2717391304347826 0.006944444444444444 0.026570048309178744
0 0.06944444444444445 0.2608695652173913 0.011111111111111112 0.028985507246376812
0 0.05 0.2524154589371981 0.005555555555555556 0.026570048309178744
0 0.044444444444444446 0.24758454106280192 0.005555555555555556 0.021739130434782608
0 0.1375 0.20893719806763286 0.008333333333333333 0.021739130434782608
0 0.14583333333333334 0.2971014492753623 0.005555555555555556 0.024154589371980676
0 0.15069444444444444 0.2971014492753623 0.004166666666666667 0.024154589371980676
0 0.15763888888888888 0.2898550724637681 0.006944444444444444 0.024154589371980676
0 0.16319444444444445 0.28140096618357485 0.004166666666666667 0.021739130434782608
0 0.16875 0.28019323671497587 0.006944444444444444 0.024154589371980676
0 0.1673611111111111 0.2632850241545894 0.004166666666666667 0.024154589371980676
0 0.1125 0.25483091787439616 0.011111111111111112 0.03140096618357488
0 0.12430555555555556 0.3393719806763285 0.004166666666666667 0.021739130434782608
0 0.11736111111111111 0.3357487922705314 0.004166666666666667 0.014492753623188406
0 0.1125 0.33454106280193235 0.005555555555555556 0.012077294685990338
0 0.10625 0.3321256038647343 0.004166666666666667 0.016908212560386472
0 0.10138888888888889 0.3285024154589372 0.005555555555555556 0.01932367149758454
0 0.09375 0.3285024154589372 0.006944444444444444 0.01932367149758454
0 0.022916666666666665 0.3466183574879227 0.006944444444444444 0.021739130434782608
0 0.029861111111111113 0.34782608695652173 0.006944444444444444 0.014492753623188406
0 0.03680555555555556 0.3417874396135266 0.006944444444444444 0.016908212560386472
0 0.03680555555555556 0.33695652173913043 0.004166666666666667 0.016908212560386472
0 0.04236111111111111 0.33454106280193235 0.004166666666666667 0.016908212560386472
0 0.04722222222222222 0.3321256038647343 0.005555555555555556 0.016908212560386472
0 0.05486111111111111 0.3248792270531401 0.004166666666666667 0.016908212560386472
0 0.06180555555555556 0.322463768115942 0.006944444444444444 0.016908212560386472
0 0.06597222222222222 0.3176328502415459 0.006944444444444444 0.021739130434782608
0 0.07361111111111111 0.32004830917874394 0.005555555555555556 0.016908212560386472
0 0.08402777777777778 0.322463768115942 0.006944444444444444 0.012077294685990338
0 0.05277777777777778 0.7258454106280193 0.019444444444444445 0.036231884057971016
0 0.04027777777777778 0.7318840579710145 0.013888888888888888 0.033816425120772944
0 0.07916666666666666 0.711352657004831 0.011111111111111112 0.03140096618357488
0 0.10069444444444445 0.7632850241545893 0.0125 0.033816425120772944
0 0.3416666666666667 0.8707729468599034 0.013888888888888888 0.04589371980676329
0 0.09305555555555556 0.7548309178743962 0.011111111111111112 0.03140096618357488
0 0.12083333333333333 0.8176328502415459 0.008333333333333333 0.026570048309178744
0 0.12777777777777777 0.8079710144927537 0.011111111111111112 0.03140096618357488
0 0.12777777777777777 0.8478260869565217 0.013888888888888888 0.03864734299516908
0 0.1597222222222222 0.8611111111111112 0.016666666666666666 0.04106280193236715
0 0.2152777777777778 0.8454106280193237 0.011111111111111112 0.043478260869565216
0 0.1423611111111111 0.8236714975845411 0.009722222222222222 0.033816425120772944
0 0.15486111111111112 0.8309178743961353 0.015277777777777777 0.03864734299516908
0 0.14375 0.8357487922705314 0.009722222222222222 0.033816425120772944
0 0.14791666666666667 0.8478260869565217 0.009722222222222222 0.033816425120772944
0 0.24444444444444444 0.8731884057971014 0.011111111111111112 0.04106280193236715
0 0.2388888888888889 0.8985507246376812 0.011111111111111112 0.043478260869565216
0 0.25833333333333336 0.8888888888888888 0.011111111111111112 0.03864734299516908
0 0.25555555555555554 0.9166666666666666 0.011111111111111112 0.04106280193236715
0 0.2701388888888889 0.928743961352657 0.015277777777777777 0.04589371980676329
0 0.27569444444444446 0.9190821256038647 0.0125 0.04106280193236715
0 0.275 0.9033816425120773 0.013888888888888888 0.043478260869565216
0 0.3020833333333333 0.9021739130434783 0.009722222222222222 0.036231884057971016
0 0.30625 0.927536231884058 0.015277777777777777 0.043478260869565216
0 0.32222222222222224 0.9335748792270532 0.011111111111111112 0.04106280193236715
0 0.3298611111111111 0.9239130434782609 0.0125 0.04106280193236715
0 0.3527777777777778 0.9359903381642513 0.013888888888888888 0.036231884057971016
0 0.3506944444444444 0.9492753623188406 0.0125 0.03864734299516908
0 0.38958333333333334 0.9939613526570048 0.009722222222222222 0.04106280193236715
0 0.41805555555555557 0.9891304347826086 0.013888888888888888 0.04106280193236715
0 0.42569444444444443 0.9589371980676329 0.0125 0.03864734299516908
0 0.41597222222222224 0.961352657004831 0.006944444444444444 0.028985507246376812
0 0.4222222222222222 0.9806763285024155 0.011111111111111112 0.028985507246376812
0 0.96875 0.9879227053140096 0.006944444444444444 0.014492753623188406
0 0.9715277777777778 0.9794685990338164 0.006944444444444444 0.016908212560386472
