0 0.16041666666666668 0.21284403669724772 0.018055555555555554 0.03669724770642202
0 0.37777777777777777 0.04128440366972477 0.013888888888888888 0.03486238532110092
0 0.6083333333333333 0.14862385321100918 0.011111111111111112 0.029357798165137616
0 0.6236111111111111 0.15137614678899083 0.011111111111111112 0.03853211009174312
0 0.6590277777777778 0.022935779816513763 0.009722222222222222 0.02018348623853211
0 0.6486111111111111 0.02110091743119266 0.008333333333333333 0.023853211009174313
0 0.625 0.011926605504587157 0.008333333333333333 0.023853211009174313
0 0.6375 0.012844036697247707 0.008333333333333333 0.014678899082568808
0 0.6138888888888889 0.009174311926605505 0.008333333333333333 0.01834862385321101
0 0.6159722222222223 0.026605504587155965 0.006944444444444444 0.009174311926605505
0 0.9715277777777778 0.344954128440367 0.0125 0.047706422018348627
0 0.9159722222222222 0.3128440366972477 0.018055555555555554 0.04954128440366973
