0 0.2965277777777778 0.9045871559633027 0.0875 0.1908256880733945
0 0.6173611111111111 0.10366972477064221 0.034722222222222224 0.07522935779816514
0 0.04722222222222222 0.25688073394495414 0.07777777777777778 0.09541284403669725
0 0.03680555555555556 0.3798165137614679 0.06805555555555555 0.12110091743119267
0 0.1125 0.25963302752293577 0.044444444444444446 0.11926605504587157
0 0.16666666666666666 0.22110091743119267 0.05555555555555555 0.11192660550458716
0 0.1597222222222222 0.17339449541284405 0.05 0.11559633027522936
0 0.1111111111111111 0.17339449541284405 0.05 0.10825688073394496
0 0.06805555555555555 0.16055045871559634 0.04722222222222222 0.10091743119266056
0 0.043055555555555555 0.13761467889908258 0.05 0.10275229357798166
0 0.01875 0.13027522935779817 0.03194444444444444 0.10275229357798166
0 0.7340277777777777 0.6440366972477064 0.0625 0.1577981651376147
