0 0.08333333333333333 0.5834862385321101 0.022222222222222223 0.047706422018348627
0 0.10972222222222222 0.5330275229357798 0.019444444444444445 0.04220183486238532
0 0.25069444444444444 0.5256880733944954 0.018055555555555554 0.05321100917431193
0 0.28888888888888886 0.5174311926605505 0.019444444444444445 0.029357798165137616
0 0.3013888888888889 0.4651376146788991 0.016666666666666666 0.027522935779816515
0 0.30625 0.4504587155963303 0.018055555555555554 0.031192660550458717
0 0.16111111111111112 0.22477064220183487 0.013888888888888888 0.045871559633027525
0 0.1423611111111111 0.23577981651376148 0.0125 0.045871559633027525
0 0.1423611111111111 0.20733944954128442 0.0125 0.044036697247706424
0 0.14027777777777778 0.18440366972477065 0.013888888888888888 0.03486238532110092
0 0.14097222222222222 0.1724770642201835 0.009722222222222222 0.044036697247706424
0 0.17569444444444443 0.18256880733944955 0.015277777777777777 0.05321100917431193
0 0.21875 0.23394495412844038 0.0125 0.03486238532110092
