0 0.8 0.06422018348623854 0.011111111111111112 0.01834862385321101
0 0.85625 0.8807339449541285 0.015277777777777777 0.03302752293577982
0 0.8215277777777777 0.5990825688073395 0.015277777777777777 0.031192660550458717
0 0.8958333333333334 0.43853211009174314 0.013888888888888888 0.022018348623853212
0 0.8840277777777777 0.3926605504587156 0.0125 0.025688073394495414
0 0.9152777777777777 0.3559633027522936 0.013888888888888888 0.01834862385321101
0 0.8625 0.3229357798165138 0.008333333333333333 0.025688073394495414
0 0.8881944444444444 0.29724770642201837 0.009722222222222222 0.01834862385321101
0 0.8743055555555556 0.24587155963302754 0.009722222222222222 0.01834862385321101
0 0.7951388888888888 0.536697247706422 0.015277777777777777 0.03486238532110092
