0 0.4125 0.9951690821256038 0.041666666666666664 0.06280193236714976
0 0.9479166666666666 0.5132850241545893 0.02638888888888889 0.0893719806763285
0 0.80625 0.5446859903381642 0.029166666666666667 0.09420289855072464
0 0.6631944444444444 0.6400966183574879 0.018055555555555554 0.07729468599033816
0 0.35138888888888886 0.6521739130434783 0.030555555555555555 0.07729468599033816
0 0.3548611111111111 0.9468599033816425 0.029166666666666667 0.06763285024154589
0 0.3298611111111111 0.9251207729468599 0.020833333333333332 0.06763285024154589
0 0.11319444444444444 0.8019323671497585 0.04861111111111111 0.11594202898550725
0 0.05 0.8502415458937198 0.04722222222222222 0.10628019323671498
0 0.08402777777777778 0.8369565217391305 0.034722222222222224 0.07971014492753623
0 0.2965277777777778 0.6123188405797102 0.02361111111111111 0.06521739130434782
0 0.26944444444444443 0.6086956521739131 0.027777777777777776 0.057971014492753624
0 0.5895833333333333 0.6171497584541062 0.03194444444444444 0.10386473429951691
0 0.8611111111111112 0.3671497584541063 0.022222222222222223 0.10144927536231885
0 0.7569444444444444 0.605072463768116 0.022222222222222223 0.06038647342995169
0 0.7534722222222222 0.5567632850241546 0.029166666666666667 0.0893719806763285
0 0.7208333333333333 0.5833333333333334 0.027777777777777776 0.05555555555555555
0 0.5166666666666667 0.7125603864734299 0.027777777777777776 0.06763285024154589
0 0.30486111111111114 0.7451690821256038 0.029166666666666667 0.05555555555555555
0 0.34097222222222223 0.7198067632850241 0.05138888888888889 0.09178743961352658
0 0.3854166666666667 0.6908212560386473 0.02361111111111111 0.05314009661835749
0 0.35833333333333334 0.714975845410628 0.022222222222222223 0.06280193236714976
0 0.9986111111111111 0.29106280193236717 0.022222222222222223 0.09420289855072464
0 0.9743055555555555 0.28502415458937197 0.018055555555555554 0.09178743961352658
0 0.9520833333333333 0.28502415458937197 0.02361111111111111 0.06763285024154589
0 0.8423611111111111 0.358695652173913 0.02361111111111111 0.11352657004830918
0 0.4284722222222222 0.6859903381642513 0.034722222222222224 0.10628019323671498
0 0.4673611111111111 0.6207729468599034 0.02361111111111111 0.04830917874396135
0 0.6180555555555556 0.4444444444444444 0.030555555555555555 0.06280193236714976
0 0.6618055555555555 0.43719806763285024 0.029166666666666667 0.1111111111111111
0 0.22777777777777777 0.5821256038647343 0.019444444444444445 0.057971014492753624
0 0.20555555555555555 0.5978260869565217 0.022222222222222223 0.050724637681159424
0 0.18263888888888888 0.5869565217391305 0.020833333333333332 0.05314009661835749
0 0.24861111111111112 0.5652173913043478 0.022222222222222223 0.06280193236714976
0 0.2673611111111111 0.5603864734299517 0.02361111111111111 0.057971014492753624
0 0.3125 0.538647342995169 0.019444444444444445 0.057971014492753624
0 0.32222222222222224 0.8792270531400966 0.03888888888888889 0.0821256038647343
