0 0.09791666666666667 0.3128440366972477 0.018055555555555554 0.060550458715596334
0 0.15 0.3256880733944954 0.022222222222222223 0.05688073394495413
0 0.21944444444444444 0.3119266055045872 0.027777777777777776 0.062385321100917435
0 0.2534722222222222 0.30825688073394497 0.02361111111111111 0.06972477064220184
0 0.17847222222222223 0.29908256880733947 0.020833333333333332 0.044036697247706424
0 0.26458333333333334 0.28440366972477066 0.018055555555555554 0.05504587155963303
0 0.28541666666666665 0.2853211009174312 0.018055555555555554 0.06422018348623854
0 0.3 0.2743119266055046 0.016666666666666666 0.045871559633027525
0 0.31805555555555554 0.27706422018348625 0.022222222222222223 0.047706422018348627
0 0.2722222222222222 0.2798165137614679 0.013888888888888888 0.04954128440366973
0 0.41388888888888886 0.318348623853211 0.016666666666666666 0.06422018348623854
0 0.44027777777777777 0.3018348623853211 0.016666666666666666 0.05321100917431193
0 0.45555555555555555 0.29541284403669726 0.019444444444444445 0.05137614678899083
0 0.4777777777777778 0.29174311926605506 0.019444444444444445 0.05137614678899083
0 0.5083333333333333 0.2889908256880734 0.016666666666666666 0.04954128440366973
0 0.5548611111111111 0.28440366972477066 0.02361111111111111 0.044036697247706424
0 0.6180555555555556 0.281651376146789 0.022222222222222223 0.04954128440366973
0 0.6819444444444445 0.30458715596330277 0.019444444444444445 0.05504587155963303
0 0.5854166666666667 0.3146788990825688 0.015277777777777777 0.05321100917431193
0 0.5930555555555556 0.29724770642201837 0.013888888888888888 0.047706422018348627
0 0.39444444444444443 0.29541284403669726 0.016666666666666666 0.047706422018348627
0 0.7319444444444444 0.281651376146789 0.025 0.05321100917431193
0 0.3388888888888889 0.28623853211009176 0.016666666666666666 0.05137614678899083
0 0.7722222222222223 0.30458715596330277 0.013888888888888888 0.05137614678899083
0 0.7819444444444444 0.3018348623853211 0.013888888888888888 0.045871559633027525
0 0.7888888888888889 0.2889908256880734 0.016666666666666666 0.05688073394495413
0 0.8013888888888889 0.28256880733944956 0.016666666666666666 0.06972477064220184
0 0.8166666666666667 0.27339449541284405 0.019444444444444445 0.05871559633027523
0 0.7284722222222222 0.40825688073394495 0.03194444444444444 0.07889908256880734
0 0.7430555555555556 0.3981651376146789 0.030555555555555555 0.07706422018348624
0 0.9548611111111112 0.2963302752293578 0.029166666666666667 0.05688073394495413
