0 0.9708333333333333 0.5084541062801933 0.008333333333333333 0.03140096618357488
0 0.9854166666666667 0.4855072463768116 0.006944444444444444 0.028985507246376812
0 0.8513888888888889 0.644927536231884 0.005555555555555556 0.024154589371980676
0 0.7256944444444444 0.605072463768116 0.006944444444444444 0.026570048309178744
0 0.7194444444444444 0.6038647342995169 0.011111111111111112 0.028985507246376812
0 0.8381944444444445 0.48792270531400966 0.006944444444444444 0.01932367149758454
0 0.10833333333333334 0.8816425120772947 0.013888888888888888 0.024154589371980676
0 0.11736111111111111 0.8514492753623188 0.009722222222222222 0.03140096618357488
0 0.12569444444444444 0.8417874396135265 0.006944444444444444 0.03140096618357488
0 0.13680555555555557 0.8248792270531401 0.009722222222222222 0.03140096618357488
0 0.1486111111111111 0.8079710144927537 0.011111111111111112 0.036231884057971016
0 0.16319444444444445 0.8067632850241546 0.009722222222222222 0.033816425120772944
0 0.18055555555555555 0.7524154589371981 0.008333333333333333 0.036231884057971016
0 0.2513888888888889 0.7053140096618358 0.008333333333333333 0.01932367149758454
0 0.2826388888888889 0.6618357487922706 0.004166666666666667 0.01932367149758454
0 0.2881944444444444 0.6618357487922706 0.006944444444444444 0.024154589371980676
0 0.32222222222222224 0.5615942028985508 0.005555555555555556 0.03140096618357488
0 0.36666666666666664 0.5555555555555556 0.011111111111111112 0.01932367149758454
0 0.37222222222222223 0.5169082125603864 0.005555555555555556 0.024154589371980676
0 0.3763888888888889 0.5181159420289855 0.005555555555555556 0.026570048309178744
0 0.38263888888888886 0.5036231884057971 0.006944444444444444 0.026570048309178744
0 0.4097222222222222 0.45652173913043476 0.005555555555555556 0.024154589371980676
0 0.4666666666666667 0.40942028985507245 0.005555555555555556 0.026570048309178744
0 0.4305555555555556 0.43478260869565216 0.005555555555555556 0.024154589371980676
0 0.4597222222222222 0.40458937198067635 0.005555555555555556 0.021739130434782608
0 0.5020833333333333 0.3635265700483092 0.006944444444444444 0.026570048309178744
