0 0.9138888888888889 0.5100917431192661 0.041666666666666664 0.03302752293577982
0 0.8604166666666667 0.6330275229357798 0.04583333333333333 0.029357798165137616
0 0.7645833333333333 0.5128440366972477 0.0375 0.03486238532110092
0 0.4979166666666667 0.6504587155963303 0.0375 0.027522935779816515
0 0.13125 0.9201834862385321 0.02638888888888889 0.04220183486238532
0 0.25625 0.5027522935779817 0.029166666666666667 0.03669724770642202
0 0.34652777777777777 0.6623853211009174 0.03194444444444444 0.03669724770642202
0 0.5194444444444445 0.41651376146788993 0.03611111111111111 0.029357798165137616
0 0.29791666666666666 0.5944954128440367 0.02638888888888889 0.025688073394495414
0 0.2652777777777778 0.6467889908256881 0.019444444444444445 0.027522935779816515
0 0.2423611111111111 0.7119266055045872 0.02638888888888889 0.04036697247706422
