0 0.07083333333333333 0.9456521739130435 0.008333333333333333 0.04589371980676329
0 0.02847222222222222 0.7234299516908212 0.004166666666666667 0.036231884057971016
0 0.11805555555555555 0.46497584541062803 0.005555555555555556 0.026570048309178744
0 0.05277777777777778 0.5821256038647343 0.008333333333333333 0.033816425120772944
0 0.10694444444444444 0.6086956521739131 0.008333333333333333 0.03864734299516908
0 0.23541666666666666 0.059178743961352656 0.004166666666666667 0.021739130434782608
0 0.2708333333333333 0.06521739130434782 0.002777777777777778 0.024154589371980676
0 0.2076388888888889 0.042270531400966184 0.004166666666666667 0.021739130434782608
0 0.3472222222222222 0.013285024154589372 0.002777777777777778 0.016908212560386472
0 0.3548611111111111 0.09541062801932366 0.004166666666666667 0.016908212560386472
0 0.3875 0.11594202898550725 0.005555555555555556 0.024154589371980676
0 0.4236111111111111 0.11835748792270531 0.005555555555555556 0.01932367149758454
0 0.55625 0.12198067632850242 0.004166666666666667 0.021739130434782608
0 0.6006944444444444 0.21014492753623187 0.004166666666666667 0.024154589371980676
0 0.32708333333333334 0.2632850241545894 0.006944444444444444 0.024154589371980676
0 0.3013888888888889 0.25483091787439616 0.005555555555555556 0.021739130434782608
0 0.8673611111111111 0.7379227053140096 0.006944444444444444 0.036231884057971016
0 0.8597222222222223 0.7367149758454107 0.008333333333333333 0.033816425120772944
0 0.8486111111111111 0.8586956521739131 0.008333333333333333 0.036231884057971016
0 0.8409722222222222 0.6908212560386473 0.004166666666666667 0.024154589371980676
0 0.83125 0.6763285024154589 0.006944444444444444 0.028985507246376812
0 0.8416666666666667 0.6739130434782609 0.005555555555555556 0.024154589371980676
0 0.8125 0.6859903381642513 0.005555555555555556 0.028985507246376812
0 0.8208333333333333 0.6799516908212561 0.005555555555555556 0.026570048309178744
0 0.8215277777777777 0.7004830917874396 0.006944444444444444 0.024154589371980676
0 0.7145833333333333 0.41183574879227053 0.009722222222222222 0.03140096618357488
0 0.7270833333333333 0.4190821256038647 0.006944444444444444 0.036231884057971016
0 0.7166666666666667 0.42995169082125606 0.008333333333333333 0.03864734299516908
0 0.8861111111111111 0.10507246376811594 0.008333333333333333 0.026570048309178744
0 0.9152777777777777 0.10024154589371981 0.005555555555555556 0.021739130434782608
0 0.9236111111111112 0.10265700483091787 0.005555555555555556 0.021739130434782608
0 0.5104166666666666 0.11473429951690821 0.004166666666666667 0.021739130434782608
0 0.7208333333333333 0.2391304347826087 0.008333333333333333 0.024154589371980676
