0 0.12083333333333333 0.11009174311926606 0.013888888888888888 0.047706422018348627
0 0.15416666666666667 0.01926605504587156 0.008333333333333333 0.03853211009174312
0 0.3076388888888889 0.46238532110091746 0.018055555555555554 0.022018348623853212
0 0.25 0.5100917431192661 0.013888888888888888 0.047706422018348627
0 0.7520833333333333 0.8917431192660551 0.015277777777777777 0.044036697247706424
0 0.7680555555555556 0.8917431192660551 0.011111111111111112 0.044036697247706424
0 0.7298611111111111 0.4761467889908257 0.006944444444444444 0.04220183486238532
0 0.6916666666666667 0.47155963302752296 0.008333333333333333 0.04036697247706422
0 0.6111111111111112 0.5045871559633027 0.011111111111111112 0.04036697247706422
0 0.8118055555555556 0.41376146788990825 0.015277777777777777 0.04220183486238532
