0 0.650904033379694 0.9384191176470589 0.025034770514603615 0.07169117647058823
0 0.5973574408901252 0.8630514705882353 0.02920723226703755 0.0900735294117647
0 0.6912378303198887 0.7683823529411765 0.025034770514603615 0.07352941176470588
0 0.46870653685674546 0.8033088235294118 0.025034770514603615 0.06985294117647059
0 0.6293463143254521 0.8428308823529411 0.02086230876216968 0.04963235294117647
0 0.6432545201668984 0.7996323529411765 0.03477051460361613 0.0625
0 0.8497913769123783 0.7279411764705882 0.025034770514603615 0.06985294117647059
0 0.8198887343532685 0.8731617647058824 0.04033379694019471 0.0661764705882353
0 0.7023643949930459 0.7205882352941176 0.030598052851182198 0.07352941176470588
0 0.5542420027816412 0.7316176470588235 0.03477051460361613 0.07352941176470588
0 0.5271210013908206 0.7509191176470589 0.04450625869262865 0.05698529411764706
0 0.9082058414464534 0.8042279411764706 0.025034770514603615 0.08639705882352941
0 0.721835883171071 0.4099264705882353 0.019471488178025034 0.07352941176470588
0 0.8331015299026425 0.7545955882352942 0.025034770514603615 0.08272058823529412
0 0.8699582753824756 0.734375 0.02086230876216968 0.07169117647058823
0 0.8463143254520167 0.8520220588235294 0.02364394993045897 0.06433823529411764
0 0.8317107093184979 0.71875 0.019471488178025034 0.05514705882352941
0 0.8546592489568846 0.6792279411764706 0.01808066759388039 0.06066176470588235
0 0.8720445062586927 0.6801470588235294 0.025034770514603615 0.07352941176470588
0 0.8769123783031989 0.65625 0.02642559109874826 0.07352941176470588
0 0.93115438108484 0.7398897058823529 0.02364394993045897 0.07904411764705882
0 0.8977746870653686 0.78125 0.02086230876216968 0.05514705882352941
0 0.9624478442280946 0.7757352941176471 0.022253129346314324 0.08088235294117647
0 0.978442280945758 0.8106617647058824 0.02364394993045897 0.08455882352941177
0 0.9200278164116829 0.7022058823529411 0.02086230876216968 0.0661764705882353
0 0.9339360222531293 0.6801470588235294 0.01808066759388039 0.058823529411764705
0 0.9534075104311543 0.6920955882352942 0.02364394993045897 0.05698529411764706
0 0.96105702364395 0.6819852941176471 0.022253129346314324 0.04411764705882353
0 0.9221140472878998 0.6746323529411765 0.022253129346314324 0.051470588235294115
0 0.933240611961057 0.5091911764705882 0.016689847009735744 0.04779411764705882
0 0.8970792767732962 0.5202205882352942 0.022253129346314324 0.051470588235294115
0 0.9339360222531293 0.4641544117647059 0.01808066759388039 0.06066176470588235
0 0.9485396383866481 0.46139705882352944 0.027816411682892908 0.0661764705882353
0 0.9631432545201669 0.2922794117647059 0.012517385257301807 0.04779411764705882
0 0.9109874826147427 0.3336397058823529 0.025034770514603615 0.05330882352941176
0 0.8198887343532685 0.3180147058823529 0.01808066759388039 0.03676470588235294
0 0.8136300417246175 0.3180147058823529 0.019471488178025034 0.04411764705882353
0 0.7816411682892906 0.3428308823529412 0.019471488178025034 0.03860294117647059
0 0.8052851182197497 0.3318014705882353 0.019471488178025034 0.042279411764705885
0 0.8435326842837274 0.30606617647058826 0.01808066759388039 0.06066176470588235
0 0.8525730180806675 0.2913602941176471 0.019471488178025034 0.05698529411764706
0 0.8407510431154381 0.26378676470588236 0.02086230876216968 0.04595588235294118
0 0.8525730180806675 0.24448529411764705 0.016689847009735744 0.0625
0 0.9888734353268428 0.29044117647058826 0.013908205841446454 0.03676470588235294
0 0.9534075104311543 0.08639705882352941 0.012517385257301807 0.0661764705882353
0 0.9102920723226704 0.22058823529411764 0.015299026425591099 0.05514705882352941
0 0.8936022253129347 0.21875 0.02086230876216968 0.04411764705882353
0 0.9499304589707928 0.3014705882352941 0.013908205841446454 0.03676470588235294
0 0.9853963838664812 0.22242647058823528 0.015299026425591099 0.03676470588235294
