0 0.1375 0.10642201834862386 0.10833333333333334 0.21284403669724772
0 0.09097222222222222 0.6954128440366972 0.07083333333333333 0.14311926605504588
0 0.5319444444444444 0.6825688073394496 0.11944444444444445 0.14311926605504588
0 0.5875 0.6935779816513762 0.10555555555555556 0.09174311926605505
0 0.825 0.7944954128440367 0.17777777777777778 0.10275229357798166
0 0.75625 0.6908256880733945 0.15694444444444444 0.08623853211009175
0 0.7159722222222222 0.41192660550458715 0.15138888888888888 0.10458715596330276
0 0.5125 0.08073394495412844 0.10833333333333334 0.1614678899082569
0 0.89375 0.046788990825688076 0.13194444444444445 0.09357798165137615
0 0.9638888888888889 0.14587155963302753 0.07222222222222222 0.07522935779816514
