0 0.5659722222222222 0.8719806763285024 0.0375 0.0966183574879227
0 0.4576388888888889 0.8768115942028986 0.02638888888888889 0.057971014492753624
0 0.37569444444444444 0.9589371980676329 0.020833333333333332 0.06280193236714976
0 0.28402777777777777 0.9891304347826086 0.034722222222222224 0.07004830917874397
0 0.1597222222222222 0.9492753623188406 0.03888888888888889 0.10144927536231885
0 0.6208333333333333 0.6231884057971014 0.03333333333333333 0.10144927536231885
0 0.27291666666666664 0.783816425120773 0.04027777777777778 0.09903381642512077
0 0.24513888888888888 0.7910628019323671 0.04027777777777778 0.09903381642512077
0 0.22291666666666668 0.8188405797101449 0.04027777777777778 0.12560386473429952
0 0.12777777777777777 0.9480676328502415 0.04722222222222222 0.1280193236714976
0 0.4326388888888889 0.5785024154589372 0.03194444444444444 0.09420289855072464
0 0.4013888888888889 0.6268115942028986 0.025 0.10386473429951691
0 0.35555555555555557 0.6654589371980676 0.03888888888888889 0.11352657004830918
0 0.6027777777777777 0.5917874396135265 0.016666666666666666 0.057971014492753624
0 0.5465277777777777 0.6823671497584541 0.02361111111111111 0.06038647342995169
0 0.5416666666666666 0.783816425120773 0.022222222222222223 0.0748792270531401
0 0.5784722222222223 0.8091787439613527 0.034722222222222224 0.1111111111111111
0 0.4791666666666667 0.7198067632850241 0.04722222222222222 0.07246376811594203
0 0.5270833333333333 0.6642512077294686 0.02638888888888889 0.057971014492753624
