0 0.15763888888888888 0.6642512077294686 0.006944444444444444 0.024154589371980676
0 0.20347222222222222 0.7101449275362319 0.009722222222222222 0.028985507246376812
0 0.21875 0.7065217391304348 0.006944444444444444 0.03140096618357488
0 0.23541666666666666 0.6956521739130435 0.006944444444444444 0.024154589371980676
0 0.21666666666666667 0.7282608695652174 0.008333333333333333 0.026570048309178744
0 0.225 0.7705314009661836 0.005555555555555556 0.024154589371980676
0 0.22361111111111112 0.822463768115942 0.005555555555555556 0.03140096618357488
0 0.25625 0.7415458937198067 0.006944444444444444 0.024154589371980676
0 0.2708333333333333 0.7934782608695652 0.005555555555555556 0.03140096618357488
0 0.3076388888888889 0.6388888888888888 0.009722222222222222 0.016908212560386472
