0 0.49792 0.22826 0.00694 0.02657
0 0.5125 0.23671 0.00833 0.01932
0 0.56597 0.22826 0.00417 0.01691
0 0.54167 0.27415 0.00556 0.02174
0 0.52917 0.3128 0.00556 0.02174
0 0.49653 0.28382 0.00694 0.02657
0 0.51528 0.2814 0.00556 0.02174
0 0.50903 0.28502 0.00417 0.01932
0 0.51111 0.30676 0.00556 0.01932
0 0.52153 0.3285 0.00694 0.02899
0 0.46875 0.30072 0.00694 0.02174
0 0.48403 0.38647 0.00694 0.01932
0 0.49375 0.41546 0.00417 0.01932
0 0.46736 0.38768 0.00694 0.02174
0 0.47847 0.40459 0.00694 0.01691
0 0.45 0.36111 0.00556 0.02174
0 0.41806 0.37802 0.00556 0.02174
0 0.44792 0.3913 0.00694 0.02415
0 0.45903 0.39493 0.00694 0.02174
0 0.45625 0.38889 0.00694 0.01932
0 0.43472 0.37681 0.00833 0.02899
0 0.58472 0.31643 0.00833 0.02415
0 0.59306 0.34783 0.00833 0.02415
0 0.63611 0.33092 0.00556 0.02415
0 0.61736 0.3756 0.00694 0.02174
0 0.625 0.37319 0.00556 0.02657
0 0.65833 0.37681 0.00556 0.02415
0 0.86528 0.25242 0.00556 0.02657
0 0.79792 0.3128 0.00417 0.01691
0 0.80347 0.31522 0.00417 0.01691
0 0.80903 0.31763 0.00417 0.01691
0 0.81458 0.32126 0.00417 0.01932
0 0.84722 0.31643 0.00556 0.02415
0 0.86389 0.31763 0.00556 0.01691
0 0.80278 0.30193 0.00556 0.02415
0 0.81042 0.30314 0.00417 0.02174
0 0.81875 0.30556 0.00694 0.0314
0 0.89861 0.30072 0.00556 0.01691
0 0.88819 0.37802 0.00417 0.01691
0 0.84444 0.53744 0.00556 0.02657
0 0.80069 0.49517 0.00417 0.01932
0 0.78958 0.5 0.00417 0.01932
0 0.78819 0.51208 0.00417 0.01932
0 0.77917 0.52778 0.00556 0.0314
0 0.75972 0.50845 0.00556 0.01691
0 0.76736 0.51208 0.00417 0.01932
0 0.77083 0.49034 0.00556 0.01932
0 0.7 0.49034 0.00833 0.02415
0 0.94236 0.27899 0.00417 0.02174
0 0.77708 0.23188 0.00694 0.01449
0 0.76736 0.23188 0.00972 0.01449
0 0.68958 0.21739 0.00417 0.01449
0 0.67083 0.21377 0.00556 0.01691
0 0.65694 0.21135 0.00556 0.01691
0 0.64375 0.20894 0.00694 0.02174
0 0.63472 0.20652 0.00833 0.02174
0 0.62083 0.2029 0.00556 0.01932
0 0.61458 0.20169 0.00694 0.02174
