0 0.5083333333333333 0.6908256880733945 0.005555555555555556 0.012844036697247707
0 0.5590277777777778 0.6009174311926605 0.006944444444444444 0.012844036697247707
0 0.4222222222222222 0.9733944954128441 0.005555555555555556 0.012844036697247707
0 0.3951388888888889 0.908256880733945 0.006944444444444444 0.011009174311926606
0 0.42986111111111114 0.9146788990825688 0.006944444444444444 0.012844036697247707
0 0.43680555555555556 0.9119266055045872 0.006944444444444444 0.011009174311926606
0 0.4465277777777778 0.9220183486238532 0.004166666666666667 0.01651376146788991
0 0.45069444444444445 0.9568807339449541 0.006944444444444444 0.012844036697247707
0 0.4152777777777778 0.9504587155963303 0.005555555555555556 0.011009174311926606
0 0.36875 0.8990825688073395 0.006944444444444444 0.011009174311926606
0 0.3993055555555556 0.8871559633027523 0.004166666666666667 0.009174311926605505
0 0.40208333333333335 0.8926605504587156 0.004166666666666667 0.009174311926605505
0 0.40902777777777777 0.9073394495412844 0.006944444444444444 0.009174311926605505
0 0.4048611111111111 0.844954128440367 0.004166666666666667 0.009174311926605505
0 0.4076388888888889 0.846788990825688 0.004166666666666667 0.009174311926605505
0 0.4513888888888889 0.8302752293577982 0.005555555555555556 0.012844036697247707
0 0.41805555555555557 0.8229357798165138 0.005555555555555556 0.01651376146788991
0 0.4215277777777778 0.8256880733944955 0.006944444444444444 0.014678899082568808
