0 0.29375 0.2898550724637681 0.0125 0.014492753623188406
0 0.13819444444444445 0.47705314009661837 0.015277777777777777 0.016908212560386472
0 0.44166666666666665 0.42028985507246375 0.005555555555555556 0.00966183574879227
0 0.44930555555555557 0.4227053140096618 0.006944444444444444 0.014492753623188406
0 0.27152777777777776 0.47705314009661837 0.0125 0.012077294685990338
0 0.27847222222222223 0.47946859903381644 0.009722222222222222 0.016908212560386472
0 0.24097222222222223 0.46859903381642515 0.0125 0.014492753623188406
0 0.26319444444444445 0.533816425120773 0.0125 0.014492753623188406
0 0.27847222222222223 0.5555555555555556 0.015277777777777777 0.014492753623188406
0 0.2465277777777778 0.6376811594202898 0.015277777777777777 0.01932367149758454
0 0.24513888888888888 0.5809178743961353 0.0125 0.012077294685990338
0 0.2388888888888889 0.6884057971014492 0.013888888888888888 0.014492753623188406
0 0.4576388888888889 0.4178743961352657 0.009722222222222222 0.00966183574879227
0 0.38263888888888886 0.3828502415458937 0.004166666666666667 0.016908212560386472
0 0.26875 0.7415458937198067 0.018055555555555554 0.014492753623188406
0 0.5444444444444444 0.7475845410628019 0.011111111111111112 0.016908212560386472
0 0.5513888888888889 0.7657004830917874 0.005555555555555556 0.014492753623188406
0 0.5493055555555556 0.8055555555555556 0.0125 0.016908212560386472
0 0.5020833333333333 0.7330917874396136 0.004166666666666667 0.012077294685990338
0 0.55625 0.8538647342995169 0.009722222222222222 0.012077294685990338
0 0.5402777777777777 0.857487922705314 0.005555555555555556 0.00966183574879227
