0 0.8020833333333334 0.763302752293578 0.03194444444444444 0.09908256880733946
0 0.6340277777777777 0.501834862385321 0.03194444444444444 0.09724770642201835
0 0.6361111111111111 0.5541284403669725 0.030555555555555555 0.09174311926605505
0 0.5173611111111112 0.25596330275229356 0.034722222222222224 0.07889908256880734
0 0.5208333333333334 0.22110091743119267 0.027777777777777776 0.07889908256880734
0 0.6986111111111111 0.3137614678899083 0.022222222222222223 0.08073394495412844
0 0.6729166666666667 0.3 0.03194444444444444 0.08623853211009175
0 0.7305555555555555 0.15137614678899083 0.022222222222222223 0.07889908256880734
0 0.7381944444444445 0.12018348623853212 0.02638888888888889 0.07522935779816514
0 0.7034722222222223 0.12018348623853212 0.02638888888888889 0.07889908256880734
0 0.6847222222222222 0.13394495412844037 0.022222222222222223 0.08073394495412844
0 0.6763888888888889 0.26605504587155965 0.027777777777777776 0.08073394495412844
0 0.6555555555555556 0.21376146788990827 0.022222222222222223 0.07522935779816514
0 0.65 0.26880733944954127 0.027777777777777776 0.08256880733944955
0 0.6298611111111111 0.22935779816513763 0.029166666666666667 0.08807339449541285
