0 0.013194444444444444 0.5541284403669725 0.02638888888888889 0.05504587155963303
0 0.2048611111111111 0.6412844036697247 0.029166666666666667 0.04220183486238532
0 0.2125 0.5559633027522936 0.025 0.044036697247706424
0 0.31805555555555554 0.6660550458715596 0.027777777777777776 0.05871559633027523
0 0.5173611111111112 0.30091743119266057 0.02361111111111111 0.06972477064220184
0 0.6847222222222222 0.1614678899082569 0.030555555555555555 0.06972477064220184
0 0.61875 0.3110091743119266 0.0375 0.060550458715596334
0 0.7354166666666667 0.5862385321100917 0.02638888888888889 0.06788990825688074
0 0.8319444444444445 0.5412844036697247 0.03333333333333333 0.062385321100917435
0 0.8298611111111112 0.4614678899082569 0.034722222222222224 0.04954128440366973
0 0.8902777777777777 0.46972477064220186 0.030555555555555555 0.044036697247706424
