0 0.6395833333333333 0.9347826086956522 0.02361111111111111 0.06763285024154589
0 0.6930555555555555 0.9396135265700483 0.025 0.07729468599033816
0 0.6993055555555555 0.9758454106280193 0.02361111111111111 0.06763285024154589
0 0.7208333333333333 0.9444444444444444 0.030555555555555555 0.06763285024154589
0 0.7194444444444444 0.8599033816425121 0.025 0.06763285024154589
0 0.7298611111111111 0.9082125603864735 0.020833333333333332 0.057971014492753624
0 0.7451388888888889 0.9770531400966184 0.02638888888888889 0.07971014492753623
0 0.7604166666666666 0.9758454106280193 0.020833333333333332 0.06763285024154589
0 0.7819444444444444 0.9939613526570048 0.027777777777777776 0.06521739130434782
0 0.59375 0.8852657004830918 0.02361111111111111 0.06521739130434782
0 0.7152777777777778 0.7729468599033816 0.016666666666666666 0.09178743961352658
0 0.7652777777777777 0.8454106280193237 0.019444444444444445 0.06763285024154589
0 0.7944444444444444 0.8599033816425121 0.016666666666666666 0.06280193236714976
0 0.8104166666666667 0.8997584541062802 0.029166666666666667 0.0748792270531401
0 0.8458333333333333 0.9227053140096618 0.03333333333333333 0.0821256038647343
0 0.8645833333333334 0.7415458937198067 0.02361111111111111 0.05314009661835749
0 0.8701388888888889 0.7584541062801933 0.020833333333333332 0.07246376811594203
