0 0.06944444444444445 0.15045871559633028 0.016666666666666666 0.05504587155963303
0 0.2972222222222222 0.5440366972477064 0.019444444444444445 0.06422018348623854
0 0.6381944444444444 0.8073394495412844 0.018055555555555554 0.04036697247706422
0 0.5388888888888889 0.634862385321101 0.027777777777777776 0.04036697247706422
0 0.66875 0.9862385321100917 0.020833333333333332 0.045871559633027525
0 0.48680555555555555 0.6027522935779817 0.020833333333333332 0.03853211009174312
0 0.5069444444444444 0.5944954128440367 0.019444444444444445 0.05871559633027523
0 0.0625 0.10091743119266056 0.011111111111111112 0.047706422018348627
0 0.07083333333333333 0.0981651376146789 0.011111111111111112 0.04954128440366973
0 0.20555555555555555 0.030275229357798167 0.013888888888888888 0.04954128440366973
0 0.3597222222222222 0.41009174311926605 0.019444444444444445 0.05688073394495413
0 0.5534722222222223 0.708256880733945 0.020833333333333332 0.044036697247706424
0 0.5993055555555555 0.5009174311926605 0.018055555555555554 0.03302752293577982
