0 0.91875 0.85321 0.03194 0.0844
0 0.62292 0.37339 0.02083 0.0422
0 0.94028 0.18257 0.01667 0.04954
0 0.96111 0.38257 0.01667 0.06422
0 0.71389 0.39358 0.025 0.06422
0 0.59514 0.39908 0.02083 0.06055
0 0.59514 0.39358 0.02083 0.06055
0 0.71806 0.37248 0.01944 0.05505
0 0.69236 0.2945 0.01528 0.05321
0 0.68472 0.31284 0.02222 0.05688
0 0.75208 0.24312 0.01528 0.03853
0 0.78958 0.22661 0.01806 0.05321
0 0.82639 0.17706 0.01389 0.04587
0 0.78056 0.18073 0.01667 0.04587
0 0.77083 0.18165 0.01667 0.04404
0 0.74375 0.24037 0.01806 0.04771
0 0.71736 0.11101 0.0125 0.0422
0 0.71181 0.10826 0.0125 0.04404
0 0.96597 0.25413 0.01806 0.05688
0 0.80694 0.41743 0.02222 0.06422
0 0.85347 0.41376 0.01806 0.07523
0 0.81458 0.35872 0.02083 0.05321
0 0.77361 0.38257 0.01389 0.06422
0 0.79236 0.04862 0.0125 0.03486
0 0.75625 0.06239 0.0125 0.04404
0 0.72708 0.06972 0.0125 0.04037
0 0.71458 0.06606 0.0125 0.04037
0 0.69653 0.05872 0.0125 0.0367
0 0.73264 0.06422 0.0125 0.04037
0 0.70764 0.02844 0.00972 0.03486
0 0.69583 0.02844 0.00833 0.03486
0 0.58819 0.05872 0.0125 0.02569
0 0.67292 0.02844 0.00972 0.02018
0 0.11458 0.21835 0.02361 0.04771
0 0.06944 0.29083 0.03056 0.06055
0 0.05486 0.33945 0.02917 0.05138
0 0.03542 0.32477 0.02361 0.05138
0 0.00972 0.33028 0.01944 0.05872
0 0.18264 0.39817 0.02361 0.04771
0 0.02083 0.43853 0.02778 0.05138
