0 0.1361111111111111 0.998792270531401 0.008333333333333333 0.021739130434782608
0 0.14444444444444443 0.9963768115942029 0.005555555555555556 0.026570048309178744
0 0.024305555555555556 0.9879227053140096 0.006944444444444444 0.014492753623188406
0 0.027083333333333334 0.9794685990338164 0.006944444444444444 0.016908212560386472
0 0.17847222222222223 0.04589371980676329 0.004166666666666667 0.014492753623188406
0 0.18541666666666667 0.04589371980676329 0.006944444444444444 0.01932367149758454
0 0.22361111111111112 0.05434782608695652 0.002777777777777778 0.016908212560386472
0 0.2298611111111111 0.05555555555555555 0.004166666666666667 0.01932367149758454
0 0.28541666666666665 0.06763285024154589 0.004166666666666667 0.024154589371980676
0 0.30277777777777776 0.07004830917874397 0.005555555555555556 0.024154589371980676
0 0.28194444444444444 0.03985507246376811 0.005555555555555556 0.026570048309178744
0 0.2861111111111111 0.03260869565217391 0.005555555555555556 0.021739130434782608
0 0.28888888888888886 0.07004830917874397 0.005555555555555556 0.024154589371980676
0 0.29375 0.07367149758454106 0.006944444444444444 0.026570048309178744
0 0.19583333333333333 0.9432367149758454 0.008333333333333333 0.016908212560386472
0 0.20972222222222223 0.9299516908212561 0.011111111111111112 0.01932367149758454
0 0.5159722222222223 0.8176328502415459 0.009722222222222222 0.04106280193236715
0 0.5458333333333333 0.7620772946859904 0.008333333333333333 0.04589371980676329
0 0.5652777777777778 0.7439613526570048 0.013888888888888888 0.04830917874396135
0 0.5354166666666667 0.7608695652173914 0.009722222222222222 0.04830917874396135
0 0.48194444444444445 0.7234299516908212 0.013888888888888888 0.04106280193236715
0 0.4597222222222222 0.8526570048309179 0.011111111111111112 0.03864734299516908
0 0.5006944444444444 0.8128019323671497 0.009722222222222222 0.04106280193236715
0 0.5805555555555556 0.75 0.013888888888888888 0.050724637681159424
0 0.5638888888888889 0.14251207729468598 0.005555555555555556 0.028985507246376812
0 0.6423611111111112 0.1642512077294686 0.006944444444444444 0.028985507246376812
0 0.6548611111111111 0.391304347826087 0.009722222222222222 0.043478260869565216
0 0.6111111111111112 0.46859903381642515 0.011111111111111112 0.03864734299516908
0 0.5944444444444444 0.47101449275362317 0.008333333333333333 0.033816425120772944
0 0.5965277777777778 0.49516908212560384 0.006944444444444444 0.033816425120772944
0 0.6541666666666667 0.4746376811594203 0.011111111111111112 0.04106280193236715
0 0.6902777777777778 0.49516908212560384 0.008333333333333333 0.033816425120772944
0 0.6909722222222222 0.5060386473429952 0.006944444444444444 0.03140096618357488
0 0.7041666666666667 0.4915458937198068 0.008333333333333333 0.03140096618357488
0 0.7111111111111111 0.48188405797101447 0.005555555555555556 0.03140096618357488
0 0.7236111111111111 0.49033816425120774 0.008333333333333333 0.033816425120772944
0 0.6875 0.7391304347826086 0.008333333333333333 0.03864734299516908
0 0.6055555555555555 0.501207729468599 0.011111111111111112 0.04106280193236715
0 0.6659722222222222 0.4613526570048309 0.006944444444444444 0.043478260869565216
0 0.6465277777777778 0.6702898550724637 0.0125 0.04589371980676329
0 0.6652777777777777 0.7958937198067633 0.008333333333333333 0.036231884057971016
0 0.6826388888888889 0.7415458937198067 0.006944444444444444 0.04830917874396135
0 0.7208333333333333 0.45410628019323673 0.013888888888888888 0.028985507246376812
0 0.7069444444444445 0.5567632850241546 0.013888888888888888 0.026570048309178744
0 0.6916666666666667 0.6533816425120773 0.011111111111111112 0.026570048309178744
0 0.7 0.7814009661835749 0.022222222222222223 0.021739130434782608
0 0.7069444444444445 0.5108695652173914 0.011111111111111112 0.04106280193236715
0 0.69375 0.5181159420289855 0.009722222222222222 0.04106280193236715
0 0.6965277777777777 0.642512077294686 0.009722222222222222 0.024154589371980676
0 0.6881944444444444 0.6908212560386473 0.009722222222222222 0.024154589371980676
0 0.6861111111111111 0.7053140096618358 0.011111111111111112 0.01932367149758454
0 0.7055555555555556 0.6932367149758454 0.019444444444444445 0.024154589371980676
0 0.7055555555555556 0.7077294685990339 0.016666666666666666 0.028985507246376812
0 0.7097222222222223 0.7210144927536232 0.013888888888888888 0.016908212560386472
0 0.7069444444444445 0.7367149758454107 0.016666666666666666 0.01932367149758454
0 0.7055555555555556 0.7475845410628019 0.016666666666666666 0.016908212560386472
0 0.7048611111111112 0.7644927536231884 0.018055555555555554 0.021739130434782608
0 0.6770833333333334 0.8043478260869565 0.018055555555555554 0.01932367149758454
0 0.6708333333333333 0.8152173913043478 0.019444444444444445 0.021739130434782608
0 0.6701388888888888 0.8285024154589372 0.020833333333333332 0.01932367149758454
0 0.66875 0.8429951690821256 0.015277777777777777 0.024154589371980676
0 0.6659722222222222 0.8635265700483091 0.009722222222222222 0.021739130434782608
0 0.6618055555555555 0.8828502415458938 0.0125 0.021739130434782608
0 0.6583333333333333 0.894927536231884 0.013888888888888888 0.021739130434782608
0 0.6493055555555556 0.9444444444444444 0.018055555555555554 0.01932367149758454
0 0.6486111111111111 0.9625603864734299 0.016666666666666666 0.016908212560386472
0 0.65 0.9746376811594203 0.019444444444444445 0.016908212560386472
0 0.6506944444444445 0.9867149758454107 0.018055555555555554 0.016908212560386472
0 0.6506944444444445 0.9963768115942029 0.018055555555555554 0.03140096618357488
0 0.9722222222222222 0.8719806763285024 0.011111111111111112 0.01932367149758454
0 0.9465277777777777 0.998792270531401 0.015277777777777777 0.03140096618357488
0 0.9402777777777778 0.928743961352657 0.019444444444444445 0.016908212560386472
0 0.9381944444444444 0.9420289855072463 0.018055555555555554 0.024154589371980676
0 0.9361111111111111 0.9879227053140096 0.013888888888888888 0.028985507246376812
0 0.9326388888888889 0.7572463768115942 0.009722222222222222 0.021739130434782608
0 0.9548611111111112 0.7669082125603864 0.009722222222222222 0.021739130434782608
0 0.9486111111111111 0.75 0.013888888888888888 0.04106280193236715
0 0.9673611111111111 0.7524154589371981 0.009722222222222222 0.04106280193236715
0 0.8930555555555556 0.4504830917874396 0.013888888888888888 0.04106280193236715
0 0.8493055555555555 0.4033816425120773 0.018055555555555554 0.043478260869565216
0 0.9152777777777777 0.4528985507246377 0.008333333333333333 0.026570048309178744
0 0.7743055555555556 0.4311594202898551 0.006944444444444444 0.03140096618357488
0 0.7819444444444444 0.4311594202898551 0.005555555555555556 0.03140096618357488
0 0.7986111111111112 0.4420289855072464 0.008333333333333333 0.024154589371980676
0 0.8138888888888889 0.4468599033816425 0.011111111111111112 0.01932367149758454
0 0.8305555555555556 0.4492753623188406 0.011111111111111112 0.01932367149758454
0 0.8576388888888888 0.45893719806763283 0.009722222222222222 0.024154589371980676
0 0.8756944444444444 0.45652173913043476 0.006944444444444444 0.01932367149758454
0 0.8944444444444445 0.47101449275362317 0.011111111111111112 0.01932367149758454
0 0.9076388888888889 0.47101449275362317 0.006944444444444444 0.01932367149758454
0 0.9152777777777777 0.4722222222222222 0.008333333333333333 0.021739130434782608
0 0.7305555555555555 0.1859903381642512 0.008333333333333333 0.01932367149758454
0 0.7493055555555556 0.1956521739130435 0.009722222222222222 0.01932367149758454
0 0.7118055555555556 0.19444444444444445 0.009722222222222222 0.021739130434782608
0 0.8527777777777777 0.2210144927536232 0.008333333333333333 0.016908212560386472
0 0.8340277777777778 0.22342995169082125 0.006944444444444444 0.016908212560386472
0 0.8430555555555556 0.2210144927536232 0.005555555555555556 0.016908212560386472
0 0.8347222222222223 0.20893719806763286 0.008333333333333333 0.026570048309178744
