0 0.33958333333333335 0.9794685990338164 0.018055555555555554 0.050724637681159424
0 0.30972222222222223 0.9492753623188406 0.013888888888888888 0.04830917874396135
0 0.3770833333333333 0.9154589371980676 0.015277777777777777 0.043478260869565216
0 0.40902777777777777 0.8985507246376812 0.0125 0.04830917874396135
0 0.44166666666666665 0.9577294685990339 0.022222222222222223 0.04589371980676329
0 0.3458333333333333 0.08454106280193237 0.019444444444444445 0.05314009661835749
0 0.36319444444444443 0.07971014492753623 0.006944444444444444 0.043478260869565216
0 0.3701388888888889 0.020531400966183576 0.009722222222222222 0.04106280193236715
0 0.5041666666666667 0.030193236714975844 0.019444444444444445 0.04106280193236715
0 0.5111111111111111 0.12439613526570048 0.019444444444444445 0.04589371980676329
0 0.54375 0.1280193236714976 0.0125 0.04830917874396135
0 0.48819444444444443 0.1678743961352657 0.018055555555555554 0.04589371980676329
0 0.51875 0.17270531400966183 0.018055555555555554 0.050724637681159424
0 0.5069444444444444 0.16908212560386474 0.016666666666666666 0.04830917874396135
0 0.5069444444444444 0.18719806763285024 0.016666666666666666 0.05555555555555555
0 0.4965277777777778 0.19927536231884058 0.015277777777777777 0.050724637681159424
0 0.5215277777777778 0.20531400966183574 0.015277777777777777 0.04830917874396135
0 0.5083333333333333 0.21014492753623187 0.016666666666666666 0.04830917874396135
0 0.49444444444444446 0.24516908212560387 0.013888888888888888 0.05555555555555555
0 0.5027777777777778 0.27294685990338163 0.013888888888888888 0.05314009661835749
0 0.5236111111111111 0.2427536231884058 0.008333333333333333 0.03140096618357488
0 0.5104166666666666 0.2572463768115942 0.015277777777777777 0.04589371980676329
0 0.5305555555555556 0.3007246376811594 0.013888888888888888 0.05555555555555555
0 0.5159722222222223 0.29830917874396135 0.0125 0.05555555555555555
0 0.5111111111111111 0.32004830917874394 0.013888888888888888 0.050724637681159424
0 0.47638888888888886 0.38405797101449274 0.013888888888888888 0.05314009661835749
0 0.4895833333333333 0.4057971014492754 0.0125 0.04830917874396135
0 0.4930555555555556 0.3997584541062802 0.011111111111111112 0.04589371980676329
0 0.5006944444444444 0.40700483091787437 0.015277777777777777 0.06038647342995169
0 0.5145833333333333 0.3888888888888889 0.0125 0.05314009661835749
0 0.5256944444444445 0.38405797101449274 0.015277777777777777 0.04830917874396135
0 0.5270833333333333 0.4214975845410628 0.018055555555555554 0.050724637681159424
0 0.4979166666666667 0.4528985507246377 0.015277777777777777 0.04589371980676329
0 0.5083333333333333 0.4504830917874396 0.016666666666666666 0.04106280193236715
0 0.4798611111111111 0.46497584541062803 0.015277777777777777 0.04589371980676329
0 0.48194444444444445 0.4577294685990338 0.011111111111111112 0.03140096618357488
0 0.45902777777777776 0.4939613526570048 0.009722222222222222 0.04106280193236715
0 0.4673611111111111 0.49516908212560384 0.0125 0.05314009661835749
0 0.4666666666666667 0.5193236714975845 0.016666666666666666 0.043478260869565216
0 0.4777777777777778 0.5181159420289855 0.013888888888888888 0.04589371980676329
0 0.5076388888888889 0.5096618357487923 0.015277777777777777 0.043478260869565216
0 0.5298611111111111 0.5096618357487923 0.015277777777777777 0.043478260869565216
0 0.5416666666666666 0.5120772946859904 0.016666666666666666 0.05314009661835749
0 0.4527777777777778 0.8864734299516909 0.022222222222222223 0.04830917874396135
0 0.45069444444444445 0.8695652173913043 0.0125 0.03864734299516908
0 0.5 0.894927536231884 0.016666666666666666 0.04106280193236715
0 0.49027777777777776 0.8707729468599034 0.022222222222222223 0.04106280193236715
0 0.45902777777777776 0.8429951690821256 0.015277777777777777 0.05314009661835749
0 0.4465277777777778 0.8091787439613527 0.0125 0.043478260869565216
0 0.46319444444444446 0.783816425120773 0.018055555555555554 0.05555555555555555
0 0.5326388888888889 0.7596618357487923 0.020833333333333332 0.050724637681159424
0 0.3861111111111111 0.6340579710144928 0.011111111111111112 0.050724637681159424
0 0.47638888888888886 0.6956521739130435 0.016666666666666666 0.04830917874396135
0 0.4756944444444444 0.6509661835748792 0.015277777777777777 0.04589371980676329
0 0.4930555555555556 0.6690821256038647 0.016666666666666666 0.05314009661835749
0 0.49930555555555556 0.677536231884058 0.015277777777777777 0.050724637681159424
0 0.5340277777777778 0.6727053140096618 0.018055555555555554 0.050724637681159424
0 0.5298611111111111 0.6376811594202898 0.015277777777777777 0.05314009661835749
0 0.5138888888888888 0.6328502415458938 0.016666666666666666 0.04830917874396135
0 0.4618055555555556 0.5772946859903382 0.015277777777777777 0.04830917874396135
0 0.4930555555555556 0.5809178743961353 0.013888888888888888 0.04589371980676329
0 0.5069444444444444 0.5833333333333334 0.016666666666666666 0.050724637681159424
