0 0.9041666666666667 0.1559633027522936 0.025 0.05504587155963303
0 0.9708333333333333 0.28256880733944956 0.016666666666666666 0.05137614678899083
0 0.7347222222222223 0.9146788990825688 0.025 0.03486238532110092
0 0.9222222222222223 0.19541284403669726 0.013888888888888888 0.03853211009174312
0 0.95 0.20091743119266056 0.016666666666666666 0.03853211009174312
0 0.7784722222222222 0.48440366972477067 0.015277777777777777 0.044036697247706424
0 0.8 0.48440366972477067 0.019444444444444445 0.04036697247706422
0 0.7902777777777777 0.5321100917431193 0.022222222222222223 0.03669724770642202
0 0.8111111111111111 0.5247706422018349 0.013888888888888888 0.03669724770642202
0 0.8270833333333333 0.5954128440366973 0.020833333333333332 0.05321100917431193
0 0.8506944444444444 0.6100917431192661 0.020833333333333332 0.04954128440366973
0 0.8486111111111111 0.7155963302752294 0.019444444444444445 0.047706422018348627
0 0.8131944444444444 0.8899082568807339 0.018055555555555554 0.04036697247706422
0 0.7694444444444445 0.8706422018348624 0.019444444444444445 0.045871559633027525
0 0.7902777777777777 0.8743119266055046 0.019444444444444445 0.04220183486238532
