0 0.7340277777777777 0.1706422018348624 0.004166666666666667 0.014678899082568808
0 0.6611111111111111 0.5880733944954128 0.013888888888888888 0.03486238532110092
0 0.7694444444444445 0.5889908256880734 0.011111111111111112 0.01834862385321101
0 0.7736111111111111 0.5853211009174312 0.011111111111111112 0.029357798165137616
0 0.7541666666666667 0.5697247706422018 0.011111111111111112 0.027522935779816515
0 0.7597222222222222 0.5651376146788991 0.013888888888888888 0.03302752293577982
0 0.7284722222222222 0.5678899082568807 0.009722222222222222 0.03853211009174312
0 0.6916666666666667 0.5293577981651376 0.008333333333333333 0.04220183486238532
0 0.68125 0.5256880733944954 0.006944444444444444 0.03853211009174312
0 0.6840277777777778 0.5091743119266054 0.009722222222222222 0.03853211009174312
0 0.6930555555555555 0.5091743119266054 0.008333333333333333 0.03486238532110092
0 0.65 0.5165137614678899 0.011111111111111112 0.03853211009174312
0 0.7229166666666667 0.5128440366972477 0.009722222222222222 0.03853211009174312
0 0.7048611111111112 0.5412844036697247 0.009722222222222222 0.04036697247706422
