0 0.4875 0.3864734299516908 0.008333333333333333 0.024154589371980676
0 0.4847222222222222 0.928743961352657 0.013888888888888888 0.026570048309178744
0 0.48125 0.9806763285024155 0.018055555555555554 0.028985507246376812
0 0.5736111111111111 0.010869565217391304 0.008333333333333333 0.016908212560386472
0 0.5479166666666667 0.12439613526570048 0.0125 0.021739130434782608
0 0.5576388888888889 0.13405797101449277 0.0125 0.021739130434782608
0 0.5833333333333334 0.14371980676328502 0.016666666666666666 0.016908212560386472
0 0.5777777777777777 0.1111111111111111 0.016666666666666666 0.01932367149758454
0 0.5979166666666667 0.1316425120772947 0.018055555555555554 0.016908212560386472
0 0.6013888888888889 0.11594202898550725 0.011111111111111112 0.014492753623188406
0 0.5986111111111111 0.21014492753623187 0.013888888888888888 0.01932367149758454
