0 0.06875 0.1 0.015277777777777777 0.027522935779816515
0 0.11736111111111111 0.0981651376146789 0.020833333333333332 0.027522935779816515
0 0.16041666666666668 0.16055045871559634 0.015277777777777777 0.04220183486238532
0 0.1361111111111111 0.17706422018348625 0.016666666666666666 0.045871559633027525
0 0.20694444444444443 0.1926605504587156 0.013888888888888888 0.03669724770642202
0 0.2513888888888889 0.23027522935779818 0.011111111111111112 0.04220183486238532
0 0.049305555555555554 0.5275229357798165 0.04027777777777778 0.06422018348623854
0 0.18333333333333332 0.5697247706422018 0.027777777777777776 0.045871559633027525
0 0.22291666666666668 0.5559633027522936 0.02361111111111111 0.03302752293577982
0 0.4340277777777778 0.6073394495412844 0.02361111111111111 0.04036697247706422
