0 0.99653 0.05413 0.00694 0.01284
0 0.99861 0.08073 0.00833 0.01468
0 0.89167 0.1 0.00556 0.00917
0 0.89028 0.19725 0.00833 0.01651
0 0.88194 0.15596 0.00833 0.01468
0 0.87847 0.16055 0.00694 0.01284
0 0.875 0.15688 0.00833 0.01284
0 0.50486 0.49725 0.00694 0.00734
0 0.5 0.50367 0.00556 0.00917
0 0.41667 0.58165 0.01111 0.00734
0 0.17153 0.88899 0.00972 0.00917
0 0.26806 0.77706 0.00833 0.00917
0 0.15486 0.91651 0.00972 0.01284
0 0.15139 0.92661 0.00556 0.00734
0 0.14653 0.93211 0.00694 0.01101
0 0.14167 0.93853 0.00556 0.0055
0 0.1375 0.94404 0.01111 0.0055
0 0.99931 0.33486 0.01528 0.02385
