0 0.20972222222222223 0.7318840579710145 0.013888888888888888 0.01932367149758454
0 0.2881944444444444 0.751207729468599 0.009722222222222222 0.014492753623188406
0 0.49027777777777776 0.20531400966183574 0.008333333333333333 0.024154589371980676
0 0.48680555555555555 0.18115942028985507 0.009722222222222222 0.014492753623188406
0 0.425 0.21618357487922704 0.005555555555555556 0.012077294685990338
0 0.7895833333333333 0.07729468599033816 0.009722222222222222 0.028985507246376812
0 0.7986111111111112 0.08091787439613526 0.008333333333333333 0.021739130434782608
0 0.4284722222222222 0.6980676328502415 0.006944444444444444 0.014492753623188406
0 0.37777777777777777 0.7898550724637681 0.013888888888888888 0.014492753623188406
0 0.009722222222222222 0.7548309178743962 0.011111111111111112 0.026570048309178744
