0 0.9965277777777778 0.8596330275229358 0.020833333333333332 0.027522935779816515
0 0.9923611111111111 0.8853211009174312 0.0125 0.031192660550458717
0 0.9784722222222222 0.863302752293578 0.0125 0.04220183486238532
0 0.9861111111111112 0.9055045871559633 0.013888888888888888 0.031192660550458717
0 0.9604166666666667 0.8770642201834863 0.0125 0.04036697247706422
0 0.8944444444444445 0.9201834862385321 0.013888888888888888 0.03486238532110092
0 0.9013888888888889 0.8339449541284404 0.016666666666666666 0.03486238532110092
0 0.8847222222222222 0.9880733944954129 0.013888888888888888 0.03486238532110092
0 0.8444444444444444 0.9541284403669725 0.016666666666666666 0.04036697247706422
0 0.8298611111111112 0.8504587155963302 0.015277777777777777 0.04220183486238532
0 0.3819444444444444 0.4 0.019444444444444445 0.03669724770642202
