0 0.07291666666666667 0.15321100917431194 0.015277777777777777 0.03853211009174312
0 0.08194444444444444 0.15321100917431194 0.022222222222222223 0.03853211009174312
0 0.09791666666666667 0.15871559633027524 0.020833333333333332 0.03853211009174312
0 0.12013888888888889 0.14862385321100918 0.020833333333333332 0.029357798165137616
0 0.15555555555555556 0.13027522935779817 0.019444444444444445 0.03669724770642202
0 0.1284722222222222 0.14128440366972478 0.018055555555555554 0.03669724770642202
0 0.11458333333333333 0.13853211009174313 0.015277777777777777 0.03486238532110092
0 0.4166666666666667 0.11100917431192661 0.011111111111111112 0.031192660550458717
0 0.4284722222222222 0.10825688073394496 0.0125 0.029357798165137616
0 0.41875 0.10825688073394496 0.006944444444444444 0.01834862385321101
0 0.46875 0.0798165137614679 0.009722222222222222 0.023853211009174313
0 0.4840277777777778 0.06880733944954129 0.009722222222222222 0.023853211009174313
0 0.9590277777777778 0.26880733944954127 0.009722222222222222 0.031192660550458717
0 0.7368055555555556 0.5055045871559632 0.020833333333333332 0.045871559633027525
0 0.7638888888888888 0.4990825688073395 0.016666666666666666 0.047706422018348627
0 0.7590277777777777 0.4743119266055046 0.018055555555555554 0.03486238532110092
0 0.6854166666666667 0.6403669724770642 0.018055555555555554 0.044036697247706424
0 0.7104166666666667 0.6834862385321101 0.018055555555555554 0.03853211009174312
0 0.6583333333333333 0.7110091743119266 0.019444444444444445 0.04220183486238532
0 0.65625 0.7091743119266055 0.0125 0.01651376146788991
0 0.7041666666666667 0.7522935779816514 0.016666666666666666 0.047706422018348627
0 0.8895833333333333 0.5642201834862385 0.02361111111111111 0.05321100917431193
0 0.8729166666666667 0.5779816513761468 0.015277777777777777 0.05137614678899083
0 0.8993055555555556 0.9394495412844037 0.029166666666666667 0.05871559633027523
