0 0.08958 0.76329 0.00972 0.03382
0 0.20833 0.87923 0.01111 0.03865
0 0.15764 0.8128 0.00972 0.03623
0 0.06597 0.49275 0.00694 0.03382
0 0.18264 0.50483 0.00972 0.03382
0 0.21944 0.33816 0.00556 0.02899
0 0.07847 0.30797 0.00694 0.0314
0 0.05417 0.28502 0.00556 0.02899
0 0.05 0.26087 0.00556 0.03382
0 0.05764 0.25725 0.00694 0.02657
0 0.26111 0.3901 0.00556 0.0314
0 0.25139 0.37802 0.00556 0.02657
0 0.40208 0.46014 0.00694 0.0314
0 0.44444 0.82005 0.00833 0.0314
0 0.40972 0.63889 0.00556 0.03623
0 0.41458 0.6401 0.00417 0.02899
0 0.38056 0.52174 0.00833 0.03382
0 0.39028 0.39734 0.00556 0.0314
0 0.39514 0.39976 0.00694 0.02657
0 0.36944 0.36836 0.00833 0.02657
0 0.36458 0.33937 0.00694 0.02657
0 0.375 0.35507 0.00833 0.02899
0 0.375 0.3442 0.00833 0.0314
0 0.37847 0.27899 0.00694 0.02657
0 0.42361 0.43116 0.00833 0.0314
0 0.39444 0.3599 0.00556 0.02899
0 0.36528 0.24034 0.00556 0.02174
0 0.35972 0.23913 0.00556 0.01932
0 0.28264 0.19928 0.00417 0.02657
0 0.27917 0.19807 0.00556 0.02899
0 0.35417 0.09662 0.00556 0.02415
0 0.34514 0.04106 0.00694 0.02415
0 0.34375 0.14734 0.00694 0.02899
0 0.36458 0.15942 0.00694 0.02899
0 0.35972 0.15942 0.00556 0.02415
0 0.21597 0.05435 0.00694 0.02657
0 0.21389 0.07126 0.00556 0.02657
0 0.17847 0.12802 0.00694 0.01932
0 0.36042 0.02053 0.00417 0.02174
0 0.35556 0.01329 0.00556 0.02174
0 0.35069 0.01087 0.00417 0.02174
0 0.34583 0.01449 0.00556 0.01932
0 0.34028 0.0157 0.00556 0.01691
0 0.33611 0.01812 0.00556 0.02174
0 0.33125 0.10145 0.00694 0.02899
0 0.32986 0.09058 0.00694 0.0314
0 0.36042 0.2186 0.00417 0.02657
0 0.39583 0.31763 0.01111 0.02657
0 0.35556 0.22343 0.00556 0.02174
