0 0.1798611111111111 0.3357487922705314 0.006944444444444444 0.014492753623188406
0 0.16875 0.35144927536231885 0.006944444444444444 0.016908212560386472
0 0.6756944444444445 0.3248792270531401 0.004166666666666667 0.021739130434782608
0 0.7534722222222222 0.4504830917874396 0.006944444444444444 0.012077294685990338
0 0.66875 0.35144927536231885 0.004166666666666667 0.012077294685990338
0 0.6826388888888889 0.34903381642512077 0.004166666666666667 0.012077294685990338
0 0.6923611111111111 0.34541062801932365 0.004166666666666667 0.00966183574879227
0 0.7701388888888889 0.5495169082125604 0.004166666666666667 0.016908212560386472
0 0.7819444444444444 0.6497584541062802 0.005555555555555556 0.01932367149758454
0 0.8034722222222223 0.6485507246376812 0.004166666666666667 0.016908212560386472
0 0.8201388888888889 0.6714975845410628 0.004166666666666667 0.01932367149758454
0 0.8118055555555556 0.6582125603864735 0.004166666666666667 0.016908212560386472
0 0.5118055555555555 0.9021739130434783 0.006944444444444444 0.016908212560386472
0 0.8895833333333333 0.5181159420289855 0.006944444444444444 0.021739130434782608
0 0.8770833333333333 0.5205314009661836 0.004166666666666667 0.016908212560386472
0 0.9034722222222222 0.5362318840579711 0.004166666666666667 0.01932367149758454
0 0.9090277777777778 0.5422705314009661 0.004166666666666667 0.016908212560386472
0 0.9125 0.571256038647343 0.005555555555555556 0.021739130434782608
0 0.9020833333333333 0.5676328502415459 0.004166666666666667 0.014492753623188406
0 0.9423611111111111 0.6219806763285024 0.004166666666666667 0.012077294685990338
0 0.9361111111111111 0.6207729468599034 0.005555555555555556 0.01932367149758454
0 0.91875 0.6243961352657005 0.004166666666666667 0.016908212560386472
0 0.9006944444444445 0.6231884057971014 0.004166666666666667 0.01932367149758454
0 0.8965277777777778 0.6243961352657005 0.004166666666666667 0.012077294685990338
0 0.8541666666666666 0.5809178743961353 0.005555555555555556 0.012077294685990338
0 0.8777777777777778 0.5857487922705314 0.005555555555555556 0.021739130434782608
0 0.8722222222222222 0.5990338164251208 0.005555555555555556 0.01932367149758454
0 0.9090277777777778 0.6304347826086957 0.004166666666666667 0.01932367149758454
0 0.8951388888888889 0.6606280193236715 0.006944444444444444 0.021739130434782608
0 0.8673611111111111 0.6690821256038647 0.004166666666666667 0.01932367149758454
0 0.8604166666666667 0.6859903381642513 0.004166666666666667 0.014492753623188406
0 0.8416666666666667 0.6956521739130435 0.005555555555555556 0.01932367149758454
0 0.8708333333333333 0.748792270531401 0.005555555555555556 0.014492753623188406
0 0.86875 0.9734299516908212 0.004166666666666667 0.01932367149758454
0 0.8784722222222222 0.9818840579710145 0.004166666666666667 0.026570048309178744
