0 0.015277777777777777 0.8731884057971014 0.005555555555555556 0.021739130434782608
0 0.10277777777777777 0.6714975845410628 0.005555555555555556 0.01932367149758454
0 0.27361111111111114 0.6256038647342995 0.005555555555555556 0.024154589371980676
0 0.2659722222222222 0.6328502415458938 0.004166666666666667 0.01932367149758454
0 0.26319444444444445 0.6473429951690821 0.006944444444444444 0.01932367149758454
0 0.28888888888888886 0.9239130434782609 0.005555555555555556 0.021739130434782608
0 0.32083333333333336 0.5471014492753623 0.005555555555555556 0.021739130434782608
0 0.41944444444444445 0.5410628019323671 0.005555555555555556 0.024154589371980676
0 0.43125 0.5398550724637681 0.004166666666666667 0.021739130434782608
0 0.44166666666666665 0.5181159420289855 0.002777777777777778 0.021739130434782608
0 0.4395833333333333 0.5205314009661836 0.004166666666666667 0.021739130434782608
0 0.34791666666666665 0.5120772946859904 0.004166666666666667 0.01932367149758454
0 0.3680555555555556 0.5785024154589372 0.002777777777777778 0.016908212560386472
0 0.30069444444444443 0.5640096618357487 0.004166666666666667 0.021739130434782608
0 0.48819444444444443 0.35144927536231885 0.004166666666666667 0.021739130434782608
0 0.475 0.2886473429951691 0.005555555555555556 0.021739130434782608
0 0.4465277777777778 0.45893719806763283 0.004166666666666667 0.024154589371980676
