0 0.6423611111111112 0.06280193236714976 0.018055555555555554 0.033816425120772944
0 0.6618055555555555 0.059178743961352656 0.018055555555555554 0.03140096618357488
0 0.7104166666666667 0.13043478260869565 0.018055555555555554 0.043478260869565216
0 0.75 0.1751207729468599 0.019444444444444445 0.036231884057971016
0 0.7694444444444445 0.19082125603864733 0.019444444444444445 0.033816425120772944
0 0.7756944444444445 0.2222222222222222 0.018055555555555554 0.03864734299516908
0 0.7895833333333333 0.2246376811594203 0.020833333333333332 0.033816425120772944
0 0.80625 0.24516908212560387 0.018055555555555554 0.036231884057971016
0 0.8222222222222222 0.2717391304347826 0.025 0.021739130434782608
0 0.8888888888888888 0.35507246376811596 0.030555555555555555 0.03864734299516908
