0 0.3284722222222222 0.11835748792270531 0.009722222222222222 0.05314009661835749
0 0.25416666666666665 0.14492753623188406 0.011111111111111112 0.033816425120772944
0 0.2611111111111111 0.14371980676328502 0.011111111111111112 0.036231884057971016
0 0.16944444444444445 0.11594202898550725 0.011111111111111112 0.03864734299516908
0 0.5069444444444444 0.08454106280193237 0.008333333333333333 0.028985507246376812
0 0.5152777777777777 0.09178743961352658 0.013888888888888888 0.04830917874396135
0 0.6118055555555556 0.050724637681159424 0.0125 0.05314009661835749
0 0.6020833333333333 0.5628019323671497 0.018055555555555554 0.057971014492753624
0 0.44930555555555557 0.391304347826087 0.018055555555555554 0.06280193236714976
0 0.36666666666666664 0.44806763285024154 0.019444444444444445 0.06038647342995169
0 0.14375 0.45169082125603865 0.015277777777777777 0.057971014492753624
0 0.14722222222222223 0.4553140096618358 0.013888888888888888 0.05555555555555555
0 0.9520833333333333 0.5217391304347826 0.020833333333333332 0.043478260869565216
0 0.9111111111111111 0.6026570048309179 0.013888888888888888 0.04106280193236715
0 0.7631944444444444 0.47342995169082125 0.015277777777777777 0.04830917874396135
