0 0.6756944444444445 0.9 0.03194444444444444 0.03486238532110092
0 0.6840277777777778 0.9311926605504587 0.03194444444444444 0.045871559633027525
0 0.7041666666666667 0.9119266055045872 0.022222222222222223 0.05504587155963303
0 0.7729166666666667 0.9376146788990826 0.0375 0.04036697247706422
0 0.75 0.8798165137614679 0.04722222222222222 0.05321100917431193
0 0.9548611111111112 0.6871559633027523 0.043055555555555555 0.045871559633027525
0 0.8097222222222222 0.728440366972477 0.03333333333333333 0.044036697247706424
0 0.8972222222222223 0.7532110091743119 0.03888888888888889 0.04220183486238532
0 0.8618055555555556 0.7825688073394496 0.034722222222222224 0.045871559633027525
0 0.7708333333333334 0.08440366972477065 0.019444444444444445 0.047706422018348627
