0 0.12916666666666668 0.9057971014492754 0.005555555555555556 0.033816425120772944
0 0.07222222222222222 0.9202898550724637 0.008333333333333333 0.033816425120772944
0 0.0798611111111111 0.9202898550724637 0.009722222222222222 0.03864734299516908
0 0.06180555555555556 0.9335748792270532 0.009722222222222222 0.036231884057971016
0 0.8944444444444445 0.36231884057971014 0.005555555555555556 0.01932367149758454
0 0.8881944444444444 0.19082125603864733 0.006944444444444444 0.014492753623188406
0 0.8736111111111111 0.572463768115942 0.008333333333333333 0.033816425120772944
0 0.8159722222222222 0.642512077294686 0.009722222222222222 0.028985507246376812
0 0.7909722222222222 0.6594202898550725 0.006944444444444444 0.028985507246376812
0 0.8180555555555555 0.4335748792270531 0.005555555555555556 0.016908212560386472
