0 0.11805555555555555 0.41183574879227053 0.03611111111111111 0.04589371980676329
0 0.14375 0.5169082125603864 0.029166666666666667 0.043478260869565216
0 0.15347222222222223 0.4758454106280193 0.034722222222222224 0.03864734299516908
0 0.325 0.4782608695652174 0.022222222222222223 0.033816425120772944
0 0.3333333333333333 0.5036231884057971 0.025 0.04106280193236715
0 0.3236111111111111 0.5314009661835749 0.025 0.043478260869565216
0 0.30277777777777776 0.6086956521739131 0.025 0.033816425120772944
0 0.3159722222222222 0.6304347826086957 0.02361111111111111 0.033816425120772944
0 0.34097222222222223 0.5495169082125604 0.02638888888888889 0.04589371980676329
0 0.3486111111111111 0.6219806763285024 0.022222222222222223 0.026570048309178744
0 0.35555555555555557 0.6557971014492754 0.022222222222222223 0.03140096618357488
0 0.3326388888888889 0.6714975845410628 0.029166666666666667 0.043478260869565216
0 0.3277777777777778 0.8067632850241546 0.027777777777777776 0.043478260869565216
0 0.3388888888888889 0.5785024154589372 0.027777777777777776 0.04589371980676329
0 0.29791666666666666 0.8031400966183575 0.03194444444444444 0.036231884057971016
