0 0.07430555555555556 0.8587155963302753 0.015277777777777777 0.05137614678899083
0 0.7694444444444445 0.03211009174311927 0.016666666666666666 0.04220183486238532
0 0.7777777777777778 0.2908256880733945 0.019444444444444445 0.045871559633027525
0 0.7951388888888888 0.2944954128440367 0.015277777777777777 0.03853211009174312
0 0.8111111111111111 0.30825688073394497 0.011111111111111112 0.029357798165137616
0 0.8229166666666666 0.2853211009174312 0.009722222222222222 0.023853211009174313
0 0.8340277777777778 0.4055045871559633 0.015277777777777777 0.04036697247706422
0 0.84375 0.3339449541284404 0.015277777777777777 0.025688073394495414
0 0.7666666666666667 0.24220183486238533 0.013888888888888888 0.047706422018348627
0 0.7715277777777778 0.163302752293578 0.0125 0.04036697247706422
0 0.7555555555555555 0.16238532110091744 0.011111111111111112 0.03853211009174312
