0 0.81875 0.06513761467889909 0.0125 0.03853211009174312
0 0.5826388888888889 0.23394495412844038 0.020833333333333332 0.027522935779816515
0 0.6277777777777778 0.4761467889908257 0.011111111111111112 0.023853211009174313
0 0.5423611111111111 0.5311926605504587 0.015277777777777777 0.02018348623853211
0 0.5180555555555556 0.5440366972477064 0.016666666666666666 0.01651376146788991
0 0.5354166666666667 0.5522935779816514 0.02361111111111111 0.01834862385321101
0 0.7152777777777778 0.4944954128440367 0.013888888888888888 0.02018348623853211
0 0.1076388888888889 0.463302752293578 0.02638888888888889 0.02018348623853211
0 0.17777777777777778 0.47155963302752296 0.022222222222222223 0.025688073394495414
0 0.1951388888888889 0.4926605504587156 0.02361111111111111 0.031192660550458717
0 0.19236111111111112 0.5064220183486239 0.020833333333333332 0.01834862385321101
0 0.20833333333333334 0.46788990825688076 0.022222222222222223 0.025688073394495414
0 0.28680555555555554 0.45137614678899085 0.03194444444444444 0.04036697247706422
0 0.2708333333333333 0.5 0.027777777777777776 0.023853211009174313
0 0.17708333333333334 0.5770642201834862 0.02638888888888889 0.01651376146788991
0 0.16805555555555557 0.5926605504587156 0.019444444444444445 0.014678899082568808
0 0.9486111111111111 0.9990825688073395 0.016666666666666666 0.023853211009174313
