0 0.26944444444444443 0.7367149758454107 0.022222222222222223 0.09178743961352658
0 0.2701388888888889 0.7137681159420289 0.020833333333333332 0.09420289855072464
0 0.21944444444444444 0.5084541062801933 0.019444444444444445 0.0748792270531401
0 0.5048611111111111 0.6606280193236715 0.02638888888888889 0.0893719806763285
0 0.48055555555555557 0.6243961352657005 0.027777777777777776 0.08454106280193237
0 0.7833333333333333 0.751207729468599 0.022222222222222223 0.0966183574879227
0 0.7618055555555555 0.6968599033816425 0.02638888888888889 0.09420289855072464
0 0.5861111111111111 0.357487922705314 0.013888888888888888 0.06280193236714976
0 0.6069444444444444 0.357487922705314 0.016666666666666666 0.06763285024154589
0 0.7152777777777778 0.24879227053140096 0.019444444444444445 0.043478260869565216
