0 0.06388888888888888 0.28623853211009176 0.027777777777777776 0.047706422018348627
0 0.08472222222222223 0.12660550458715597 0.016666666666666666 0.03669724770642202
0 0.1736111111111111 0.14770642201834863 0.022222222222222223 0.05688073394495413
0 0.24930555555555556 0.1743119266055046 0.015277777777777777 0.06605504587155964
0 0.27361111111111114 0.1853211009174312 0.016666666666666666 0.05871559633027523
0 0.28055555555555556 0.14862385321100918 0.013888888888888888 0.05137614678899083
0 0.6645833333333333 0.26880733944954127 0.018055555555555554 0.060550458715596334
0 0.6923611111111111 0.27889908256880735 0.015277777777777777 0.06605504587155964
0 0.7569444444444444 0.21559633027522937 0.022222222222222223 0.04954128440366973
0 0.6805555555555556 0.24128440366972478 0.019444444444444445 0.05688073394495413
0 0.6965277777777777 0.23944954128440368 0.0125 0.04954128440366973
0 0.7125 0.23944954128440368 0.013888888888888888 0.05321100917431193
0 0.7034722222222223 0.21743119266055047 0.015277777777777777 0.03853211009174312
0 0.8083333333333333 0.20091743119266056 0.013888888888888888 0.05321100917431193
0 0.7909722222222222 0.19357798165137616 0.015277777777777777 0.045871559633027525
0 0.8659722222222223 0.23761467889908258 0.020833333333333332 0.060550458715596334
0 0.9215277777777777 0.26330275229357797 0.02361111111111111 0.05688073394495413
0 0.9222222222222223 0.22477064220183487 0.016666666666666666 0.05688073394495413
0 0.9013888888888889 0.22844036697247708 0.025 0.045871559633027525
0 0.8819444444444444 0.20825688073394497 0.019444444444444445 0.045871559633027525
0 0.8430555555555556 0.18623853211009175 0.011111111111111112 0.04220183486238532
0 0.8520833333333333 0.1944954128440367 0.015277777777777777 0.047706422018348627
0 0.9048611111111111 0.1651376146788991 0.018055555555555554 0.044036697247706424
0 0.5270833333333333 0.636697247706422 0.04861111111111111 0.05137614678899083
0 0.9138888888888889 0.3201834862385321 0.022222222222222223 0.03486238532110092
0 0.9583333333333334 0.3339449541284404 0.016666666666666666 0.03669724770642202
0 0.9638888888888889 0.3128440366972477 0.019444444444444445 0.031192660550458717
0 0.8958333333333334 0.18073394495412845 0.022222222222222223 0.03486238532110092
0 0.8756944444444444 0.16055045871559634 0.015277777777777777 0.05688073394495413
0 0.9013888888888889 0.10458715596330276 0.013888888888888888 0.044036697247706424
0 0.8777777777777778 0.12477064220183487 0.013888888888888888 0.044036697247706424
0 0.8229166666666666 0.044954128440366975 0.015277777777777777 0.03853211009174312
0 0.8354166666666667 0.044036697247706424 0.0125 0.044036697247706424
