0 0.2881944444444444 0.44323671497584544 0.009722222222222222 0.026570048309178744
0 0.2659722222222222 0.533816425120773 0.0125 0.01932367149758454
0 0.25555555555555554 0.5579710144927537 0.011111111111111112 0.01932367149758454
0 0.25972222222222224 0.535024154589372 0.011111111111111112 0.021739130434782608
0 0.2916666666666667 0.4106280193236715 0.011111111111111112 0.01932367149758454
0 0.3104166666666667 0.34782608695652173 0.009722222222222222 0.024154589371980676
0 0.39166666666666666 0.0821256038647343 0.008333333333333333 0.028985507246376812
0 0.3909722222222222 0.07608695652173914 0.0125 0.03140096618357488
0 0.39166666666666666 0.06763285024154589 0.011111111111111112 0.024154589371980676
0 0.38333333333333336 0.10144927536231885 0.013888888888888888 0.024154589371980676
0 0.8465277777777778 0.4782608695652174 0.009722222222222222 0.03864734299516908
