0 0.85 0.8045871559633028 0.022222222222222223 0.03853211009174312
0 0.83125 0.8715596330275229 0.0125 0.05137614678899083
0 0.6465277777777778 0.10642201834862386 0.009722222222222222 0.03669724770642202
0 0.7354166666666667 0.1853211009174312 0.009722222222222222 0.03669724770642202
0 0.7659722222222223 0.11009174311926606 0.009722222222222222 0.03302752293577982
0 0.7625 0.0798165137614679 0.011111111111111112 0.023853211009174313
0 0.8138888888888889 0.10825688073394496 0.008333333333333333 0.029357798165137616
0 0.8743055555555556 0.10366972477064221 0.009722222222222222 0.031192660550458717
0 0.8243055555555555 0.0834862385321101 0.0125 0.031192660550458717
0 0.8104166666666667 0.07614678899082569 0.009722222222222222 0.03486238532110092
0 0.7 0.062385321100917435 0.011111111111111112 0.029357798165137616
0 0.6958333333333333 0.04862385321100918 0.011111111111111112 0.027522935779816515
0 0.8013888888888889 0.0926605504587156 0.008333333333333333 0.03486238532110092
