0 0.6763888888888889 0.8844036697247707 0.025 0.03302752293577982
0 0.6423611111111112 0.9229357798165138 0.0125 0.029357798165137616
0 0.5319444444444444 0.8201834862385321 0.013888888888888888 0.029357798165137616
0 0.5444444444444444 0.8036697247706422 0.011111111111111112 0.025688073394495414
0 0.5868055555555556 0.7412844036697248 0.018055555555555554 0.029357798165137616
0 0.6555555555555556 0.7073394495412844 0.016666666666666666 0.027522935779816515
0 0.6923611111111111 0.6660550458715596 0.018055555555555554 0.025688073394495414
0 0.69375 0.6385321100917432 0.0125 0.029357798165137616
0 0.6819444444444445 0.6339449541284403 0.013888888888888888 0.023853211009174313
0 0.8368055555555556 0.4779816513761468 0.015277777777777777 0.023853211009174313
0 0.7576388888888889 0.6091743119266055 0.020833333333333332 0.029357798165137616
0 0.7173611111111111 0.6477064220183486 0.015277777777777777 0.029357798165137616
0 0.7284722222222222 0.6284403669724771 0.0125 0.023853211009174313
0 0.7368055555555556 0.5908256880733945 0.015277777777777777 0.025688073394495414
0 0.6458333333333334 0.5532110091743119 0.013888888888888888 0.03486238532110092
0 0.675 0.6100917431192661 0.016666666666666666 0.031192660550458717
0 0.7083333333333334 0.6311926605504588 0.013888888888888888 0.029357798165137616
0 0.7173611111111111 0.6027522935779817 0.009722222222222222 0.023853211009174313
0 0.7152777777777778 0.6275229357798165 0.011111111111111112 0.022018348623853212
0 0.34375 0.7220183486238532 0.015277777777777777 0.01651376146788991
0 0.21180555555555555 0.6385321100917432 0.006944444444444444 0.029357798165137616
0 0.4722222222222222 0.3293577981651376 0.011111111111111112 0.023853211009174313
0 0.51875 0.3623853211009174 0.009722222222222222 0.02018348623853211
0 0.5083333333333333 0.40825688073394495 0.008333333333333333 0.023853211009174313
0 0.64375 0.022018348623853212 0.0125 0.01834862385321101
0 0.5388888888888889 0.05321100917431193 0.011111111111111112 0.01834862385321101
0 0.41388888888888886 0.044036697247706424 0.008333333333333333 0.014678899082568808
0 0.7215277777777778 0.1 0.0125 0.023853211009174313
