0 0.7055555555555556 0.9770531400966184 0.027777777777777776 0.050724637681159424
0 0.9 0.9915458937198067 0.027777777777777776 0.06038647342995169
0 0.5652777777777778 0.5446859903381642 0.025 0.05555555555555555
0 0.5597222222222222 0.5193236714975845 0.022222222222222223 0.057971014492753624
0 0.4979166666666667 0.35990338164251207 0.0125 0.04830917874396135
0 0.004861111111111111 0.21739130434782608 0.009722222222222222 0.05314009661835749
0 0.04027777777777778 0.24879227053140096 0.011111111111111112 0.04830917874396135
0 0.005555555555555556 0.20772946859903382 0.011111111111111112 0.04830917874396135
0 0.01597222222222222 0.20169082125603865 0.015277777777777777 0.050724637681159424
0 0.025694444444444443 0.20652173913043478 0.009722222222222222 0.03140096618357488
0 0.019444444444444445 0.13768115942028986 0.008333333333333333 0.043478260869565216
0 0.02638888888888889 0.0785024154589372 0.008333333333333333 0.04106280193236715
0 0.03194444444444444 0.0821256038647343 0.008333333333333333 0.043478260869565216
0 0.04027777777777778 0.10386473429951691 0.013888888888888888 0.04830917874396135
0 0.05625 0.10507246376811594 0.009722222222222222 0.050724637681159424
0 0.06805555555555555 0.0966183574879227 0.008333333333333333 0.043478260869565216
0 0.06597222222222222 0.018115942028985508 0.006944444444444444 0.036231884057971016
0 0.07013888888888889 0.5688405797101449 0.0125 0.06038647342995169
