0 0.5166666666666667 0.23944954128440368 0.008333333333333333 0.027522935779816515
0 0.4395833333333333 0.5110091743119266 0.009722222222222222 0.03486238532110092
0 0.6298611111111111 0.4853211009174312 0.006944444444444444 0.012844036697247707
0 0.6243055555555556 0.6082568807339449 0.006944444444444444 0.027522935779816515
0 0.8986111111111111 0.031192660550458717 0.008333333333333333 0.011009174311926606
0 0.9423611111111111 0.12018348623853212 0.006944444444444444 0.02018348623853211
0 0.9430555555555555 0.17889908256880735 0.005555555555555556 0.01651376146788991
0 0.9548611111111112 0.18256880733944955 0.006944444444444444 0.012844036697247707
0 0.9333333333333333 0.25229357798165136 0.005555555555555556 0.012844036697247707
0 0.9215277777777777 0.26422018348623855 0.006944444444444444 0.022018348623853212
