0 0.10486111111111111 0.9577981651376147 0.009722222222222222 0.01834862385321101
0 0.10555555555555556 0.9724770642201835 0.008333333333333333 0.01834862385321101
0 0.11319444444444444 0.9504587155963303 0.0125 0.01834862385321101
0 0.11805555555555555 0.9642201834862385 0.008333333333333333 0.01651376146788991
0 0.11666666666666667 0.8642201834862385 0.005555555555555556 0.01834862385321101
0 0.11805555555555555 0.8486238532110092 0.005555555555555556 0.012844036697247707
0 0.1125 0.6587155963302752 0.008333333333333333 0.01834862385321101
0 0.11458333333333333 0.8137614678899082 0.006944444444444444 0.012844036697247707
0 0.11597222222222223 0.8348623853211009 0.006944444444444444 0.011009174311926606
0 0.11875 0.6678899082568808 0.006944444444444444 0.014678899082568808
0 0.22569444444444445 0.4706422018348624 0.009722222222222222 0.01651376146788991
