0 0.1673611111111111 0.9220183486238532 0.0375 0.05688073394495413
0 0.6104166666666667 0.5055045871559632 0.020833333333333332 0.04954128440366973
0 0.7416666666666667 0.43486238532110094 0.016666666666666666 0.044036697247706424
0 0.7743055555555556 0.28256880733944956 0.018055555555555554 0.047706422018348627
0 0.8923611111111112 0.025688073394495414 0.015277777777777777 0.047706422018348627
0 0.8368055555555556 0.10917431192660551 0.0125 0.06422018348623854
0 0.7395833333333334 0.2761467889908257 0.0125 0.04220183486238532
0 0.8715277777777778 0.9522935779816514 0.018055555555555554 0.06972477064220184
0 0.7125 0.8 0.013888888888888888 0.044036697247706424
0 0.7326388888888888 0.7486238532110092 0.018055555555555554 0.03669724770642202
