0 0.4673611111111111 0.8260869565217391 0.004166666666666667 0.01932367149758454
0 0.4777777777777778 0.8248792270531401 0.002777777777777778 0.016908212560386472
0 0.4826388888888889 0.8200483091787439 0.004166666666666667 0.016908212560386472
0 0.475 0.7946859903381642 0.002777777777777778 0.014492753623188406
0 0.4875 0.8864734299516909 0.002777777777777778 0.014492753623188406
0 0.68125 0.8828502415458938 0.006944444444444444 0.03140096618357488
0 0.5194444444444445 0.9722222222222222 0.005555555555555556 0.021739130434782608
0 0.5743055555555555 0.9685990338164251 0.004166666666666667 0.01932367149758454
0 0.6027777777777777 0.9685990338164251 0.005555555555555556 0.014492753623188406
0 0.5819444444444445 0.751207729468599 0.005555555555555556 0.014492753623188406
0 0.7652777777777777 0.9142512077294686 0.005555555555555556 0.021739130434782608
0 0.7090277777777778 0.7391304347826086 0.006944444444444444 0.01932367149758454
0 0.7243055555555555 0.9516908212560387 0.004166666666666667 0.024154589371980676
0 0.8125 0.9746376811594203 0.005555555555555556 0.016908212560386472
0 0.84375 0.9444444444444444 0.004166666666666667 0.01932367149758454
0 0.6965277777777777 0.8985507246376812 0.004166666666666667 0.014492753623188406
0 0.7 0.9033816425120773 0.005555555555555556 0.014492753623188406
0 0.7173611111111111 0.9299516908212561 0.004166666666666667 0.01932367149758454
