0 0.12847 0.10749 0.00694 0.01691
0 0.13681 0.12198 0.00417 0.01208
0 0.15208 0.09903 0.00694 0.01449
0 0.10694 0.15942 0.00556 0.01932
0 0.10208 0.16184 0.00694 0.01932
0 0.20069 0.06522 0.0125 0.02415
0 0.81597 0.10145 0.00417 0.01932
0 0.82014 0.09903 0.00417 0.01932
0 0.81944 0.14734 0.00278 0.01932
0 0.88889 0.45531 0.00556 0.02657
0 0.89375 0.45169 0.00417 0.02415
0 0.90139 0.44807 0.00556 0.02174
0 0.73403 0.38164 0.00694 0.02415
0 0.73125 0.4372 0.00694 0.02415
0 0.74722 0.48671 0.00278 0.02174
0 0.74444 0.67029 0.00556 0.02657
0 0.74653 0.6558 0.00417 0.01691
0 0.72639 0.72222 0.00833 0.01932
0 0.74653 0.73551 0.00694 0.02174
0 0.74861 0.81159 0.00556 0.02415
0 0.74028 0.7343 0.00556 0.01932
0 0.7375 0.74034 0.00556 0.02174
0 0.73194 0.7657 0.00556 0.02415
