0 0.03333 0.51449 0.01667 0.03865
0 0.06042 0.47343 0.02083 0.03382
0 0.14722 0.40338 0.025 0.04348
0 0.00833 0.40459 0.01389 0.03623
0 0.08264 0.36353 0.02083 0.0314
0 0.05 0.343 0.01944 0.04348
0 0.03681 0.25242 0.01806 0.03623
0 0.075 0.30797 0.01111 0.0314
0 0.00764 0.20531 0.01528 0.03865
0 0.00556 0.11473 0.01111 0.03623
0 0.02778 0.17391 0.01111 0.03865
0 0.05694 0.22705 0.01389 0.03865
0 0.08958 0.28019 0.01528 0.04831
0 0.10903 0.27053 0.01528 0.03382
0 0.15625 0.29227 0.01806 0.04348
0 0.19653 0.24034 0.02083 0.03623
0 0.13611 0.23551 0.01667 0.03623
0 0.08056 0.2029 0.01389 0.02899
0 0.24931 0.16908 0.01806 0.03865
0 0.27292 0.13406 0.02083 0.04589
0 0.28333 0.09058 0.025 0.04589
0 0.02569 0.08575 0.01528 0.03623
0 0.04861 0.14372 0.01389 0.04589
0 0.09792 0.17029 0.01806 0.04106
0 0.06736 0.11594 0.01528 0.04348
0 0.01111 0.02174 0.01667 0.04348
0 0.04097 0.05676 0.0125 0.03623
0 0.14722 0.21256 0.01389 0.03865
0 0.15972 0.1872 0.01389 0.03623
0 0.175 0.16546 0.01667 0.03623
0 0.19375 0.14493 0.01528 0.03865
0 0.20486 0.12923 0.01806 0.03623
0 0.21875 0.10749 0.01806 0.03623
0 0.22986 0.0942 0.02083 0.03865
0 0.24236 0.07609 0.02361 0.04106
0 0.11389 0.14734 0.01667 0.03865
0 0.13125 0.12923 0.01528 0.03623
0 0.14653 0.10628 0.01528 0.03865
0 0.08819 0.09903 0.01528 0.03865
0 0.10278 0.07126 0.01389 0.04106
0 0.05833 0.03623 0.01389 0.03865
0 0.11736 0.0471 0.02083 0.04106
0 0.12917 0.02778 0.01389 0.04106
0 0.14653 0.02174 0.01806 0.04348
0 0.07569 0.01812 0.0125 0.03623
0 0.1625 0.08333 0.01667 0.04589
0 0.17917 0.06159 0.01667 0.03623
0 0.19514 0.04106 0.01806 0.03382
0 0.20625 0.02415 0.01528 0.03865
0 0.21944 0.02053 0.01389 0.04106
