0 0.6125 0.5156 0.00556 0.01468
0 0.62222 0.52385 0.00833 0.01651
0 0.61319 0.56606 0.00972 0.02018
0 0.61181 0.53945 0.00694 0.01468
0 0.58889 0.54037 0.00833 0.02018
0 0.57917 0.54862 0.00833 0.01835
0 0.57153 0.56422 0.00972 0.01651
0 0.52778 0.62936 0.00833 0.02202
0 0.51806 0.62844 0.00833 0.02385
0 0.50625 0.64312 0.0125 0.02385
0 0.49792 0.64404 0.00972 0.02202
0 0.4875 0.64954 0.00833 0.02202
0 0.5125 0.75413 0.00833 0.02202
0 0.51042 0.73211 0.00972 0.02569
0 0.52431 0.71101 0.00972 0.02385
0 0.54097 0.68257 0.00694 0.02202
0 0.54861 0.68165 0.00833 0.02018
0 0.56528 0.69266 0.00833 0.02752
0 0.55903 0.6945 0.00694 0.02752
0 0.15139 0.80459 0.01389 0.02385
0 0.28264 0.71927 0.00972 0.02569
0 0.27708 0.71651 0.00694 0.02385
0 0.24375 0.80642 0.0125 0.02752
