0 0.20625 0.7330917874396136 0.02361111111111111 0.05555555555555555
0 0.24305555555555555 0.7572463768115942 0.025 0.10386473429951691
0 0.26944444444444443 0.7644927536231884 0.019444444444444445 0.07971014492753623
0 0.33958333333333335 0.7777777777777778 0.029166666666666667 0.0966183574879227
0 0.021527777777777778 0.5495169082125604 0.03194444444444444 0.0893719806763285
0 0.3861111111111111 0.7801932367149759 0.030555555555555555 0.0966183574879227
0 0.4388888888888889 0.7958937198067633 0.022222222222222223 0.0893719806763285
0 0.5152777777777777 0.8019323671497585 0.022222222222222223 0.07729468599033816
0 0.6076388888888888 0.8164251207729468 0.02361111111111111 0.08695652173913043
0 0.69375 0.8659420289855072 0.02361111111111111 0.10386473429951691
0 0.7222222222222222 0.8393719806763285 0.013888888888888888 0.05555555555555555
0 0.7527777777777778 0.8285024154589372 0.019444444444444445 0.07729468599033816
0 0.69375 0.8164251207729468 0.015277777777777777 0.06280193236714976
0 0.7680555555555556 0.856280193236715 0.022222222222222223 0.07004830917874397
0 0.7819444444444444 0.8454106280193237 0.019444444444444445 0.0821256038647343
0 0.7694444444444445 0.8599033816425121 0.03611111111111111 0.07246376811594203
0 0.8659722222222223 0.9528985507246377 0.03194444444444444 0.09903381642512077
0 0.8868055555555555 0.9553140096618358 0.02361111111111111 0.0748792270531401
0 0.9270833333333334 0.8743961352657005 0.015277777777777777 0.06280193236714976
0 0.8 0.8454106280193237 0.025 0.10144927536231885
0 0.9784722222222222 0.893719806763285 0.029166666666666667 0.05314009661835749
0 0.9888888888888889 0.8514492753623188 0.027777777777777776 0.0893719806763285
0 0.9736111111111111 0.8369565217391305 0.019444444444444445 0.036231884057971016
0 0.7229166666666667 0.7053140096618358 0.020833333333333332 0.07729468599033816
0 0.7493055555555556 0.7101449275362319 0.02361111111111111 0.08695652173913043
0 0.8263888888888888 0.7379227053140096 0.022222222222222223 0.07004830917874397
0 0.8388888888888889 0.7016908212560387 0.019444444444444445 0.0748792270531401
0 0.8305555555555556 0.6823671497584541 0.013888888888888888 0.050724637681159424
0 0.8194444444444444 0.6582125603864735 0.016666666666666666 0.0893719806763285
0 0.8375 0.6461352657004831 0.013888888888888888 0.07971014492753623
0 0.20069444444444445 0.6799516908212561 0.02361111111111111 0.06038647342995169
0 0.18194444444444444 0.6461352657004831 0.025 0.06038647342995169
