0 0.46944444444444444 0.6477064220183486 0.03333333333333333 0.09174311926605505
0 0.46597222222222223 0.6293577981651376 0.020833333333333332 0.047706422018348627
0 0.3576388888888889 0.6770642201834862 0.04027777777777778 0.08440366972477065
0 0.37222222222222223 0.5935779816513761 0.03888888888888889 0.08990825688073395
0 0.33819444444444446 0.5871559633027523 0.04027777777777778 0.08807339449541285
0 0.41041666666666665 0.7091743119266055 0.02638888888888889 0.08256880733944955
0 0.49444444444444446 0.48073394495412847 0.030555555555555555 0.08440366972477065
0 0.6138888888888889 0.4055045871559633 0.030555555555555555 0.08073394495412844
0 0.4618055555555556 0.45321100917431195 0.04027777777777778 0.08073394495412844
0 0.725 0.1724770642201835 0.022222222222222223 0.07339449541284404
0 0.6854166666666667 0.18623853211009175 0.020833333333333332 0.07522935779816514
0 0.65625 0.21009174311926607 0.015277777777777777 0.03486238532110092
0 0.6472222222222223 0.1724770642201835 0.016666666666666666 0.06605504587155964
0 0.96875 0.3981651376146789 0.018055555555555554 0.08073394495412844
