0 0.2722222222222222 0.12660550458715597 0.030555555555555555 0.01834862385321101
0 0.32708333333333334 0.21559633027522937 0.029166666666666667 0.027522935779816515
0 0.3326388888888889 0.23394495412844038 0.029166666666666667 0.027522935779816515
0 0.30277777777777776 0.3165137614678899 0.03611111111111111 0.027522935779816515
0 0.30416666666666664 0.3357798165137615 0.03333333333333333 0.022018348623853212
0 0.32222222222222224 0.3247706422018349 0.030555555555555555 0.025688073394495414
0 0.38263888888888886 0.4761467889908257 0.02638888888888889 0.027522935779816515
0 0.3770833333333333 0.5605504587155963 0.03194444444444444 0.04954128440366973
0 0.46875 0.3697247706422018 0.029166666666666667 0.03853211009174312
0 0.45 0.37339449541284403 0.027777777777777776 0.03853211009174312
0 0.3597222222222222 0.9688073394495413 0.030555555555555555 0.05137614678899083
0 0.33194444444444443 0.9311926605504587 0.03333333333333333 0.03486238532110092
0 0.3333333333333333 0.9541284403669725 0.03611111111111111 0.029357798165137616
0 0.26180555555555557 0.9807339449541285 0.03194444444444444 0.03853211009174312
0 0.2881944444444444 0.9495412844036697 0.03194444444444444 0.023853211009174313
0 0.2951388888888889 0.9614678899082569 0.0375 0.022018348623853212
0 0.29791666666666666 0.9706422018348624 0.03194444444444444 0.04036697247706422
0 0.6423611111111112 0.4834862385321101 0.02638888888888889 0.031192660550458717
0 0.6222222222222222 0.44770642201834865 0.027777777777777776 0.029357798165137616
0 0.6555555555555556 0.43302752293577984 0.027777777777777776 0.029357798165137616
0 0.6694444444444444 0.39908256880733944 0.022222222222222223 0.03486238532110092
0 0.6194444444444445 0.38623853211009174 0.027777777777777776 0.027522935779816515
0 0.6298611111111111 0.3440366972477064 0.02361111111111111 0.027522935779816515
0 0.6458333333333334 0.3091743119266055 0.022222222222222223 0.027522935779816515
0 0.6583333333333333 0.3275229357798165 0.025 0.027522935779816515
0 0.6326388888888889 0.15688073394495414 0.020833333333333332 0.023853211009174313
0 0.7194444444444444 0.011926605504587157 0.019444444444444445 0.023853211009174313
