0 0.39652777777777776 0.19202898550724637 0.0125 0.04106280193236715
0 0.44930555555555557 0.22826086956521738 0.015277777777777777 0.04106280193236715
0 0.5048611111111111 0.40942028985507245 0.009722222222222222 0.04589371980676329
0 0.5319444444444444 0.48188405797101447 0.011111111111111112 0.04106280193236715
0 0.43333333333333335 0.43478260869565216 0.011111111111111112 0.043478260869565216
0 0.005555555555555556 0.711352657004831 0.008333333333333333 0.026570048309178744
0 0.00625 0.7065217391304348 0.009722222222222222 0.03140096618357488
0 0.00625 0.6920289855072463 0.009722222222222222 0.03140096618357488
0 0.03333333333333333 0.7198067632850241 0.019444444444444445 0.043478260869565216
0 0.05625 0.751207729468599 0.018055555555555554 0.03864734299516908
