0 0.9701388888888889 0.7926605504587156 0.02638888888888889 0.03302752293577982
0 0.9361111111111111 0.4522935779816514 0.016666666666666666 0.031192660550458717
0 0.8784722222222222 0.15871559633027524 0.015277777777777777 0.023853211009174313
0 0.8840277777777777 0.0798165137614679 0.009722222222222222 0.02018348623853211
0 0.9041666666666667 0.061467889908256884 0.008333333333333333 0.031192660550458717
0 0.6326388888888889 0.42660550458715596 0.0125 0.023853211009174313
0 0.6027777777777777 0.3302752293577982 0.011111111111111112 0.03302752293577982
0 0.3527777777777778 0.42477064220183486 0.013888888888888888 0.027522935779816515
0 0.18888888888888888 0.5688073394495413 0.016666666666666666 0.029357798165137616
0 0.2 0.5688073394495413 0.013888888888888888 0.029357798165137616
0 0.08680555555555555 0.5926605504587156 0.020833333333333332 0.03302752293577982
