0 0.7673611111111112 0.13043478260869565 0.006944444444444444 0.024154589371980676
0 0.7930555555555555 0.25 0.005555555555555556 0.026570048309178744
0 0.5173611111111112 0.20772946859903382 0.006944444444444444 0.024154589371980676
0 0.51875 0.19685990338164253 0.006944444444444444 0.026570048309178744
0 0.5354166666666667 0.20652173913043478 0.006944444444444444 0.021739130434782608
0 0.7673611111111112 0.32004830917874394 0.006944444444444444 0.016908212560386472
0 0.7875 0.34782608695652173 0.005555555555555556 0.024154589371980676
0 0.7979166666666667 0.3442028985507246 0.004166666666666667 0.026570048309178744
0 0.85 0.7258454106280193 0.005555555555555556 0.036231884057971016
0 0.8715277777777778 0.7246376811594203 0.006944444444444444 0.033816425120772944
0 0.8791666666666667 0.7282608695652174 0.008333333333333333 0.03140096618357488
0 0.8409722222222222 0.782608695652174 0.004166666666666667 0.028985507246376812
0 0.8479166666666667 0.7814009661835749 0.006944444444444444 0.036231884057971016
0 0.8541666666666666 0.7958937198067633 0.005555555555555556 0.026570048309178744
0 0.8423611111111111 0.8695652173913043 0.006944444444444444 0.03864734299516908
