0 0.043055555555555555 0.23669724770642203 0.016666666666666666 0.044036697247706424
0 0.06805555555555555 0.2486238532110092 0.025 0.05688073394495413
0 0.10902777777777778 0.22568807339449543 0.018055555555555554 0.05504587155963303
0 0.13055555555555556 0.1963302752293578 0.011111111111111112 0.05137614678899083
0 0.2076388888888889 0.1926605504587156 0.015277777777777777 0.05137614678899083
0 0.24166666666666667 0.28807339449541286 0.016666666666666666 0.044036697247706424
0 0.13402777777777777 0.3798165137614679 0.018055555555555554 0.03669724770642202
0 0.018055555555555554 0.3568807339449541 0.022222222222222223 0.03853211009174312
0 0.1076388888888889 0.5642201834862385 0.018055555555555554 0.031192660550458717
0 0.17916666666666667 0.3073394495412844 0.022222222222222223 0.031192660550458717
0 0.9826388888888888 0.8018348623853211 0.034722222222222224 0.022018348623853212
