0 0.08958333333333333 0.01570048309178744 0.004166666666666667 0.016908212560386472
0 0.09791666666666667 0.012077294685990338 0.004166666666666667 0.014492753623188406
0 0.14444444444444443 0.022946859903381644 0.005555555555555556 0.016908212560386472
0 0.1798611111111111 0.030193236714975844 0.004166666666666667 0.021739130434782608
0 0.2388888888888889 0.013285024154589372 0.002777777777777778 0.016908212560386472
0 0.26180555555555557 0.012077294685990338 0.004166666666666667 0.01932367149758454
0 0.2673611111111111 0.042270531400966184 0.004166666666666667 0.012077294685990338
0 0.16666666666666666 0.08333333333333333 0.005555555555555556 0.021739130434782608
0 0.16041666666666668 0.08816425120772947 0.004166666666666667 0.021739130434782608
0 0.11458333333333333 0.04830917874396135 0.004166666666666667 0.01932367149758454
0 0.11041666666666666 0.049516908212560384 0.006944444444444444 0.016908212560386472
0 0.10833333333333334 0.06884057971014493 0.005555555555555556 0.016908212560386472
0 0.0625 0.13768115942028986 0.005555555555555556 0.01932367149758454
0 0.13680555555555557 0.11352657004830918 0.004166666666666667 0.01932367149758454
0 0.14375 0.1111111111111111 0.004166666666666667 0.01932367149758454
0 0.15416666666666667 0.10628019323671498 0.005555555555555556 0.01932367149758454
0 0.14583333333333334 0.15942028985507245 0.005555555555555556 0.01932367149758454
0 0.11041666666666666 0.18840579710144928 0.004166666666666667 0.01932367149758454
0 0.08958333333333333 0.20772946859903382 0.004166666666666667 0.024154589371980676
0 0.03958333333333333 0.18357487922705315 0.004166666666666667 0.01932367149758454
0 0.034722222222222224 0.178743961352657 0.005555555555555556 0.01932367149758454
0 0.022916666666666665 0.20652173913043478 0.006944444444444444 0.021739130434782608
0 0.017361111111111112 0.2041062801932367 0.004166666666666667 0.021739130434782608
0 0.008333333333333333 0.3248792270531401 0.005555555555555556 0.016908212560386472
0 0.013194444444444444 0.3647342995169082 0.004166666666666667 0.014492753623188406
0 0.021527777777777778 0.33454106280193235 0.004166666666666667 0.016908212560386472
0 0.11458333333333333 0.42995169082125606 0.004166666666666667 0.01932367149758454
0 0.11944444444444445 0.4214975845410628 0.002777777777777778 0.021739130434782608
0 0.12291666666666666 0.4106280193236715 0.004166666666666667 0.01932367149758454
0 0.1326388888888889 0.41304347826086957 0.004166666666666667 0.024154589371980676
0 0.1909722222222222 0.13405797101449277 0.004166666666666667 0.016908212560386472
0 0.21597222222222223 0.2391304347826087 0.004166666666666667 0.01932367149758454
0 0.11666666666666667 0.03260869565217391 0.002777777777777778 0.016908212560386472
0 0.09166666666666666 0.06159420289855073 0.005555555555555556 0.012077294685990338
0 0.09652777777777778 0.0640096618357488 0.004166666666666667 0.021739130434782608
0 0.08541666666666667 0.06521739130434782 0.004166666666666667 0.024154589371980676
0 0.021527777777777778 0.32367149758454106 0.006944444444444444 0.024154589371980676
0 0.22361111111111112 0.22584541062801933 0.005555555555555556 0.012077294685990338
0 0.25069444444444444 0.21980676328502416 0.004166666666666667 0.00966183574879227
0 0.24930555555555556 0.2524154589371981 0.006944444444444444 0.012077294685990338
0 0.25 0.23429951690821257 0.005555555555555556 0.00966183574879227
0 0.25833333333333336 0.17149758454106281 0.005555555555555556 0.014492753623188406
0 0.2625 0.18961352657004832 0.005555555555555556 0.012077294685990338
0 0.13402777777777777 0.8756038647342995 0.006944444444444444 0.026570048309178744
0 0.1486111111111111 0.8466183574879227 0.005555555555555556 0.016908212560386472
0 0.1527777777777778 0.8707729468599034 0.005555555555555556 0.021739130434782608
0 0.3020833333333333 0.9033816425120773 0.004166666666666667 0.01932367149758454
0 0.30694444444444446 0.9082125603864735 0.005555555555555556 0.01932367149758454
0 0.3277777777777778 0.9106280193236715 0.008333333333333333 0.024154589371980676
0 0.35208333333333336 0.9299516908212561 0.009722222222222222 0.01932367149758454
0 0.48055555555555557 0.8997584541062802 0.005555555555555556 0.012077294685990338
0 0.47638888888888886 0.8876811594202898 0.005555555555555556 0.012077294685990338
0 0.5673611111111111 0.8103864734299517 0.006944444444444444 0.021739130434782608
0 0.5618055555555556 0.716183574879227 0.006944444444444444 0.021739130434782608
0 0.46944444444444444 0.7958937198067633 0.008333333333333333 0.026570048309178744
0 0.46041666666666664 0.7958937198067633 0.009722222222222222 0.026570048309178744
0 0.33055555555555555 0.7620772946859904 0.005555555555555556 0.021739130434782608
0 0.3090277777777778 0.7657004830917874 0.006944444444444444 0.01932367149758454
0 0.3055555555555556 0.7451690821256038 0.005555555555555556 0.016908212560386472
0 0.3020833333333333 0.7210144927536232 0.004166666666666667 0.021739130434782608
0 0.32222222222222224 0.7403381642512077 0.008333333333333333 0.021739130434782608
0 0.3236111111111111 0.717391304347826 0.005555555555555556 0.014492753623188406
0 0.2708333333333333 0.7705314009661836 0.005555555555555556 0.028985507246376812
0 0.28680555555555554 0.7741545893719807 0.006944444444444444 0.012077294685990338
0 0.27847222222222223 0.7451690821256038 0.004166666666666667 0.021739130434782608
0 0.28402777777777777 0.7403381642512077 0.006944444444444444 0.021739130434782608
0 0.29444444444444445 0.7596618357487923 0.005555555555555556 0.016908212560386472
0 0.28541666666666665 0.7644927536231884 0.004166666666666667 0.021739130434782608
0 0.37777777777777777 0.42632850241545894 0.005555555555555556 0.016908212560386472
0 0.37222222222222223 0.41545893719806765 0.005555555555555556 0.01932367149758454
0 0.3770833333333333 0.4082125603864734 0.004166666666666667 0.01932367149758454
0 0.5006944444444444 0.30917874396135264 0.004166666666666667 0.01932367149758454
0 0.5090277777777777 0.30917874396135264 0.006944444444444444 0.01932367149758454
0 0.5125 0.30193236714975846 0.002777777777777778 0.01932367149758454
0 0.34791666666666665 0.3997584541062802 0.004166666666666667 0.016908212560386472
0 0.3402777777777778 0.4082125603864734 0.005555555555555556 0.014492753623188406
0 0.34097222222222223 0.3888888888888889 0.004166666666666667 0.01932367149758454
0 0.33402777777777776 0.38768115942028986 0.004166666666666667 0.016908212560386472
0 0.28888888888888886 0.43478260869565216 0.005555555555555556 0.01932367149758454
0 0.29930555555555555 0.4444444444444444 0.006944444444444444 0.01932367149758454
0 0.3076388888888889 0.4528985507246377 0.004166666666666667 0.016908212560386472
0 0.34305555555555556 0.3115942028985507 0.005555555555555556 0.01932367149758454
0 0.33055555555555555 0.2753623188405797 0.005555555555555556 0.01932367149758454
0 0.32222222222222224 0.24879227053140096 0.005555555555555556 0.014492753623188406
0 0.3486111111111111 0.3140096618357488 0.002777777777777778 0.014492753623188406
0 0.3548611111111111 0.31521739130434784 0.006944444444444444 0.021739130434782608
0 0.4388888888888889 0.016908212560386472 0.005555555555555556 0.00966183574879227
