0 0.3701388888888889 0.5265700483091788 0.0125 0.04830917874396135
0 0.42430555555555555 0.7367149758454107 0.009722222222222222 0.03864734299516908
0 0.3701388888888889 0.6473429951690821 0.009722222222222222 0.028985507246376812
0 0.48125 0.6364734299516909 0.015277777777777777 0.04589371980676329
0 0.5131944444444444 0.9879227053140096 0.015277777777777777 0.03864734299516908
0 0.3416666666666667 0.30917874396135264 0.005555555555555556 0.03864734299516908
0 0.3347222222222222 0.30917874396135264 0.011111111111111112 0.03864734299516908
0 0.3104166666666667 0.30676328502415456 0.004166666666666667 0.033816425120772944
0 0.3729166666666667 0.34541062801932365 0.009722222222222222 0.024154589371980676
0 0.3645833333333333 0.3611111111111111 0.0125 0.04106280193236715
