0 0.6215277777777778 0.03577981651376147 0.009722222222222222 0.031192660550458717
0 0.6486111111111111 0.20275229357798166 0.013888888888888888 0.04220183486238532
0 0.5583333333333333 0.18256880733944955 0.008333333333333333 0.03486238532110092
0 0.5388888888888889 0.18623853211009175 0.013888888888888888 0.04954128440366973
0 0.54375 0.41284403669724773 0.0125 0.04036697247706422
0 0.5597222222222222 0.42293577981651376 0.013888888888888888 0.045871559633027525
0 0.50625 0.25871559633027524 0.009722222222222222 0.03302752293577982
0 0.4215277777777778 0.3403669724770642 0.009722222222222222 0.027522935779816515
0 0.3625 0.4779816513761468 0.019444444444444445 0.04220183486238532
0 0.46944444444444444 0.6357798165137615 0.022222222222222223 0.07155963302752294
