0 0.51042 0.15963 0.00694 0.02202
0 0.51528 0.1578 0.00833 0.02202
0 0.56042 0.14037 0.00972 0.02385
0 0.57014 0.13853 0.00972 0.02385
0 0.57778 0.13945 0.00833 0.02569
0 0.58333 0.13578 0.00833 0.02569
0 0.59236 0.13028 0.00972 0.02569
0 0.58264 0.11835 0.00694 0.02752
0 0.57639 0.1211 0.00833 0.02569
0 0.55903 0.11101 0.00972 0.02385
0 0.53889 0.11101 0.00556 0.02018
0 0.54653 0.11101 0.00694 0.02385
0 0.52708 0.0945 0.00694 0.02385
0 0.53611 0.09266 0.00833 0.02385
0 0.52431 0.07248 0.00694 0.02385
0 0.51667 0.07156 0.00833 0.02569
0 0.5 0.05138 0.00556 0.02202
0 0.50556 0.05872 0.00833 0.02202
0 0.51389 0.05688 0.00833 0.02202
0 0.30347 0.18716 0.00972 0.02936
0 0.32292 0.18349 0.00694 0.02936
