0 0.02847222222222222 0.18357487922705315 0.009722222222222222 0.043478260869565216
0 0.025 0.11231884057971014 0.011111111111111112 0.06038647342995169
0 0.011111111111111112 0.021739130434782608 0.013888888888888888 0.043478260869565216
0 0.043055555555555555 0.01932367149758454 0.011111111111111112 0.03864734299516908
0 0.059027777777777776 0.016908212560386472 0.009722222222222222 0.033816425120772944
0 0.03125 0.024154589371980676 0.009722222222222222 0.03864734299516908
0 0.6604166666666667 0.08333333333333333 0.018055555555555554 0.05555555555555555
0 0.6763888888888889 0.04106280193236715 0.013888888888888888 0.04830917874396135
0 0.45694444444444443 0.016908212560386472 0.016666666666666666 0.033816425120772944
0 0.47152777777777777 0.01932367149758454 0.015277777777777777 0.03864734299516908
0 0.49583333333333335 0.016908212560386472 0.013888888888888888 0.033816425120772944
0 0.5111111111111111 0.022946859903381644 0.019444444444444445 0.04589371980676329
0 0.5201388888888889 0.020531400966183576 0.015277777777777777 0.04106280193236715
0 0.5763888888888888 0.030193236714975844 0.019444444444444445 0.05555555555555555
0 0.6208333333333333 0.014492753623188406 0.016666666666666666 0.028985507246376812
