0 0.15625 0.0981651376146789 0.009722222222222222 0.023853211009174313
0 0.11944444444444445 0.10275229357798166 0.011111111111111112 0.025688073394495414
0 0.02013888888888889 0.07247706422018349 0.015277777777777777 0.023853211009174313
0 0.08333333333333333 0.1761467889908257 0.011111111111111112 0.025688073394495414
0 0.11736111111111111 0.21376146788990827 0.0125 0.023853211009174313
0 0.20972222222222223 0.3944954128440367 0.019444444444444445 0.03302752293577982
0 0.20972222222222223 0.3834862385321101 0.016666666666666666 0.025688073394495414
0 0.16111111111111112 0.6853211009174311 0.019444444444444445 0.03486238532110092
0 0.12708333333333333 0.6467889908256881 0.020833333333333332 0.031192660550458717
0 0.0763888888888889 0.6834862385321101 0.016666666666666666 0.02018348623853211
0 0.0763888888888889 0.6678899082568808 0.019444444444444445 0.025688073394495414
