0 0.45625 0.98257 0.04306 0.06055
0 0.46181 0.94404 0.04306 0.05321
0 0.46875 0.92661 0.04306 0.05138
0 0.54931 0.91009 0.02917 0.05138
0 0.40486 0.64862 0.02917 0.05688
0 0.36111 0.66055 0.03056 0.05138
0 0.01667 0.88349 0.03333 0.04587
0 0.2875 0.34587 0.03056 0.05688
0 0.30069 0.3422 0.02917 0.06055
0 0.26181 0.27798 0.02917 0.06422
0 0.2625 0.2211 0.02778 0.05321
0 0.27917 0.21835 0.02778 0.05872
0 0.21111 0.15505 0.02778 0.05321
0 0.22292 0.15046 0.03194 0.06239
0 0.23056 0.14495 0.03056 0.06239
0 0.54028 0.08349 0.02778 0.05688
0 0.54861 0.06789 0.02222 0.05505
0 0.71319 0.14954 0.02361 0.05688
0 0.71042 0.14128 0.02083 0.05505
0 0.95208 0.12477 0.01806 0.04404
