0 0.75278 0.86239 0.03333 0.0367
0 0.88056 0.74771 0.025 0.04587
0 0.79306 0.6945 0.02778 0.03853
0 0.82014 0.58624 0.02361 0.0422
0 0.91181 0.60459 0.02639 0.03853
0 0.83819 0.6789 0.02361 0.04404
0 0.97917 0.75963 0.03333 0.0367
0 0.96042 0.72661 0.03194 0.06239
0 0.60903 0.52385 0.02639 0.06789
0 0.45417 0.32385 0.01944 0.03853
0 0.39306 0.16789 0.01667 0.03853
0 0.35556 0.22569 0.03056 0.03303
0 0.31528 0.22661 0.02778 0.03119
0 0.32222 0.18532 0.02222 0.02936
0 0.30972 0.18349 0.01667 0.03303
