0 0.175 0.41100917431192663 0.025 0.05871559633027523
0 0.20555555555555555 0.5394495412844037 0.025 0.05504587155963303
0 0.22916666666666666 0.5275229357798165 0.022222222222222223 0.05321100917431193
0 0.4888888888888889 0.653211009174312 0.030555555555555555 0.047706422018348627
0 0.5736111111111111 0.7981651376146789 0.03611111111111111 0.044036697247706424
0 0.35 0.5165137614678899 0.019444444444444445 0.05688073394495413
0 0.1701388888888889 0.24128440366972478 0.018055555555555554 0.045871559633027525
0 0.5381944444444444 0.8935779816513761 0.03194444444444444 0.047706422018348627
0 0.625 0.7311926605504587 0.03611111111111111 0.04220183486238532
0 0.4215277777777778 0.463302752293578 0.029166666666666667 0.060550458715596334
0 0.6902777777777778 0.05779816513761468 0.044444444444444446 0.07889908256880734
0 0.7256944444444444 0.03394495412844037 0.034722222222222224 0.06788990825688074
0 0.6 0.634862385321101 0.03333333333333333 0.05504587155963303
