0 0.4527777777777778 0.653211009174312 0.019444444444444445 0.07339449541284404
0 0.021527777777777778 0.25688073394495414 0.0125 0.03302752293577982
0 0.013194444444444444 0.25779816513761467 0.009722222222222222 0.031192660550458717
0 0.005555555555555556 0.25229357798165136 0.011111111111111112 0.031192660550458717
0 0.009027777777777777 0.25229357798165136 0.009722222222222222 0.03486238532110092
0 0.5006944444444444 0.6165137614678899 0.020833333333333332 0.05504587155963303
0 0.5131944444444444 0.6110091743119266 0.015277777777777777 0.05137614678899083
0 0.5381944444444444 0.6623853211009174 0.02638888888888889 0.07339449541284404
0 0.23541666666666666 0.3614678899082569 0.018055555555555554 0.044036697247706424
0 0.2222222222222222 0.363302752293578 0.011111111111111112 0.044036697247706424
