0 0.5965277777777778 0.8495412844036697 0.0125 0.014678899082568808
0 0.6131944444444445 0.8587155963302753 0.015277777777777777 0.014678899082568808
0 0.81875 0.6027522935779817 0.009722222222222222 0.01651376146788991
0 0.7409722222222223 0.0853211009174312 0.015277777777777777 0.01651376146788991
0 0.7138888888888889 0.1706422018348624 0.011111111111111112 0.022018348623853212
0 0.6847222222222222 0.0908256880733945 0.011111111111111112 0.023853211009174313
0 0.6798611111111111 0.12201834862385322 0.009722222222222222 0.023853211009174313
0 0.6986111111111111 0.6935779816513762 0.013888888888888888 0.014678899082568808
0 0.7222222222222222 0.6357798165137615 0.011111111111111112 0.02018348623853211
0 0.45694444444444443 0.45688073394495415 0.016666666666666666 0.025688073394495414
0 0.08958333333333333 0.48807339449541287 0.015277777777777777 0.025688073394495414
