0 0.5868055555555556 0.3357487922705314 0.018055555555555554 0.04830917874396135
0 0.8506944444444444 0.07004830917874397 0.006944444444444444 0.033816425120772944
0 0.8576388888888888 0.05676328502415459 0.006944444444444444 0.03140096618357488
0 0.8763888888888889 0.14251207729468598 0.008333333333333333 0.03864734299516908
0 0.8875 0.1292270531400966 0.008333333333333333 0.03140096618357488
0 0.85 0.035024154589371984 0.005555555555555556 0.026570048309178744
0 0.8444444444444444 0.03260869565217391 0.008333333333333333 0.021739130434782608
0 0.8423611111111111 0.05434782608695652 0.009722222222222222 0.03140096618357488
0 0.7569444444444444 0.0821256038647343 0.008333333333333333 0.03864734299516908
0 0.9291666666666667 0.34903381642512077 0.008333333333333333 0.04589371980676329
0 0.9493055555555555 0.32004830917874394 0.0125 0.04106280193236715
0 0.9493055555555555 0.24879227053140096 0.006944444444444444 0.043478260869565216
0 0.9256944444444445 0.21618357487922704 0.006944444444444444 0.04106280193236715
0 0.9 0.19202898550724637 0.008333333333333333 0.03140096618357488
0 0.9173611111111111 0.15338164251207728 0.0125 0.04589371980676329
0 0.9291666666666667 0.16666666666666666 0.011111111111111112 0.028985507246376812
0 0.9368055555555556 0.213768115942029 0.009722222222222222 0.03140096618357488
0 0.9611111111111111 0.22946859903381642 0.011111111111111112 0.033816425120772944
0 0.9791666666666666 0.23067632850241546 0.011111111111111112 0.04106280193236715
0 0.9652777777777778 0.18478260869565216 0.008333333333333333 0.036231884057971016
0 0.8819444444444444 0.33454106280193235 0.011111111111111112 0.021739130434782608
0 0.85625 0.30676328502415456 0.009722222222222222 0.028985507246376812
0 0.9277777777777778 0.31521739130434784 0.008333333333333333 0.036231884057971016
0 0.9465277777777777 0.18478260869565216 0.009722222222222222 0.03140096618357488
0 0.9493055555555555 0.21256038647342995 0.006944444444444444 0.033816425120772944
0 0.9743055555555555 0.1751207729468599 0.006944444444444444 0.03140096618357488
0 0.9847222222222223 0.20652173913043478 0.011111111111111112 0.04106280193236715
0 0.8951388888888889 0.17028985507246377 0.006944444444444444 0.021739130434782608
0 0.8979166666666667 0.15338164251207728 0.009722222222222222 0.03140096618357488
0 0.9055555555555556 0.15217391304347827 0.008333333333333333 0.03864734299516908
0 0.525 0.8599033816425121 0.022222222222222223 0.024154589371980676
