0 0.1527777777777778 0.5591787439613527 0.022222222222222223 0.06521739130434782
0 0.8520833333333333 0.4746376811594203 0.020833333333333332 0.06038647342995169
0 0.8826388888888889 0.03743961352657005 0.020833333333333332 0.06038647342995169
0 0.8048611111111111 0.4758454106280193 0.0125 0.04830917874396135
0 0.7909722222222222 0.47342995169082125 0.020833333333333332 0.057971014492753624
0 0.8291666666666667 0.4323671497584541 0.019444444444444445 0.06280193236714976
0 0.8402777777777778 0.43478260869565216 0.016666666666666666 0.05314009661835749
0 0.8354166666666667 0.3103864734299517 0.018055555555555554 0.06038647342995169
0 0.8236111111111111 0.3055555555555556 0.019444444444444445 0.05555555555555555
0 0.8381944444444445 0.2560386473429952 0.015277777777777777 0.04830917874396135
0 0.8277777777777777 0.25120772946859904 0.019444444444444445 0.03864734299516908
