0 0.5402777777777777 0.9880733944954129 0.005555555555555556 0.012844036697247707
0 0.5444444444444444 0.9899082568807339 0.005555555555555556 0.01651376146788991
0 0.5479166666666667 0.9908256880733946 0.006944444444444444 0.014678899082568808
0 0.55625 0.9825688073394495 0.004166666666666667 0.012844036697247707
0 0.5604166666666667 0.9825688073394495 0.004166666666666667 0.012844036697247707
0 0.55625 0.9614678899082569 0.004166666666666667 0.014678899082568808
0 0.5611111111111111 0.9596330275229358 0.005555555555555556 0.014678899082568808
0 0.5659722222222222 0.9605504587155963 0.004166666666666667 0.01651376146788991
0 0.5673611111111111 0.936697247706422 0.004166666666666667 0.01651376146788991
0 0.5729166666666666 0.936697247706422 0.006944444444444444 0.01651376146788991
0 0.5631944444444444 0.9944954128440368 0.004166666666666667 0.014678899082568808
0 0.5895833333333333 0.5844036697247706 0.004166666666666667 0.012844036697247707
0 0.6090277777777777 0.5082568807339449 0.004166666666666667 0.011009174311926606
0 0.6013888888888889 0.5394495412844037 0.005555555555555556 0.007339449541284404
0 0.5930555555555556 0.5825688073394495 0.005555555555555556 0.012844036697247707
0 0.5972222222222222 0.5834862385321101 0.005555555555555556 0.011009174311926606
0 0.6006944444444444 0.5844036697247706 0.004166666666666667 0.009174311926605505
0 0.5965277777777778 0.6302752293577981 0.004166666666666667 0.012844036697247707
0 0.6006944444444444 0.6293577981651376 0.004166666666666667 0.011009174311926606
0 0.5909722222222222 0.6541284403669725 0.004166666666666667 0.012844036697247707
0 0.5965277777777778 0.6541284403669725 0.006944444444444444 0.012844036697247707
0 0.5791666666666667 0.689908256880734 0.005555555555555556 0.011009174311926606
0 0.5868055555555556 0.6844036697247706 0.004166666666666667 0.011009174311926606
0 0.5743055555555555 0.7036697247706422 0.004166666666666667 0.012844036697247707
0 0.5791666666666667 0.7018348623853211 0.005555555555555556 0.012844036697247707
0 0.5847222222222223 0.7 0.005555555555555556 0.012844036697247707
