0 0.09375 0.07889908256880734 0.006944444444444444 0.011009174311926606
0 0.2791666666666667 0.12935779816513762 0.005555555555555556 0.005504587155963303
0 0.30416666666666664 0.13027522935779817 0.002777777777777778 0.011009174311926606
0 0.3541666666666667 0.2743119266055046 0.005555555555555556 0.012844036697247707
0 0.5034722222222222 0.3440366972477064 0.006944444444444444 0.01651376146788991
0 0.49930555555555556 0.38440366972477064 0.006944444444444444 0.02018348623853211
0 0.04583333333333333 0.7394495412844037 0.011111111111111112 0.022018348623853212
0 0.7604166666666666 0.47339449541284406 0.006944444444444444 0.014678899082568808
0 0.7222222222222222 0.48073394495412847 0.008333333333333333 0.011009174311926606
0 0.7763888888888889 0.4541284403669725 0.005555555555555556 0.02018348623853211
0 0.7833333333333333 0.5192660550458715 0.005555555555555556 0.011009174311926606
0 0.7868055555555555 0.4917431192660551 0.006944444444444444 0.014678899082568808
0 0.5090277777777777 0.7394495412844037 0.009722222222222222 0.029357798165137616
0 0.8326388888888889 0.6651376146788991 0.009722222222222222 0.012844036697247707
0 0.19652777777777777 0.9715596330275229 0.0125 0.01651376146788991
