0 0.1625 0.10458715596330276 0.005555555555555556 0.025688073394495414
0 0.1451388888888889 0.13027522935779817 0.006944444444444444 0.03302752293577982
0 0.1798611111111111 0.13853211009174313 0.006944444444444444 0.03853211009174312
0 0.15555555555555556 0.3229357798165138 0.005555555555555556 0.022018348623853212
0 0.18125 0.42568807339449544 0.006944444444444444 0.029357798165137616
0 0.15416666666666667 0.6165137614678899 0.011111111111111112 0.04036697247706422
0 0.13958333333333334 0.6541284403669725 0.0125 0.03853211009174312
0 0.11666666666666667 0.6513761467889908 0.011111111111111112 0.044036697247706424
0 0.11527777777777778 0.6412844036697247 0.005555555555555556 0.023853211009174313
0 0.22916666666666666 0.5201834862385321 0.008333333333333333 0.031192660550458717
0 0.21736111111111112 0.15321100917431194 0.004166666666666667 0.023853211009174313
0 0.2013888888888889 0.28440366972477066 0.008333333333333333 0.03302752293577982
0 0.2125 0.29174311926605506 0.008333333333333333 0.025688073394495414
0 0.19375 0.3137614678899083 0.006944444444444444 0.022018348623853212
0 0.24097222222222223 0.3247706422018349 0.006944444444444444 0.029357798165137616
0 0.22916666666666666 0.3284403669724771 0.008333333333333333 0.029357798165137616
0 0.23333333333333334 0.38440366972477064 0.008333333333333333 0.031192660550458717
0 0.225 0.38440366972477064 0.008333333333333333 0.027522935779816515
0 0.4131944444444444 0.8137614678899082 0.015277777777777777 0.03486238532110092
0 0.6465277777777778 0.3412844036697248 0.006944444444444444 0.029357798165137616
0 0.6152777777777778 0.5605504587155963 0.013888888888888888 0.023853211009174313
0 0.825 0.6587155963302752 0.008333333333333333 0.03669724770642202
0 0.8111111111111111 0.6779816513761467 0.008333333333333333 0.03486238532110092
0 0.7888888888888889 0.28256880733944956 0.011111111111111112 0.047706422018348627
0 0.7888888888888889 0.17339449541284405 0.011111111111111112 0.023853211009174313
0 0.8145833333333333 0.1798165137614679 0.006944444444444444 0.022018348623853212
0 0.8034722222222223 0.08990825688073395 0.006944444444444444 0.029357798165137616
0 0.7631944444444444 0.11284403669724771 0.006944444444444444 0.023853211009174313
0 0.9284722222222223 0.22568807339449543 0.009722222222222222 0.029357798165137616
0 0.9409722222222222 0.22660550458715598 0.006944444444444444 0.027522935779816515
0 0.9659722222222222 0.23302752293577983 0.009722222222222222 0.029357798165137616
0 0.9847222222222223 0.23577981651376148 0.005555555555555556 0.027522935779816515
0 0.8590277777777777 0.1981651376146789 0.0125 0.03669724770642202
0 0.8208333333333333 0.07431192660550459 0.008333333333333333 0.027522935779816515
0 0.6652777777777777 0.010091743119266056 0.008333333333333333 0.02018348623853211
0 0.6777777777777778 0.009174311926605505 0.008333333333333333 0.01834862385321101
0 0.7006944444444444 0.09908256880733946 0.009722222222222222 0.03302752293577982
