0 0.49722222222222223 0.043478260869565216 0.013888888888888888 0.057971014492753624
0 0.5138888888888888 0.049516908212560384 0.016666666666666666 0.05555555555555555
0 0.5236111111111111 0.016908212560386472 0.013888888888888888 0.033816425120772944
0 0.5319444444444444 0.04589371980676329 0.013888888888888888 0.057971014492753624
0 0.5506944444444445 0.05676328502415459 0.0125 0.04106280193236715
0 0.5625 0.03140096618357488 0.019444444444444445 0.06280193236714976
0 0.5625 0.01570048309178744 0.013888888888888888 0.03140096618357488
0 0.5895833333333333 0.10990338164251208 0.0125 0.04589371980676329
0 0.6173611111111111 0.40942028985507245 0.015277777777777777 0.05555555555555555
0 0.6020833333333333 0.37318840579710144 0.0125 0.04106280193236715
0 0.6194444444444445 0.36594202898550726 0.013888888888888888 0.050724637681159424
0 0.6291666666666667 0.3997584541062802 0.008333333333333333 0.036231884057971016
0 0.6194444444444445 0.3671497584541063 0.013888888888888888 0.05314009661835749
0 0.6361111111111111 0.3864734299516908 0.011111111111111112 0.05314009661835749
0 0.7097222222222223 0.44323671497584544 0.013888888888888888 0.04589371980676329
0 0.6520833333333333 0.6123188405797102 0.018055555555555554 0.050724637681159424
0 0.75 0.7910628019323671 0.011111111111111112 0.050724637681159424
