0 0.09444444444444444 0.6 0.019444444444444445 0.05871559633027523
0 0.15416666666666667 0.6045871559633027 0.019444444444444445 0.05688073394495413
0 0.28958333333333336 0.5798165137614679 0.018055555555555554 0.05871559633027523
0 0.4736111111111111 0.555045871559633 0.019444444444444445 0.05321100917431193
0 0.5159722222222223 0.5651376146788991 0.018055555555555554 0.044036697247706424
0 0.5638888888888889 0.5522935779816514 0.013888888888888888 0.05137614678899083
0 0.6854166666666667 0.5532110091743119 0.015277777777777777 0.05321100917431193
0 0.5006944444444444 0.563302752293578 0.015277777777777777 0.044036697247706424
0 0.6479166666666667 0.5412844036697247 0.0125 0.03669724770642202
0 0.7597222222222222 0.5045871559633027 0.011111111111111112 0.029357798165137616
0 0.8236111111111111 0.6412844036697247 0.019444444444444445 0.04220183486238532
0 0.9763888888888889 0.5467889908256881 0.013888888888888888 0.03669724770642202
0 0.10069444444444445 0.5825688073394495 0.015277777777777777 0.03853211009174312
