0 0.1701388888888889 0.6467889908256881 0.02361111111111111 0.07155963302752294
0 0.9541666666666667 0.0889908256880734 0.008333333333333333 0.04220183486238532
0 0.9875 0.3321100917431193 0.011111111111111112 0.044036697247706424
0 0.9694444444444444 0.3541284403669725 0.011111111111111112 0.04036697247706422
0 0.9131944444444444 0.4091743119266055 0.009722222222222222 0.04036697247706422
0 0.9395833333333333 0.39724770642201834 0.009722222222222222 0.04220183486238532
0 0.9291666666666667 0.40458715596330275 0.011111111111111112 0.05321100917431193
0 0.9236111111111112 0.05596330275229358 0.005555555555555556 0.023853211009174313
0 0.93125 0.05504587155963303 0.006944444444444444 0.025688073394495414
0 0.9458333333333333 0.08073394495412844 0.005555555555555556 0.025688073394495414
0 0.6923611111111111 0.14954128440366973 0.009722222222222222 0.031192660550458717
0 0.7395833333333334 0.39541284403669724 0.015277777777777777 0.031192660550458717
