0 0.04513888888888889 0.8431192660550458 0.006944444444444444 0.009174311926605505
0 0.052083333333333336 0.9807339449541285 0.006944444444444444 0.012844036697247707
0 0.06388888888888888 0.9825688073394495 0.008333333333333333 0.012844036697247707
0 0.6583333333333333 0.6055045871559633 0.011111111111111112 0.025688073394495414
0 0.6111111111111112 0.5137614678899083 0.013888888888888888 0.022018348623853212
0 0.5333333333333333 0.4577981651376147 0.005555555555555556 0.012844036697247707
0 0.5319444444444444 0.45871559633027525 0.005555555555555556 0.011009174311926606
0 0.4340277777777778 0.44770642201834865 0.006944444444444444 0.011009174311926606
0 0.3034722222222222 0.5605504587155963 0.006944444444444444 0.012844036697247707
0 0.3423611111111111 0.7229357798165138 0.009722222222222222 0.014678899082568808
0 0.3451388888888889 0.7211009174311926 0.006944444444444444 0.014678899082568808
0 0.29583333333333334 0.728440366972477 0.005555555555555556 0.007339449541284404
