0 0.5166666666666667 0.44220183486238535 0.022222222222222223 0.05504587155963303
0 0.6861111111111111 0.42935779816513764 0.022222222222222223 0.05504587155963303
0 0.55625 0.43486238532110094 0.029166666666666667 0.05137614678899083
0 0.7326388888888888 0.5669724770642202 0.02638888888888889 0.05137614678899083
0 0.8423611111111111 0.46238532110091746 0.02361111111111111 0.05504587155963303
0 0.8861111111111111 0.3559633027522936 0.019444444444444445 0.047706422018348627
0 0.7972222222222223 0.4055045871559633 0.025 0.04036697247706422
0 0.7326388888888888 0.28256880733944956 0.020833333333333332 0.047706422018348627
0 0.7604166666666666 0.2853211009174312 0.015277777777777777 0.031192660550458717
0 0.7576388888888889 0.281651376146789 0.020833333333333332 0.03486238532110092
0 0.9423611111111111 0.318348623853211 0.018055555555555554 0.03853211009174312
0 0.9416666666666667 0.2963302752293578 0.013888888888888888 0.027522935779816515
0 0.9402777777777778 0.3018348623853211 0.016666666666666666 0.03486238532110092
0 0.9027777777777778 0.26146788990825687 0.027777777777777776 0.03853211009174312
0 0.9020833333333333 0.25321100917431194 0.018055555555555554 0.03302752293577982
0 0.9402777777777778 0.23302752293577983 0.019444444444444445 0.04036697247706422
0 0.8715277777777778 0.24311926605504589 0.020833333333333332 0.045871559633027525
0 0.8652777777777778 0.19724770642201836 0.022222222222222223 0.03853211009174312
0 0.8541666666666666 0.14128440366972478 0.019444444444444445 0.029357798165137616
0 0.8027777777777778 0.12844036697247707 0.019444444444444445 0.03669724770642202
0 0.8284722222222223 0.11467889908256881 0.020833333333333332 0.03853211009174312
0 0.79375 0.07706422018348624 0.018055555555555554 0.04036697247706422
0 0.8145833333333333 0.09724770642201835 0.0125 0.029357798165137616
0 0.8152777777777778 0.0963302752293578 0.019444444444444445 0.04220183486238532
0 0.8194444444444444 0.0926605504587156 0.013888888888888888 0.03486238532110092
0 0.7784722222222222 0.01743119266055046 0.015277777777777777 0.03486238532110092
