0 0.05 0.6606280193236715 0.011111111111111112 0.050724637681159424
0 0.3715277777777778 0.08454106280193237 0.009722222222222222 0.033816425120772944
0 0.33611111111111114 0.2028985507246377 0.008333333333333333 0.028985507246376812
0 0.3263888888888889 0.19685990338164253 0.005555555555555556 0.021739130434782608
0 0.3993055555555556 0.3719806763285024 0.006944444444444444 0.033816425120772944
0 0.3909722222222222 0.36835748792270534 0.006944444444444444 0.026570048309178744
0 0.45625 0.4190821256038647 0.006944444444444444 0.03140096618357488
0 0.4625 0.4214975845410628 0.005555555555555556 0.036231884057971016
0 0.48055555555555557 0.42391304347826086 0.005555555555555556 0.03140096618357488
0 0.46944444444444444 0.427536231884058 0.005555555555555556 0.024154589371980676
0 0.6895833333333333 0.538647342995169 0.006944444444444444 0.033816425120772944
