0 0.7694444444444445 0.7706422018348624 0.04722222222222222 0.05504587155963303
0 0.6527777777777778 0.8697247706422019 0.03611111111111111 0.05871559633027523
0 0.4083333333333333 0.9798165137614679 0.03611111111111111 0.04036697247706422
0 0.39444444444444443 0.8412844036697248 0.027777777777777776 0.06422018348623854
0 0.37777777777777777 0.8458715596330275 0.030555555555555555 0.06605504587155964
0 0.16527777777777777 0.7256880733944954 0.030555555555555555 0.04954128440366973
0 0.1701388888888889 0.7119266055045872 0.02361111111111111 0.047706422018348627
0 0.19166666666666668 0.6522935779816513 0.03333333333333333 0.04220183486238532
0 0.13194444444444445 0.6752293577981652 0.019444444444444445 0.05504587155963303
0 0.13680555555555557 0.6541284403669725 0.018055555555555554 0.05688073394495413
0 0.07847222222222222 0.6724770642201835 0.020833333333333332 0.045871559633027525
0 0.029861111111111113 0.6128440366972477 0.03194444444444444 0.05504587155963303
