0 0.8041666666666667 0.9788990825688073 0.025 0.06422018348623854
0 0.7895833333333333 0.9798165137614679 0.015277777777777777 0.062385321100917435
0 0.84375 0.8091743119266055 0.018055555555555554 0.05871559633027523
0 0.8680555555555556 0.8018348623853211 0.019444444444444445 0.05871559633027523
0 0.8840277777777777 0.8073394495412844 0.015277777777777777 0.062385321100917435
0 0.9138888888888889 0.7669724770642202 0.016666666666666666 0.05504587155963303
0 0.9284722222222223 0.6871559633027523 0.0125 0.04954128440366973
0 0.9388888888888889 0.6926605504587156 0.011111111111111112 0.05321100917431193
0 0.9506944444444444 0.6935779816513762 0.015277777777777777 0.047706422018348627
0 0.5847222222222223 0.636697247706422 0.022222222222222223 0.04036697247706422
0 0.33402777777777776 0.8009174311926606 0.03194444444444444 0.06788990825688074
