0 0.8083333333333333 0.9879227053140096 0.005555555555555556 0.01932367149758454
0 0.6479166666666667 0.7258454106280193 0.006944444444444444 0.021739130434782608
0 0.6208333333333333 0.6678743961352657 0.005555555555555556 0.016908212560386472
0 0.5895833333333333 0.6727053140096618 0.006944444444444444 0.016908212560386472
0 0.5902777777777778 0.7560386473429952 0.005555555555555556 0.024154589371980676
0 0.5784722222222223 0.7524154589371981 0.009722222222222222 0.026570048309178744
0 0.6263888888888889 0.6992753623188406 0.005555555555555556 0.016908212560386472
0 0.625 0.7463768115942029 0.005555555555555556 0.024154589371980676
0 0.6027777777777777 0.7270531400966184 0.005555555555555556 0.01932367149758454
0 0.6284722222222222 0.714975845410628 0.006944444444444444 0.024154589371980676
0 0.8083333333333333 0.5591787439613527 0.005555555555555556 0.026570048309178744
0 0.7576388888888889 0.1823671497584541 0.004166666666666667 0.012077294685990338
