0 0.034027777777777775 0.6009174311926605 0.06805555555555555 0.10458715596330276
0 0.5180555555555556 0.45688073394495415 0.04722222222222222 0.11376146788990826
0 0.5881944444444445 0.41192660550458715 0.05138888888888889 0.09357798165137615
0 0.7791666666666667 0.5073394495412844 0.05277777777777778 0.08623853211009175
0 0.7861111111111111 0.544954128440367 0.06666666666666667 0.09908256880733946
0 0.6965277777777777 0.555045871559633 0.06527777777777778 0.08256880733944955
0 0.6263888888888889 0.5587155963302752 0.06111111111111111 0.11192660550458716
0 0.8201388888888889 0.7238532110091743 0.07361111111111111 0.07889908256880734
0 0.5118055555555555 0.8825688073394495 0.05416666666666667 0.06972477064220184
0 0.7291666666666666 0.9587155963302753 0.09166666666666666 0.10458715596330276
0 0.5583333333333333 0.7669724770642202 0.027777777777777776 0.09541284403669725
