0 0.4625 0.76449 0.01944 0.08937
0 0.51389 0.74638 0.02222 0.08213
0 0.73125 0.68237 0.02639 0.07971
0 0.75278 0.7029 0.02778 0.08696
0 0.30417 0.80676 0.01389 0.04831
0 0.25764 0.78502 0.02361 0.08213
0 0.24167 0.83333 0.01667 0.05314
0 0.83333 0.25725 0.01944 0.07005
0 0.78889 0.29469 0.025 0.06763
0 0.86528 0.25966 0.025 0.06522
0 0.90486 0.2814 0.02361 0.07005
0 0.08333 0.40459 0.01389 0.06039
0 0.05069 0.41063 0.01528 0.06763
0 0.13472 0.04469 0.01389 0.04589
0 0.125 0.03744 0.01111 0.04589
0 0.55694 0.06401 0.01389 0.05556
0 0.54306 0.06159 0.01389 0.04106
0 0.56944 0.16063 0.01111 0.05072
0 0.48403 0.94807 0.01528 0.05556
