0 0.13958333333333334 0.9541284403669725 0.009722222222222222 0.022018348623853212
0 0.24097222222222223 0.8642201834862385 0.009722222222222222 0.025688073394495414
0 0.5034722222222222 0.7981651376146789 0.009722222222222222 0.029357798165137616
0 0.5083333333333333 0.7926605504587156 0.005555555555555556 0.022018348623853212
0 0.41875 0.6577981651376147 0.004166666666666667 0.02018348623853211
0 0.4215277777777778 0.6522935779816513 0.004166666666666667 0.01651376146788991
0 0.4111111111111111 0.6045871559633027 0.005555555555555556 0.01651376146788991
0 0.5041666666666667 0.5412844036697247 0.005555555555555556 0.01834862385321101
0 0.5743055555555555 0.44403669724770645 0.004166666666666667 0.01834862385321101
0 0.6527777777777778 0.344954128440367 0.008333333333333333 0.022018348623853212
0 0.7868055555555555 0.5605504587155963 0.004166666666666667 0.023853211009174313
0 0.7902777777777777 0.5926605504587156 0.005555555555555556 0.01834862385321101
0 0.7069444444444445 0.3412844036697248 0.005555555555555556 0.01834862385321101
0 0.7680555555555556 0.26880733944954127 0.005555555555555556 0.01651376146788991
0 0.9069444444444444 0.09174311926605505 0.005555555555555556 0.014678899082568808
0 0.7506944444444444 0.15321100917431194 0.006944444444444444 0.01651376146788991
