0 0.04861111111111111 0.6972477064220184 0.016666666666666666 0.062385321100917435
0 0.08055555555555556 0.7027522935779816 0.022222222222222223 0.06605504587155964
0 0.05347222222222222 0.6752293577981652 0.0125 0.05137614678899083
0 0.06041666666666667 0.6743119266055045 0.0125 0.05321100917431193
0 0.3854166666666667 0.8926605504587156 0.02638888888888889 0.07522935779816514
0 0.48194444444444445 0.9220183486238532 0.03333333333333333 0.08256880733944955
0 0.4361111111111111 0.9073394495412844 0.027777777777777776 0.08256880733944955
0 0.4479166666666667 0.9 0.02638888888888889 0.07889908256880734
0 0.35625 0.8596330275229358 0.02361111111111111 0.06422018348623854
0 0.3659722222222222 0.8568807339449541 0.018055555555555554 0.05504587155963303
0 0.07569444444444444 0.8110091743119267 0.018055555555555554 0.05871559633027523
0 0.09027777777777778 0.808256880733945 0.022222222222222223 0.060550458715596334
