0 0.3590277777777778 0.5064220183486239 0.018055555555555554 0.04036697247706422
0 0.36875 0.818348623853211 0.018055555555555554 0.04036697247706422
0 0.48541666666666666 0.791743119266055 0.02361111111111111 0.03853211009174312
0 0.3368055555555556 0.9733944954128441 0.018055555555555554 0.027522935779816515
0 0.3548611111111111 0.9889908256880734 0.020833333333333332 0.025688073394495414
0 0.4527777777777778 0.8385321100917431 0.019444444444444445 0.04036697247706422
0 0.4375 0.7587155963302752 0.022222222222222223 0.031192660550458717
0 0.37569444444444444 0.8128440366972477 0.02361111111111111 0.029357798165137616
0 0.4722222222222222 0.7321100917431193 0.025 0.03302752293577982
0 0.4708333333333333 0.6119266055045871 0.022222222222222223 0.027522935779816515
0 0.48819444444444443 0.6513761467889908 0.015277777777777777 0.03302752293577982
0 0.5048611111111111 0.634862385321101 0.020833333333333332 0.025688073394495414
0 0.5104166666666666 0.6596330275229357 0.020833333333333332 0.02018348623853211
0 0.49583333333333335 0.6944954128440367 0.022222222222222223 0.03853211009174312
0 0.5215277777777778 0.6862385321100918 0.02361111111111111 0.03669724770642202
0 0.5166666666666667 0.4743119266055046 0.016666666666666666 0.031192660550458717
0 0.6166666666666667 0.5431192660550459 0.016666666666666666 0.03302752293577982
0 0.6631944444444444 0.5293577981651376 0.020833333333333332 0.03486238532110092
0 0.6798611111111111 0.5504587155963303 0.015277777777777777 0.029357798165137616
0 0.7236111111111111 0.544954128440367 0.019444444444444445 0.04036697247706422
0 0.7416666666666667 0.5853211009174312 0.019444444444444445 0.03302752293577982
0 0.9833333333333333 0.6403669724770642 0.019444444444444445 0.04036697247706422
0 0.31180555555555556 0.41284403669724773 0.018055555555555554 0.03669724770642202
0 0.32430555555555557 0.39174311926605504 0.018055555555555554 0.031192660550458717
0 0.21180555555555555 0.38807339449541284 0.015277777777777777 0.031192660550458717
0 0.17777777777777778 0.3651376146788991 0.013888888888888888 0.03302752293577982
0 0.19722222222222222 0.3467889908256881 0.013888888888888888 0.03302752293577982
0 0.13055555555555556 0.37339449541284403 0.011111111111111112 0.027522935779816515
0 0.5923611111111111 0.23211009174311928 0.015277777777777777 0.031192660550458717
0 0.6680555555555555 0.26972477064220185 0.016666666666666666 0.03669724770642202
0 0.7201388888888889 0.25688073394495414 0.015277777777777777 0.025688073394495414
0 0.7298611111111111 0.25779816513761467 0.015277777777777777 0.03853211009174312
0 0.7631944444444444 0.2853211009174312 0.020833333333333332 0.031192660550458717
0 0.8833333333333333 0.3100917431192661 0.016666666666666666 0.025688073394495414
0 0.9055555555555556 0.3467889908256881 0.016666666666666666 0.03302752293577982
0 0.9486111111111111 0.3623853211009174 0.016666666666666666 0.027522935779816515
0 0.8916666666666667 0.23394495412844038 0.019444444444444445 0.02018348623853211
0 0.8798611111111111 0.22477064220183487 0.015277777777777777 0.027522935779816515
0 0.8611111111111112 0.21192660550458717 0.013888888888888888 0.023853211009174313
0 0.8555555555555555 0.21009174311926607 0.013888888888888888 0.027522935779816515
0 0.8340277777777778 0.19174311926605506 0.018055555555555554 0.027522935779816515
0 0.8638888888888889 0.22752293577981653 0.019444444444444445 0.03302752293577982
0 0.8375 0.02110091743119266 0.013888888888888888 0.027522935779816515
0 0.5166666666666667 0.11467889908256881 0.011111111111111112 0.03486238532110092
0 0.4125 0.03211009174311927 0.008333333333333333 0.027522935779816515
0 0.38055555555555554 0.14770642201834863 0.011111111111111112 0.031192660550458717
0 0.3277777777777778 0.14587155963302753 0.013888888888888888 0.031192660550458717
0 0.27569444444444446 0.13119266055045872 0.0125 0.027522935779816515
0 0.14027777777777778 0.0963302752293578 0.013888888888888888 0.027522935779816515
0 0.1375 0.0798165137614679 0.011111111111111112 0.027522935779816515
0 0.08333333333333333 0.08073394495412844 0.011111111111111112 0.025688073394495414
0 0.08888888888888889 0.081651376146789 0.011111111111111112 0.027522935779816515
0 0.075 0.07247706422018349 0.008333333333333333 0.023853211009174313
0 0.08125 0.07706422018348624 0.0125 0.025688073394495414
0 0.09236111111111112 0.025688073394495414 0.0125 0.03302752293577982
0 0.11805555555555555 0.022935779816513763 0.011111111111111112 0.03486238532110092
0 0.18541666666666667 0.045871559633027525 0.0125 0.029357798165137616
0 0.15833333333333333 0.05321100917431193 0.008333333333333333 0.03302752293577982
0 0.16458333333333333 0.05137614678899083 0.006944444444444444 0.03302752293577982
0 0.17152777777777778 0.05596330275229358 0.009722222222222222 0.01651376146788991
0 0.24513888888888888 0.0908256880733945 0.009722222222222222 0.03486238532110092
0 0.29583333333333334 0.0871559633027523 0.011111111111111112 0.03486238532110092
0 0.2972222222222222 0.11009174311926606 0.011111111111111112 0.029357798165137616
0 0.31805555555555554 0.11100917431192661 0.011111111111111112 0.023853211009174313
0 0.32013888888888886 0.10458715596330276 0.006944444444444444 0.025688073394495414
0 0.33055555555555555 0.09174311926605505 0.013888888888888888 0.022018348623853212
0 0.3368055555555556 0.07614678899082569 0.0125 0.023853211009174313
0 0.011805555555555555 0.25779816513761467 0.015277777777777777 0.045871559633027525
0 0.7402777777777778 0.6853211009174311 0.025 0.03486238532110092
