0 0.018055555555555554 0.9688073394495413 0.03611111111111111 0.12477064220183487
0 0.019444444444444445 0.8605504587155963 0.027777777777777776 0.10642201834862386
0 0.06805555555555555 0.8678899082568807 0.019444444444444445 0.08440366972477065
0 0.09652777777777778 0.8715596330275229 0.020833333333333332 0.08807339449541285
0 0.14722222222222223 0.9073394495412844 0.030555555555555555 0.10825688073394496
0 0.21597222222222223 0.9541284403669725 0.02638888888888889 0.11743119266055047
0 0.32569444444444445 0.9339449541284404 0.029166666666666667 0.12477064220183487
0 0.27291666666666664 0.9036697247706422 0.02638888888888889 0.10825688073394496
0 0.23472222222222222 0.8807339449541285 0.019444444444444445 0.09174311926605505
0 0.19791666666666666 0.8605504587155963 0.020833333333333332 0.09541284403669725
0 0.1486111111111111 0.8495412844036697 0.022222222222222223 0.08440366972477065
0 0.2222222222222222 0.8403669724770643 0.016666666666666666 0.08073394495412844
0 0.30833333333333335 0.8688073394495412 0.022222222222222223 0.09724770642201835
0 0.3645833333333333 0.8944954128440367 0.02638888888888889 0.10091743119266056
0 0.44027777777777777 0.918348623853211 0.027777777777777776 0.10825688073394496
0 0.4986111111111111 0.9009174311926605 0.027777777777777776 0.11376146788990826
0 0.3763888888888889 0.8577981651376146 0.025 0.08990825688073395
0 0.43194444444444446 0.8798165137614679 0.030555555555555555 0.10091743119266056
0 0.14097222222222222 0.763302752293578 0.020833333333333332 0.062385321100917435
0 0.059722222222222225 0.7513761467889908 0.016666666666666666 0.05321100917431193
